gene_id,C1,C2,D1,D2
ENSG00000284662|OR4F16,1,2,0,2
ENSG00000186827|TNFRSF4,9,11,0,0
ENSG00000186891|TNFRSF18,16,22,15,7
ENSG00000160072|ATAD3B,15369,12493,10215,11847
ENSG00000041988|THAP3,2425,2345,1773,2037
ENSG00000142611|PRDM16,49,102,42,59
ENSG00000067606|PRKCZ,8244,7633,6075,7025
ENSG00000131584|ACAP3,4128,3690,2842,3373
ENSG00000169972|PUSL1,4144,3755,2816,3546
ENSG00000157911|PEX10,5423,4556,3204,3946
ENSG00000224051|CPTP,8731,7922,5409,6813
ENSG00000157933|SKI,33152,37768,28772,36429
ENSG00000162591|MEGF6,1246,1271,928,1090
ENSG00000169962|TAS1R3,166,160,99,102
ENSG00000116285|ERRFI1,9163,10839,8197,10481
ENSG00000142655|PEX14,6964,6298,3939,4912
ENSG00000149527|PLCH2,7,13,13,2
ENSG00000007923|DNAJC11,38752,38198,27587,32844
ENSG00000171621|SPSB1,3270,2925,2367,2959
ENSG00000162441|LZIC,14748,15771,10612,13430
ENSG00000187017|ESPN,3173,2778,1813,2398
ENSG00000285629,0,0,0,0
ENSG00000173673|HES3,0,0,0,0
ENSG00000142583|SLC2A5,0,8,10,16
ENSG00000107404|DVL1,17335,15662,11063,13561
ENSG00000177000|MTHFR,13288,14305,9380,12283
ENSG00000069424|KCNAB2,3044,3018,2316,2868
ENSG00000074800|ENO1,447759,427777,271446,339758
ENSG00000116786|PLEKHM2,28130,26357,20090,23790
ENSG00000176022|B3GALT6,13052,11898,7963,10406
ENSG00000162496|DHRS3,1359,1245,655,754
ENSG00000131686|CA6,10,11,0,0
ENSG00000162494|LRRC38,0,0,0,0
ENSG00000173614|NMNAT1,4105,4211,3130,3716
ENSG00000279804|PRAMEF18,0,0,0,0
ENSG00000116273|PHF13,11949,12380,10218,12418
ENSG00000162592|CCDC27,45,54,20,35
ENSG00000116254|CHD5,179,187,174,186
ENSG00000049245|VAMP3,22939,22842,17284,21498
ENSG00000204624|DISP3,34,30,23,37
ENSG00000171603|CLSTN1,85942,89345,64763,81298
ENSG00000142606|MMEL1,20,11,13,18
ENSG00000177674|AGTRAP,7144,6231,4547,5701
ENSG00000162572|SCNN1D,853,632,519,600
ENSG00000171608|PIK3CD,5618,5784,3755,4633
ENSG00000171729|TMEM51,2796,2594,2222,2857
ENSG00000175262|C1orf127,43,46,24,38
ENSG00000162571|TTLL10,0,0,0,0
ENSG00000158109|TPRG1L,11205,11183,7593,9327
ENSG00000037637|FBXO42,3767,3739,2761,3546
ENSG00000184163|C1QTNF12,180,150,99,138
ENSG00000159423|ALDH4A1,504,438,327,365
ENSG00000142599|RERE,62298,68921,43305,54019
ENSG00000011021|CLCN6,4532,4493,3132,3741
ENSG00000215912|TTC34,55,75,74,53
ENSG00000120952|PRAMEF2,0,0,0,0
ENSG00000243073|PRAMEF4,0,0,0,0
ENSG00000142615|CELA2A,0,0,0,0
ENSG00000215704|CELA2B,7,0,0,7
ENSG00000065526|SPEN,31498,43400,30707,37286
ENSG00000175756|AURKAIP1,23158,20306,13838,17167
ENSG00000157916|RER1,42555,39520,28703,35967
ENSG00000157881|PANK4,1973,1953,1454,1907
ENSG00000116213|WRAP73,9365,8816,6233,7686
ENSG00000127463|EMC1,8980,10269,7635,10048
ENSG00000048707|VPS13D,13951,21297,13499,16500
ENSG00000158748|HTR6,79,53,38,47
ENSG00000130762|ARHGEF16,6247,6008,4577,5679
ENSG00000187144|SPATA21,0,0,7,7
ENSG00000162444|RBP7,899,726,722,1017
ENSG00000279169|PRAMEF13,0,0,0,0
ENSG00000180758|GPR157,13834,13700,7601,9828
ENSG00000184677|ZBTB40,5478,6283,4759,5631
ENSG00000270136|MICOS10-NBL1,0,3,0,0
ENSG00000132879|FBXO44,3242,2749,2368,2570
ENSG00000187545|PRAMEF10,0,0,0,0
ENSG00000239810|PRAMEF11,0,0,0,0
ENSG00000116731|PRDM2,16475,22250,15582,19341
ENSG00000116721|PRAMEF1,0,0,0,0
ENSG00000131697|NPHP4,3288,3527,2512,2627
ENSG00000088280|ASAP3,2074,1919,1357,1713
ENSG00000188807|TMEM201,11253,11276,7611,9597
ENSG00000198793|MTOR,39024,46421,33329,40774
ENSG00000078900|TP73,572,519,558,699
ENSG00000142661|MYOM3,65,69,38,36
ENSG00000171819|ANGPTL7,15,16,15,22
ENSG00000197921|HES5,16,29,14,16
ENSG00000116288|PARK7,42545,39516,28054,34805
ENSG00000142677|IL22RA1,536,592,499,593
ENSG00000131910|NR0B2,3,0,0,0
ENSG00000185436|IFNLR1,787,948,754,850
ENSG00000131914|LIN28A,7,8,6,14
ENSG00000232423|PRAMEF6,0,0,0,0
ENSG00000169504|CLIC4,17902,23930,18511,22628
ENSG00000169641|LUZP1,7157,9363,7474,9208
ENSG00000181773|GPR3,71,77,63,113
ENSG00000175707|KDF1,1822,1739,1187,1421
ENSG00000233954|UQCRHL,2982,2821,2007,2430
ENSG00000174950|CD164L2,35,9,8,23
ENSG00000055070|SZRD1,18315,18990,13218,17168
ENSG00000175087|PDIK1L,1062,1199,823,1168
ENSG00000171735|CAMTA1,10480,10149,8155,10184
ENSG00000157191|NECAP2,5114,5222,3693,4307
ENSG00000133226|SRRM1,14400,15458,10845,13868
ENSG00000162482|AKR7A3,85,69,77,99
ENSG00000236782|ZNF593OS,88,81,60,73
ENSG00000215910|C1orf167,7,8,0,7
ENSG00000116663|FBXO6,907,765,579,786
ENSG00000215695|RSC1A1,3,5,5,4
ENSG00000215906|LACTBL1,0,0,0,0
ENSG00000188822|CNR2,0,19,8,0
ENSG00000090273|NUDC,14298,13615,9570,11753
ENSG00000227868|TEX46,14,6,12,1
ENSG00000142751|GPN2,3431,3317,2327,2739
ENSG00000189266|PNRC2,10646,12396,8093,10063
ENSG00000162511|LAPTM5,13,27,15,31
ENSG00000158014|SLC30A2,61,62,34,66
ENSG00000204138|PHACTR4,17292,19250,12325,15520
ENSG00000142675|CNKSR1,2775,2257,1738,2238
ENSG00000197245|FAM110D,5,0,4,22
ENSG00000116237|ICMT,43848,48418,35987,45795
ENSG00000158195|WASF2,22542,23453,15901,19133
ENSG00000130772|MED18,1500,1494,948,1111
ENSG00000204160|ZDHHC18,3984,3992,2899,3607
ENSG00000090020|SLC9A1,4163,4130,3231,3916
ENSG00000157978|LDLRAP1,1823,1545,1258,1633
ENSG00000158246|TENT5B,817,911,704,778
ENSG00000130770|ATP5IF1,3710,3374,2505,3101
ENSG00000117305|HMGCL,2180,2054,1455,1664
ENSG00000162512|SDC3,7371,8035,6687,7447
ENSG00000198746|GPATCH3,1445,1428,994,1158
ENSG00000158006|PAFAH2,2315,2146,1327,1629
ENSG00000188529|SRSF10,16062,19236,13881,16784
ENSG00000142784|WDTC1,4347,4240,3096,3915
ENSG00000117682|DHDDS,3040,3020,1977,2720
ENSG00000175793|SFN,369,376,314,386
ENSG00000126698|DNAJC8,13380,13506,10354,12427
ENSG00000130766|SESN2,949,996,749,1059
ENSG00000168528|SERINC2,2241,1949,1354,1653
ENSG00000196581|AJAP1,0,0,0,0
ENSG00000169403|PTAFR,789,894,661,923
ENSG00000117676|RPS6KA1,2043,2347,1776,2269
ENSG00000198830|HMGN2,38415,38505,26318,33654
ENSG00000084628|NKAIN1,77,67,66,65
ENSG00000060688|SNRNP40,6894,7150,5001,6038
ENSG00000171612|SLC25A33,13271,13348,9107,11610
ENSG00000162458|FBLIM1,7678,7513,6159,7291
ENSG00000188910|GJB3,305,360,280,441
ENSG00000116138|DNAJC16,8160,10056,7471,9187
ENSG00000142765|SYTL1,1577,1300,877,1123
ENSG00000158161|EYA3,4915,5175,3954,4912
ENSG00000142684|ZNF593,1520,1374,876,1148
ENSG00000060642|PIGV,1412,1380,933,1239
ENSG00000121769|FABP3,61,52,79,86
ENSG00000157330|C1orf158,0,0,0,0
ENSG00000162413|KLHL21,4212,4423,4106,4911
ENSG00000142627|EPHA2,41471,42516,29944,36374
ENSG00000142632|ARHGEF19,6134,5806,5033,6318
ENSG00000162490|DRAXIN,139,114,139,186
ENSG00000158292|GPR153,1232,1207,963,1194
ENSG00000142733|MAP3K6,1220,1237,1107,1396
ENSG00000189337|KAZN,12260,13007,9266,11458
ENSG00000270601|PRAMEF5,0,0,0,0
ENSG00000028137|TNFRSF1B,132,153,198,226
ENSG00000162460|TMEM82,0,0,0,0
ENSG00000142687|KIAA0319L,17564,18695,12236,14940
ENSG00000130939|UBE4B,30825,36082,25401,31812
ENSG00000127472|PLA2G5,0,0,0,0
ENSG00000060656|PTPRU,1262,1184,907,1126
ENSG00000163867|ZMYM6,4143,4764,3475,4255
ENSG00000189280|GJB5,6,34,23,27
ENSG00000134698|AGO4,2416,3138,2306,2806
ENSG00000134690|CDCA8,7879,7940,4846,6033
ENSG00000132881|CPLANE2,622,695,372,521
ENSG00000273274|ZBTB8B,708,785,763,1041
ENSG00000116251|RPL22,131363,130892,92793,115749
ENSG00000158286|RNF207,1113,888,1161,1369
ENSG00000009709|PAX7,0,5,0,0
ENSG00000043514|TRIT1,3842,3668,2827,3342
ENSG00000162510|MATN1,14,10,15,2
ENSG00000179002|TAS1R2,0,0,0,0
ENSG00000188984|AADACL3,0,0,0,0
ENSG00000158008|EXTL1,56,41,29,43
ENSG00000130940|CASZ1,1219,1321,834,1102
ENSG00000116771|AGMAT,2497,2390,2092,2557
ENSG00000162585|FAAP20,13897,12518,8982,10900
ENSG00000163879|DNALI1,245,219,155,152
ENSG00000127129|EDN2,1040,942,411,608
ENSG00000010803|SCMH1,4154,3923,3021,3673
ENSG00000169991|IFFO2,62,71,62,57
ENSG00000116954|RRAGC,5278,5461,4239,4980
ENSG00000117013|KCNQ4,101,98,139,128
ENSG00000163873|GRIK3,0,0,0,2
ENSG00000117215|PLA2G2D,0,0,0,0
ENSG00000196449|YRDC,3890,3599,2312,3098
ENSG00000237700|PRAMEF33,0,0,0,0
ENSG00000253368|TRNP1,518,477,291,467
ENSG00000179862|CITED4,462,360,199,262
ENSG00000116661|FBXO2,2260,2012,1306,1606
ENSG00000162461|SLC25A34,412,358,310,293
ENSG00000044012|GUCA2B,18,15,10,7
ENSG00000179051|RCC2,17325,17581,13093,15419
ENSG00000053372|MRTO4,6992,6717,4738,5840
ENSG00000126067|PSMB2,21136,21387,16069,18925
ENSG00000274944,53,75,58,95
ENSG00000066136|NFYC,7152,7330,4706,5689
ENSG00000132906|CASP9,3407,3247,2427,2869
ENSG00000197312|DDI2,25258,36610,27057,33610
ENSG00000173660|UQCRH,20640,19105,13226,16586
ENSG00000092847|AGO1,10851,12969,9753,11946
ENSG00000204510|PRAMEF7,0,0,0,0
ENSG00000054118|THRAP3,27943,32375,23374,28574
ENSG00000254553,3,0,39,3
ENSG00000177181|RIMKLA,63,42,34,30
ENSG00000276747|PADI6,0,0,0,0
ENSG00000159339|PADI4,0,0,0,0
ENSG00000162373|BEND5,55,57,49,57
ENSG00000197982|C1orf122,5305,5035,3154,4138
ENSG00000183317|EPHA10,42,66,38,46
ENSG00000183386|FHL3,1957,1717,1592,1750
ENSG00000158315|RHBDL2,216,292,272,329
ENSG00000243749|TMEM35B,1565,1263,1040,1257
ENSG00000204084|INPP5B,4436,4379,3425,4119
ENSG00000186973|FAM183A,21,29,0,5
ENSG00000142698|C1orf94,0,0,0,0
ENSG00000146463|ZMYM4,15564,21580,16026,19062
ENSG00000183520|UTP11,7900,7677,6175,7088
ENSG00000090686|USP48,11655,13483,9094,10896
ENSG00000085998|POMGNT1,11460,11040,8254,10393
ENSG00000271741,415,630,373,319
ENSG00000142686|C1orf216,2341,2252,1876,2348
ENSG00000117148|ACTL8,14,0,7,8
ENSG00000127125|PPCS,4821,5192,3548,4104
ENSG00000197429|IPP,1636,1956,1709,1989
ENSG00000117000|RLF,4979,6335,4429,5821
ENSG00000284989,0,0,0,0
ENSG00000178585|CTNNBIP1,5511,5194,3669,4485
ENSG00000092853|CLSPN,6996,8515,8568,10337
ENSG00000198754|OXCT2,50,28,61,32
ENSG00000134697|GNL2,15908,17655,12869,15835
ENSG00000187513|GJA4,8,0,3,0
ENSG00000278139|P3R3URF-PIK3R3,0,0,0,0
ENSG00000116151|MORN1,2692,2911,1946,2286
ENSG00000006555|TTC22,9,25,7,19
ENSG00000066056|TIE1,0,7,0,6
ENSG00000214114|MYCBP,5511,5503,4047,5269
ENSG00000173436|MICOS10,6292,5449,3763,4675
ENSG00000116544|DLGAP3,475,451,429,474
ENSG00000204060|FOXO6,693,600,338,487
ENSG00000186094|AGBL4,0,7,0,6
ENSG00000117016|RIMS3,693,901,787,882
ENSG00000121310|ECHDC2,6810,6321,4937,5157
ENSG00000169213|RAB3B,758,967,1264,1568
ENSG00000163866|SMIM12,8744,8686,6536,7852
ENSG00000049249|TNFRSF9,19,30,30,51
ENSG00000171793|CTPS1,10845,11849,10104,12538
ENSG00000116990|MYCL,3769,3265,2070,2882
ENSG00000143001|TMEM61,79,39,11,11
ENSG00000274386|TMEM269,79,94,48,49
ENSG00000285839,25,15,205,406
ENSG00000117419|ERI3,9986,8961,6270,7788
ENSG00000162384|CZIB,4229,3905,2842,3539
ENSG00000162391|FAM151A,34,62,35,51
ENSG00000174348|PODN,57,88,72,96
ENSG00000117859|OSBPL9,10513,11957,8763,10954
ENSG00000253313|C1orf210,1492,1377,985,1189
ENSG00000040487|SLC66A1,1165,1028,854,961
ENSG00000162396|PARS2,1744,1629,992,1416
ENSG00000203995|ZYG11A,3840,4635,3374,4463
ENSG00000117713|ARID1A,25045,31561,20683,25489
ENSG00000177868|SVBP,663,733,424,640
ENSG00000284686,16,6,4,11
ENSG00000162378|ZYG11B,5669,8392,6593,8081
ENSG00000162599|NFIA,3972,4367,2943,3470
ENSG00000240563|L1TD1,0,19,3,4
ENSG00000284773,274,217,167,217
ENSG00000117862|TXNDC12,11090,10771,7815,9275
ENSG00000162551|ALPL,1182,1047,614,846
ENSG00000183431|SF3A3,15214,16268,11351,13955
ENSG00000169174|PCSK9,0,0,8,0
ENSG00000243725|TTC4,4398,4331,3086,3657
ENSG00000116985|BMP8B,325,319,250,286
ENSG00000134716|CYP2J2,1320,1213,996,1306
ENSG00000171872|KLF17,4,0,0,0
ENSG00000162407|PLPP3,2287,2752,1695,2193
ENSG00000169218|RSPO1,7,17,11,7
ENSG00000163877|SNIP1,3228,3671,2832,3329
ENSG00000157184|CPT2,7611,7785,5299,6931
ENSG00000198815|FOXJ3,10102,13017,9223,11527
ENSG00000134744|TUT4,7990,10539,8244,10327
ENSG00000162437|RAVER2,3977,4707,4149,5140
ENSG00000283039|KLF18,0,0,0,0
ENSG00000184292|TACSTD2,6186,5633,4869,6511
ENSG00000187140|FOXD3,337,253,150,165
ENSG00000186409|CCDC30,544,535,282,319
ENSG00000162595|DIRAS3,182,224,122,190
ENSG00000171357|LURAP1,0,3,1,1
ENSG00000162385|MAGOH,6226,5944,4554,5610
ENSG00000086015|MAST2,8789,8751,6728,8100
ENSG00000184588|PDE4B,707,909,551,728
ENSG00000117472|TSPAN1,372,357,217,299
ENSG00000123080|CDKN2C,525,516,206,267
ENSG00000077549|CAPZB,19660,18667,13476,16210
ENSG00000162598|C1orf87,17,23,9,42
ENSG00000162415|ZSWIM5,549,516,381,494
ENSG00000185483|ROR1,3574,4334,2599,3433
ENSG00000162600|OMA1,2293,2553,1571,1959
ENSG00000116704|SLC35D1,2295,2804,2260,2753
ENSG00000157193|LRP8,2633,3158,2467,3148
ENSG00000116205|TCEANC2,3754,4625,3290,4114
ENSG00000198841|KTI12,1850,1816,1184,1445
ENSG00000116212|LRRC42,5447,5350,4085,4978
ENSG00000116729|WLS,38801,43407,27439,32950
ENSG00000132854|KANK4,804,717,656,764
ENSG00000162616|DNAJB4,1516,1786,1707,2007
ENSG00000162607|USP1,11905,15767,14372,17581
ENSG00000154027|AK5,263,293,238,317
ENSG00000132122|SPATA6,1052,1089,931,1001
ENSG00000137960|GIPC2,4,0,0,3
ENSG00000116745|RPE65,8,0,0,11
ENSG00000132855|ANGPTL3,7,9,14,5
ENSG00000172380|GNG12,17034,21101,16054,19148
ENSG00000116675|DNAJC6,3436,4588,3778,4819
ENSG00000162433|AK4,9770,12226,8476,11253
ENSG00000213625|LEPROT,7079,7746,5972,7117
ENSG00000085999|RAD54L,2566,2770,2570,3247
ENSG00000158966|CACHD1,7659,10121,5913,7671
ENSG00000203965|EFCAB7,831,1024,829,894
ENSG00000153898|MCOLN2,192,135,166,202
ENSG00000117069|ST6GALNAC5,725,809,605,841
ENSG00000187048|CYP4A11,3,0,0,0
ENSG00000125703|ATG4C,1842,2137,1775,2029
ENSG00000154007|ASB17,0,0,0,0
ENSG00000162618|ADGRL4,0,0,0,0
ENSG00000131233|GJA9,34,21,11,16
ENSG00000153936|HS2ST1,9666,13247,9252,11762
ENSG00000174021|GNG5,14047,12708,9387,11255
ENSG00000084072|PPIE,8210,7209,5653,6611
ENSG00000180488|MIGA1,2667,3611,2776,3371
ENSG00000016490|CLCA1,0,3,0,0
ENSG00000188786|MTF1,5426,6340,4687,5578
ENSG00000117151|CTBS,903,1112,680,983
ENSG00000162434|JAK1,30990,39200,26566,32945
ENSG00000137941|TTLL7,1056,1323,1405,1618
ENSG00000116717|GADD45A,3572,3546,2983,3747
ENSG00000137968|SLC44A5,1382,1918,1355,1672
ENSG00000066135|KDM4A,8602,9868,7411,9038
ENSG00000284895,0,1,1,1
ENSG00000117174|ZNHIT6,7409,7970,5819,6909
ENSG00000184313|MROH7,67,41,34,63
ENSG00000122420|PTGFR,12,0,0,8
ENSG00000267561,5,9,7,9
ENSG00000143013|LMO4,15192,14968,10437,13130
ENSG00000134748|PRPF38A,11263,12106,8933,11439
ENSG00000097096|SYDE2,1040,1883,1395,1888
ENSG00000142892|PIGK,5949,7589,5901,7328
ENSG00000184005|ST6GALNAC3,404,516,405,536
ENSG00000197273|GUCA2A,0,0,0,0
ENSG00000058804|NDC1,16304,19814,15189,18532
ENSG00000162402|USP24,12396,18786,13324,16664
ENSG00000116641|DOCK7,5059,7059,5270,6673
ENSG00000172260|NEGR1,184,254,214,227
ENSG00000185104|FAF1,8359,9145,5770,7273
ENSG00000117480|FAAH,828,756,509,642
ENSG00000137944|KYAT3,8577,8854,6304,7761
ENSG00000182183|SHISAL2A,0,0,0,10
ENSG00000271949,0,0,0,0
ENSG00000067334|DNTTIP2,13452,15802,11941,14447
ENSG00000122417|ODF2L,3916,5201,3800,4617
ENSG00000142949|PTPRF,36784,42047,27206,34164
ENSG00000116133|DHCR24,129582,138724,98605,123630
ENSG00000171502|COL24A1,114,103,104,131
ENSG00000162399|BSND,33,47,44,54
ENSG00000116157|GPX7,11,5,11,10
ENSG00000143036|SLC44A3,497,496,427,542
ENSG00000065243|PKN2,7378,10036,8124,9951
ENSG00000117500|TMED5,7117,8915,7691,8718
ENSG00000016602|CLCA4,10,3,0,6
ENSG00000171790|SLFNL1,60,82,100,83
ENSG00000117528|ABCD3,7611,9360,7280,8806
ENSG00000271723|MROH7-TTC4,0,38,37,0
ENSG00000066185|ZMYND12,24,17,15,31
ENSG00000172339|ALG14,726,734,470,594
ENSG00000036549|ZZZ3,9268,12458,8513,10682
ENSG00000058799|YIPF1,2945,3010,2163,2603
ENSG00000203985|LDLRAD1,65,56,53,44
ENSG00000283761,848,4328,1086,1199
ENSG00000189433|GJB4,4,0,8,0
ENSG00000179178|TMEM125,2015,1813,1174,1620
ENSG00000142700|DMRTA2,0,8,0,12
ENSG00000127124|HIVEP3,169,185,185,157
ENSG00000097033|SH3GLB1,7194,8456,6234,7740
ENSG00000182330|PRAMEF8,0,0,0,0
ENSG00000162604|TM2D1,2796,2371,1971,2578
ENSG00000116171|SCP2,12556,13507,9991,12509
ENSG00000134709|HOOK1,5496,7268,5640,7363
ENSG00000137936|BCAR3,1644,1853,1247,1559
ENSG00000143032|BARHL2,56,70,35,61
ENSG00000178028|DMAP1,4585,4544,3343,3735
ENSG00000168710|AHCYL1,19227,22021,15092,18592
ENSG00000117519|CNN3,31694,34784,27299,30665
ENSG00000134215|VAV3,23140,26560,13375,17388
ENSG00000188641|DPYD,102,150,83,102
ENSG00000152078|TLCD4,987,1285,1302,1675
ENSG00000185668|POU3F1,3,0,3,3
ENSG00000171492|LRRC8D,11669,13219,8660,10850
ENSG00000170989|S1PR1,634,643,742,782
ENSG00000186086|NBPF6,0,0,3,0
ENSG00000055732|MCOLN3,2187,2231,2375,2947
ENSG00000116299|ELAPOR1,130,161,147,142
ENSG00000137962|ARHGAP29,58562,86288,61544,76469
ENSG00000198691|ABCA4,757,925,567,712
ENSG00000079739|PGM1,7218,7451,5334,7432
ENSG00000117154|IGSF21,0,0,0,0
ENSG00000162377|COA7,6530,7097,5025,6228
ENSG00000116670|MAD2L2,6821,6379,4450,5742
ENSG00000116774|OLFML3,100,112,102,95
ENSG00000269113|TRABD2B,8,3,0,0
ENSG00000023909|GCLM,4293,5094,2704,3520
ENSG00000117133|RPF1,7791,8174,6028,7254
ENSG00000069702|TGFBR3,1399,2128,1356,1759
ENSG00000117461|PIK3R3,11908,14572,10616,12547
ENSG00000198198|SZT2,7364,8883,5819,6738
ENSG00000116793|PHTF1,3802,4631,3800,4497
ENSG00000134201|GSTM5,0,21,0,10
ENSG00000116455|WDR77,8241,8281,5593,6948
ENSG00000213366|GSTM2,3132,2892,1916,2234
ENSG00000117525|F3,562,641,637,741
ENSG00000099260|PALMD,2121,2415,1491,1969
ENSG00000282608|ADORA3,0,1,2,2
ENSG00000134258|VTCN1,9183,9760,4357,5776
ENSG00000162692|VCAM1,0,0,0,2
ENSG00000163349|HIPK1,7220,10570,8006,9443
ENSG00000134222|PSRC1,5291,5115,2462,3068
ENSG00000181656|GPR88,0,0,0,0
ENSG00000122481|RWDD3,1313,1375,979,1227
ENSG00000198162|MAN1A2,22599,29292,22359,26821
ENSG00000196369|SRGAP2B,3195,4251,2715,3449
ENSG00000171517|LPAR3,10690,11737,5240,6862
ENSG00000117543|DPH5,3450,3463,2328,2971
ENSG00000143079|CTTNBP2NL,4229,5702,3944,4599
ENSG00000134243|SORT1,29094,35275,23996,29895
ENSG00000134250|NOTCH2,55786,80773,55090,69141
ENSG00000162643|DNAI3,139,165,109,100
ENSG00000143093|STRIP1,4689,4988,3587,4462
ENSG00000188761|BCL2L15,19,56,39,31
ENSG00000085491|SLC25A24,3041,3948,3038,3867
ENSG00000117598|PLPPR5,10,6,0,4
ENSG00000221986|MYBPHL,7,0,0,0
ENSG00000173947|PIFO,50,41,19,25
ENSG00000134198|TSPAN2,1011,1220,1072,1278
ENSG00000215784|FAM72D,2382,2724,1400,1630
ENSG00000155363|MOV10,8258,8349,6252,7561
ENSG00000198799|LRIG2,2510,2771,2178,2665
ENSG00000143106|PSMA5,12194,11183,7992,9999
ENSG00000117620|SLC35A3,6145,7207,6035,7576
ENSG00000162688|AGL,6055,9668,7495,9881
ENSG00000197106|SLC6A17,13,18,7,10
ENSG00000271601|LIX1L,867,998,866,1128
ENSG00000203859|HSD3B2,0,0,0,0
ENSG00000134242|PTPN22,0,0,19,6
ENSG00000060718|COL11A1,103,123,88,102
ENSG00000185946|RNPC3,2349,2703,1824,2238
ENSG00000162627|SNX7,1498,1709,1419,1744
ENSG00000134262|AP4B1,1704,1703,1230,1496
ENSG00000186141|POLR3C,7760,8592,6098,7604
ENSG00000031698|SARS1,17894,17730,12432,15276
ENSG00000162695|SLC30A7,9340,10704,8267,10758
ENSG00000134184|GSTM1,682,593,364,483
ENSG00000265808|SEC22B,14407,16980,13341,16198
ENSG00000162601|MYSM1,4711,6784,5395,6291
ENSG00000271810,16,26,5,18
ENSG00000272031|ANKRD34A,107,118,143,161
ENSG00000174332|GLIS1,21,11,23,37
ENSG00000134247|PTGFRN,22271,27467,19343,23126
ENSG00000116752|BCAS2,6566,6840,5516,6859
ENSG00000162664|ZNF326,7053,9269,7313,8050
ENSG00000134253|TRIM45,2403,2252,1901,2247
ENSG00000173218|VANGL1,9811,11853,8083,10059
ENSG00000168509|HJV,4,9,0,0
ENSG00000121933|TMIGD3,0,5,0,0
ENSG00000183508|TENT5C,2347,2343,1756,2315
ENSG00000174827|PDZK1,302,331,243,381
ENSG00000136631|VPS45,6900,7098,5692,6677
ENSG00000286019|NOTCH2NLB,391,494,312,339
ENSG00000265491|RNF115,11065,12024,8072,10176
ENSG00000198765|SYCP1,0,0,0,0
ENSG00000143398|PIP5K1A,31009,35084,27583,34196
ENSG00000196505|GDAP2,4983,6009,4490,5754
ENSG00000117360|PRPF3,12129,12781,9863,11657
ENSG00000154451|GBP5,1822,2355,1212,1440
ENSG00000118655|DCLRE1B,1939,2173,1927,2539
ENSG00000269713|NBPF9,5814,6906,5568,6689
ENSG00000256374|PPIAL4D,0,1,0,0
ENSG00000268043|NBPF12,2900,3161,2438,2988
ENSG00000116489|CAPZA1,25299,28403,21146,25546
ENSG00000155367|PPM1J,193,165,137,104
ENSG00000134200|TSHB,0,0,0,0
ENSG00000143442|POGZ,19224,23772,16467,20511
ENSG00000118292|C1orf54,131,131,119,176
ENSG00000065183|WDR3,27929,34523,25917,32624
ENSG00000235942|LCE6A,0,0,0,0
ENSG00000023902|PLEKHO1,2586,2567,1942,2158
ENSG00000163393|SLC22A15,1060,1426,980,1186
ENSG00000131778|CHD1L,5198,5514,4101,5114
ENSG00000163156|SCNM1,7012,6186,4716,5783
ENSG00000143631|FLG,142270,191696,116680,122227
ENSG00000159377|PSMB4,56273,52034,35184,45388
ENSG00000270339|PPIAL4H,0,1,3,0
ENSG00000156150|ALX3,2,0,0,0
ENSG00000169469|SPRR1B,0,0,0,0
ENSG00000177551|NHLH2,0,3,3,0
ENSG00000197323|TRIM33,9737,12027,9063,11337
ENSG00000244094|SPRR2F,0,0,0,0
ENSG00000178104|PDE4DIP,11424,13893,10648,12758
ENSG00000079335|CDC14A,651,892,671,750
ENSG00000143119|CD53,11,0,0,6
ENSG00000117362|APH1A,29403,27056,19022,24290
ENSG00000160685|ZBTB7B,15334,14053,8961,11700
ENSG00000143520|FLG2,97,122,74,130
ENSG00000171943|SRGAP2C,3863,4513,2963,3635
ENSG00000196734|LCE1B,0,0,0,0
ENSG00000155761|SPAG17,853,988,625,706
ENSG00000159208|CIART,1093,849,636,766
ENSG00000143373|ZNF687,11687,12005,8828,11315
ENSG00000116830|TTF2,8873,10713,7858,9620
ENSG00000143556|S100A7,0,0,0,0
ENSG00000286219|NOTCH2NLC,824,1281,742,1044
ENSG00000163218|PGLYRP4,0,0,0,0
ENSG00000173207|CKS1B,14613,13981,11861,14462
ENSG00000143614|GATAD2B,7130,8244,5963,7513
ENSG00000169418|NPR1,19048,18930,10524,13656
ENSG00000285946,0,0,0,0
ENSG00000081026|MAGI3,2733,3674,2829,3540
ENSG00000116473|RAP1A,7861,8033,6043,7322
ENSG00000085465|OVGP1,230,190,137,108
ENSG00000197364|S100A7L2,0,0,0,0
ENSG00000186150|UBL4B,0,4,4,6
ENSG00000143554|SLC27A3,3269,2907,1993,2616
ENSG00000143458|GABPB2,3987,4309,3280,3620
ENSG00000118298|CA14,301,298,223,287
ENSG00000143595|AQP10,0,0,0,6
ENSG00000073754|CD5L,0,0,0,0
ENSG00000143546|S100A8,15,14,11,12
ENSG00000143416|SELENBP1,5328,4810,3759,4540
ENSG00000131781|FMO5,338,424,283,306
ENSG00000286106|NOTCH2NLR,180,197,152,163
ENSG00000121851|POLR3GL,1277,1320,931,1079
ENSG00000134202|GSTM3,6709,6336,5620,6586
ENSG00000163220|S100A9,77,91,51,79
ENSG00000163155|LYSMD1,1189,1309,939,1306
ENSG00000163216|SPRR2D,0,0,0,0
ENSG00000143603|KCNN3,71,81,72,64
ENSG00000160688|FLAD1,9695,8837,6909,7890
ENSG00000116459|ATP5PB,25944,25076,17690,21480
ENSG00000163344|PMVK,4135,3884,2476,3230
ENSG00000162738|VANGL2,6794,7643,5756,6394
ENSG00000143552|NUP210L,55,45,37,36
ENSG00000186364|NUDT17,386,258,271,260
ENSG00000175984|DENND2C,166,314,259,339
ENSG00000143127|ITGA10,39,56,22,28
ENSG00000186844|LCE1A,0,0,0,0
ENSG00000241794|SPRR2A,0,0,0,0
ENSG00000203783|PRR9,0,0,0,0
ENSG00000143549|TPM3,57942,62444,46146,54724
ENSG00000116824|CD2,0,0,3,0
ENSG00000088035|ALG6,1999,2320,1619,2177
ENSG00000163354|DCST2,151,124,74,115
ENSG00000163206|SMCP,0,0,0,0
ENSG00000024526|DEPDC1,9810,12650,7251,8562
ENSG00000273136|NBPF26,2584,3228,2563,2899
ENSG00000162825|NBPF20,2995,3324,2813,3259
ENSG00000169474|SPRR1A,0,0,0,0
ENSG00000198019|FCGR1B,39,45,23,35
ENSG00000163352|LENEP,57,25,33,52
ENSG00000283227|SPRR5,0,0,0,0
ENSG00000258465,23,35,46,33
ENSG00000288460|SMIM42,0,8,2,0
ENSG00000117262|GPR89A,5178,5091,3798,4870
ENSG00000203782|LORICRIN,0,0,0,0
ENSG00000163263|C1orf189,32,16,11,8
ENSG00000143624|INTS3,18197,18792,13773,17185
ENSG00000253831|ETV3L,0,0,0,0
ENSG00000163221|S100A12,0,0,0,0
ENSG00000271567|PPIAL4E,0,1,0,0
ENSG00000270629|NBPF14,3580,5001,3445,4092
ENSG00000137947|GTF2B,3912,3850,2747,3534
ENSG00000117586|TNFSF4,68,37,35,52
ENSG00000239887|C1orf226,642,691,398,555
ENSG00000184330|S100A7A,0,0,0,0
ENSG00000014914|MTMR11,860,867,699,880
ENSG00000162728|KCNJ9,22,21,8,0
ENSG00000184371|CSF1,718,694,709,807
ENSG00000143375|CGN,27280,27951,18005,22096
ENSG00000271425|NBPF10,2450,3072,2016,2497
ENSG00000163154|TNFAIP8L2,21,14,4,6
ENSG00000143569|UBAP2L,39762,42345,31954,38407
ENSG00000184148|SPRR4,0,0,0,0
ENSG00000196184|OR10J1,0,0,0,0
ENSG00000162729|IGSF8,4995,4806,3049,3852
ENSG00000143158|MPC2,3014,2882,2248,2842
ENSG00000271092|TLCD4-RWDD3,78,59,67,135
ENSG00000162739|SLAMF6,0,0,0,0
ENSG00000203785|SPRR2E,0,0,0,0
ENSG00000159516|SPRR2G,0,0,0,0
ENSG00000117281|CD160,52,26,122,111
ENSG00000000460|C1orf112,4397,4995,4364,4843
ENSG00000188859|FAM78B,16,15,0,21
ENSG00000264522|OTUD7B,6381,7003,5468,6494
ENSG00000163564|PYHIN1,3,0,0,0
ENSG00000135862|LAMC1,60554,78801,55763,69364
ENSG00000158473|CD1D,80,110,68,58
ENSG00000163191|S100A11,19572,17161,12041,14895
ENSG00000215853|RPTN,0,0,0,3
ENSG00000143198|MGST3,6631,5646,3807,4764
ENSG00000143318|CASQ1,39,48,33,28
ENSG00000143297|FCRL5,3,0,0,0
ENSG00000162736|NCSTN,16029,15710,12585,15917
ENSG00000117560|FASLG,0,0,8,3
ENSG00000135823|STX6,6844,7788,5761,7115
ENSG00000171722|SPATA46,0,20,6,9
ENSG00000143621|ILF2,62605,63183,46679,55379
ENSG00000143155|TIPRL,10850,12642,8392,10457
ENSG00000143156|NME7,3605,3856,2424,2952
ENSG00000198771|RCSD1,45,28,33,32
ENSG00000116147|TNR,7,0,0,11
ENSG00000213064|SFT2D2,15920,21776,15600,20609
ENSG00000143179|UCK2,12639,12495,9621,11788
ENSG00000143315|PIGM,5557,5925,4305,5362
ENSG00000116199|FAM20B,15479,19738,14094,18089
ENSG00000143185|XCL2,0,0,0,0
ENSG00000007933|FMO3,58,28,24,43
ENSG00000280778,8,17,0,0
ENSG00000116260|QSOX1,36961,38754,25971,31021
ENSG00000117475|BLZF1,6225,6746,5231,6417
ENSG00000143340|FAM163A,53,40,29,48
ENSG00000143190|POU2F1,9840,12172,8571,10477
ENSG00000159348|CYB5R1,3952,3831,2679,3482
ENSG00000075945|KIFAP3,2644,3067,1932,2360
ENSG00000162779|AXDND1,72,71,71,49
ENSG00000122432|SPATA1,54,43,35,56
ENSG00000092607|TBX15,27,15,17,12
ENSG00000117091|CD48,0,0,0,0
ENSG00000163209|SPRR3,0,0,0,0
ENSG00000122218|COPA,35025,39363,27676,34969
ENSG00000143171|RXRG,5,0,0,0
ENSG00000047410|TPR,28545,41967,32735,40715
ENSG00000018625|ATP1A2,19,8,34,0
ENSG00000171806|METTL18,943,1086,750,813
ENSG00000213088|ACKR1,0,0,0,0
ENSG00000198574|SH2D1B,0,0,0,0
ENSG00000134216|CHIA,0,5,0,6
ENSG00000162694|EXTL2,6396,7396,5261,6290
ENSG00000163207|IVL,0,0,0,0
ENSG00000132716|DCAF8,15477,16295,11030,13565
ENSG00000183853|KIRREL1,44306,53541,32331,38182
ENSG00000143401|ANP32E,30320,37436,26520,32400
ENSG00000118197|DDX59,1672,1795,1252,1538
ENSG00000135842|NIBAN1,8173,10604,9195,10564
ENSG00000198734|F5,15,22,15,3
ENSG00000077152|UBE2T,4894,4767,3814,4692
ENSG00000143164|DCAF6,10650,12136,8739,11245
ENSG00000133048|CHI3L1,270,219,157,139
ENSG00000121454|LHX4,360,560,537,515
ENSG00000126070|AGO3,4920,5704,5242,6322
ENSG00000184155|OR10J5,0,0,0,0
ENSG00000163157|TMOD4,143,97,131,140
ENSG00000117036|ETV3,5483,6866,5228,6527
ENSG00000058085|LAMC2,10779,11827,8326,10179
ENSG00000183155|RABIF,1696,1950,1630,1851
ENSG00000117533|VAMP4,1607,2109,1572,1874
ENSG00000116815|CD58,1914,2112,1634,1973
ENSG00000116741|RGS2,323,350,291,415
ENSG00000122482|ZNF644,8629,12696,9656,11806
ENSG00000123843|C4BPB,0,0,0,0
ENSG00000143167|GPA33,11,4,0,11
ENSG00000143184|XCL1,13,8,0,0
ENSG00000203685|STUM,31,21,35,31
ENSG00000131788|PIAS3,6367,6530,4365,5370
ENSG00000171786|NHLH1,71,74,31,36
ENSG00000177807|KCNJ10,70,69,53,60
ENSG00000163485|ADORA1,10554,9731,5890,6728
ENSG00000123838|C4BPA,0,0,0,0
ENSG00000000971|CFH,816,1055,836,1024
ENSG00000118200|CAMSAP2,9271,14843,12669,15293
ENSG00000143228|NUF2,4885,5727,3941,4659
ENSG00000174514|MFSD4A,123,167,59,116
ENSG00000143178|TBX19,443,380,239,297
ENSG00000162409|PRKAA2,3233,4816,3992,5054
ENSG00000116833|NR5A2,50,67,61,58
ENSG00000135824|RGS8,4,0,0,7
ENSG00000000457|SCYL3,1770,1984,1497,1645
ENSG00000286185,13,54,41,43
ENSG00000143507|DUSP10,1632,2031,1441,1593
ENSG00000198483|ANKRD35,12,9,0,7
ENSG00000143367|TUFT1,9199,8884,7805,10311
ENSG00000197959|DNM3,2194,2930,2052,2158
ENSG00000133063|CHIT1,27,38,10,20
ENSG00000180999|C1orf105,0,3,0,0
ENSG00000203784|LELP1,0,0,0,0
ENSG00000157064|NMNAT2,9841,11881,5508,6227
ENSG00000203666|EFCAB2,1099,1180,914,1167
ENSG00000059588|TARBP1,4018,4862,3897,4730
ENSG00000265972|TXNIP,21919,20545,19472,30538
ENSG00000143162|CREG1,35812,34382,23981,32281
ENSG00000159166|LAD1,20640,19376,14901,18021
ENSG00000117153|KLHL12,8269,9992,7301,8989
ENSG00000122224|LY9,0,0,0,0
ENSG00000131779|PEX11B,2153,1965,1432,1721
ENSG00000162782|TDRD5,854,986,650,763
ENSG00000162704|ARPC5,19076,20462,15305,18876
ENSG00000143653|SCCPDH,5565,5605,4225,5479
ENSG00000135837|CEP350,7085,13445,9927,12185
ENSG00000117595|IRF6,5281,5802,4092,5171
ENSG00000158711|ELK4,13736,18059,13967,17502
ENSG00000163444|TMEM183A,12759,12677,8859,11282
ENSG00000162851|TFB2M,6295,6626,4658,6037
ENSG00000143353|LYPLAL1,8,27,8,13
ENSG00000197965|MPZL1,11701,12794,8928,11189
ENSG00000143493|INTS7,5094,5945,5080,6361
ENSG00000179397|CATSPERE,38,59,37,71
ENSG00000117592|PRDX6,39930,38732,28840,36045
ENSG00000152904|GGPS1,5487,5857,4212,5178
ENSG00000186197|EDARADD,85,93,164,169
ENSG00000094963|FMO2,147,177,83,102
ENSG00000162670|BRINP3,0,10,0,0
ENSG00000159176|CSRP1,18828,18292,14981,18059
ENSG00000162761|LMX1A,122,124,90,93
ENSG00000143199|ADCY10,23,33,24,41
ENSG00000117479|SLC19A2,3036,3555,2923,3492
ENSG00000179930|ZNF648,47,72,41,86
ENSG00000007908|SELE,3,0,0,0
ENSG00000092978|GPATCH2,3276,4047,3533,4168
ENSG00000143499|SMYD2,3668,3686,3033,3789
ENSG00000163518|FCRL4,0,0,0,0
ENSG00000188404|SELL,368,393,362,427
ENSG00000143196|DPT,0,0,0,0
ENSG00000203697|CAPN8,7,2,0,0
ENSG00000116574|RHOU,676,694,406,523
ENSG00000186283|TOR3A,3401,3281,2655,3136
ENSG00000159346|ADIPOR1,21973,22174,17057,21540
ENSG00000160856|FCRL3,0,0,3,0
ENSG00000121481|RNF2,5422,6223,5144,6390
ENSG00000117139|KDM5B,21665,26478,17109,21401
ENSG00000143248|RGS5,197,172,105,154
ENSG00000132704|FCRL2,0,0,0,0
ENSG00000162814|SPATA17,686,654,466,565
ENSG00000163435|ELF3,17184,16045,11280,15167
ENSG00000116132|PRRX1,0,0,6,3
ENSG00000116679|IVNS1ABP,24539,30212,20087,24930
ENSG00000162706|CADM3,0,3,2,0
ENSG00000021852|C8B,0,0,0,0
ENSG00000152092|ASTN1,0,7,10,11
ENSG00000143476|DTL,3649,4140,3628,4522
ENSG00000121486|TRMT1L,3949,4759,3327,4095
ENSG00000117594|HSD11B1,0,1,0,0
ENSG00000057252|SOAT1,15196,18564,10839,13567
ENSG00000123685|BATF3,35,16,7,44
ENSG00000162852|CNST,4428,5456,4487,5685
ENSG00000143842|SOX13,4193,4363,3120,3722
ENSG00000116962|NID1,693,855,762,877
ENSG00000159388|BTG2,5441,5218,3763,4769
ENSG00000154380|ENAH,61705,87177,60455,71776
ENSG00000181450|ZNF678,1198,1855,1569,1919
ENSG00000120333|MRPS14,2829,2931,1964,2515
ENSG00000117090|SLAMF1,0,0,0,0
ENSG00000162753|SLC9C2,20,33,10,13
ENSG00000264343|NOTCH2NLA,919,997,765,1038
ENSG00000143355|LHX9,104,207,173,174
ENSG00000117597|UTP25,6934,7812,6057,7077
ENSG00000121644|DESI2,11919,15639,11319,13839
ENSG00000174502|SLC26A9,128,169,103,99
ENSG00000158715|SLC45A3,2255,2272,1876,2100
ENSG00000143195|ILDR2,74,73,101,135
ENSG00000162849|KIF26B,677,897,466,502
ENSG00000067533|RRP15,7258,8065,6219,7585
ENSG00000133055|MYBPH,16,25,21,13
ENSG00000196071|OR2L13,0,0,0,0
ENSG00000116209|TMEM59,20378,20444,13892,18604
ENSG00000143643|TTC13,3851,4748,3312,3798
ENSG00000116161|CACYBP,19791,20832,15636,18670
ENSG00000143847|PPFIA4,473,567,531,484
ENSG00000173627|APOBEC4,0,0,0,0
ENSG00000067704|IARS2,25336,29943,20448,26097
ENSG00000077157|PPP1R12B,2160,3105,2424,2761
ENSG00000152104|PTPN14,24762,36438,25410,31278
ENSG00000162909|CAPN2,14154,15068,10215,12497
ENSG00000122180|MYOG,33,29,6,9
ENSG00000117650|NEK2,5145,5728,3769,5079
ENSG00000203724|C1orf53,579,374,317,463
ENSG00000158764|ITLN2,0,9,0,0
ENSG00000188783|PRELP,302,211,251,250
ENSG00000284188,2,2,5,4
ENSG00000168118|RAB4A,10249,10007,6877,8674
ENSG00000173726|TOMM20,41476,44840,32587,41528
ENSG00000270188|MTRNR2L11,0,0,0,0
ENSG00000152382|TADA1,1737,1878,1389,1729
ENSG00000143839|REN,71,115,40,66
ENSG00000187080|OR2AK2,0,0,0,0
ENSG00000173409|ARV1,4444,4688,3252,3745
ENSG00000143514|TP53BP2,11627,14201,10840,12789
ENSG00000143469|SYT14,0,9,10,6
ENSG00000135829|DHX9,41992,51672,36739,45517
ENSG00000134717|BTF3L4,12118,12815,9462,11727
ENSG00000116668|SWT1,902,889,701,766
ENSG00000188610|FAM72B,3482,3763,2080,2417
ENSG00000143756|FBXO28,9861,10771,8565,10419
ENSG00000143702|CEP170,2284,3606,3226,3859
ENSG00000185860|CCDC190,0,0,0,0
ENSG00000143207|COP1,6501,6872,4733,6201
ENSG00000122176|FMOD,11,8,13,7
ENSG00000240021|TEX35,39,50,21,34
ENSG00000026751|SLAMF7,0,0,0,3
ENSG00000150681|RGS18,0,0,0,6
ENSG00000116906|GNPAT,11460,12068,8899,10972
ENSG00000092969|TGFB2,9695,12883,8279,10953
ENSG00000163545|NUAK2,15715,18148,6493,10230
ENSG00000157181|ODR4,5908,7564,5453,6838
ENSG00000143153|ATP1B1,2768,3039,3387,3782
ENSG00000120332|TNN,6,18,15,11
ENSG00000076258|FMO4,233,212,156,244
ENSG00000117697|NSL1,4347,4891,3612,4441
ENSG00000162669|HFM1,175,287,148,202
ENSG00000132681|ATP1A4,9,13,6,0
ENSG00000143641|GALNT2,41107,42500,27747,33094
ENSG00000010932|FMO1,102,100,35,44
ENSG00000010072|SPRTN,2419,2753,2190,2800
ENSG00000135766|EGLN1,9368,11026,8118,9641
ENSG00000215817|ZC3H11B,1121,1390,1010,1312
ENSG00000163534|FCRL1,0,0,0,0
ENSG00000143816|WNT9A,80,79,69,119
ENSG00000168243|GNG4,34,37,42,52
ENSG00000116183|PAPPA2,64,108,48,53
ENSG00000116218|NPHS2,17,18,0,8
ENSG00000270106|TSNAX-DISC1,9,0,5,11
ENSG00000170382|LRRN2,3535,3415,1667,1990
ENSG00000066027|PPP2R5A,13979,15258,9841,13015
ENSG00000162733|DDR2,83,96,80,79
ENSG00000117477|CCDC181,758,819,572,833
ENSG00000188770|OPTC,0,4,0,0
ENSG00000173728|C1orf100,19,16,19,9
ENSG00000094975|SUCO,5713,8509,6149,7551
ENSG00000162772|ATF3,1386,1677,1302,1858
ENSG00000135828|RNASEL,2042,2475,1981,2524
ENSG00000076356|PLXNA2,659,668,371,466
ENSG00000185523|SPATA45,0,6,0,6
ENSG00000116711|PLA2G4A,393,541,347,513
ENSG00000143845|ETNK2,3997,3212,3015,3546
ENSG00000069812|HES2,280,241,192,250
ENSG00000157060|SHCBP1L,0,0,0,0
ENSG00000009790|TRAF3IP3,32,27,18,2
ENSG00000116698|SMG7,35926,45629,30583,37523
ENSG00000162813|BPNT1,5463,5423,4335,5359
ENSG00000123684|LPGAT1,6633,9085,6902,8823
ENSG00000117707|PROX1,15,19,19,16
ENSG00000196482|ESRRG,1147,1889,1176,1462
ENSG00000123836|PFKFB2,5700,8006,5813,7580
ENSG00000117691|NENF,2309,1844,1645,1938
ENSG00000118873|RAB3GAP2,10908,13435,10687,13373
ENSG00000287856,14,0,8,4
ENSG00000284299,36,44,24,48
ENSG00000203705|TATDN3,1864,1809,1508,1714
ENSG00000174175|SELP,0,0,0,0
ENSG00000081237|PTPRC,35,47,24,35
ENSG00000008118|CAMK1G,0,15,9,0
ENSG00000171161|ZNF672,3062,3248,2311,2883
ENSG00000117143|UAP1,5505,6308,4755,6111
ENSG00000152332|UHMK1,17242,26405,20779,27090
ENSG00000162757|C1orf74,1360,1300,1077,1370
ENSG00000196878|LAMB3,12918,12761,9153,11804
ENSG00000133059|DSTYK,9984,10993,7342,9596
ENSG00000186007|LEMD1,638,734,307,376
ENSG00000074964|ARHGEF10L,758,697,520,718
ENSG00000116918|TSNAX,9380,10737,8369,10345
ENSG00000285053|TBCE,1786,1926,1383,2228
ENSG00000231767|RPS27AP5,611,579,448,421
ENSG00000198929|NOS1AP,147,250,178,230
ENSG00000162771|FAM71A,0,0,3,3
ENSG00000176393|RNPEP,16089,15102,10763,13332
ENSG00000174606|ANGEL2,4972,6336,4826,5932
ENSG00000179914|ITLN1,9,0,0,0
ENSG00000235750|KIAA0040,14883,16697,11179,13642
ENSG00000121446|RGSL1,0,0,0,0
ENSG00000123689|G0S2,24,41,28,48
ENSG00000116903|EXOC8,2638,3093,2534,3044
ENSG00000118194|TNNT2,1580,1121,1150,1183
ENSG00000281406|BLACAT1,4023,4202,2773,3062
ENSG00000143333|RGS16,179,203,136,147
ENSG00000254706,8,7,5,4
ENSG00000198626|RYR2,194,323,189,246
ENSG00000198797|BRINP2,0,0,0,0
ENSG00000151414|NEK7,5370,7451,5743,7683
ENSG00000177614|PGBD5,27,38,30,23
ENSG00000183831|ANKRD45,402,603,434,512
ENSG00000143858|SYT2,91,65,48,40
ENSG00000197472|ZNF695,1332,1427,1587,1696
ENSG00000188585|CLEC20A,0,0,0,0
ENSG00000283952,0,0,0,0
ENSG00000136643|RPS6KC1,8547,10574,7686,9558
ENSG00000133069|TMCC2,5813,6016,3040,3854
ENSG00000162877|PM20D1,48,36,64,67
ENSG00000135747|ZNF670-ZNF695,211,223,210,264
ENSG00000069248|NUP133,10168,11764,8934,11181
ENSG00000117791|MTARC2,718,783,745,946
ENSG00000117724|CENPF,38299,65360,35924,42825
ENSG00000086619|ERO1B,418,425,359,409
ENSG00000253148|RGS21,0,0,0,0
ENSG00000090104|RGS1,0,0,0,0
ENSG00000198700|IPO9,33239,39741,32160,38830
ENSG00000163568|AIM2,0,0,0,0
ENSG00000159450|TCHH,147,198,83,125
ENSG00000143322|ABL2,6702,9461,7222,9136
ENSG00000185220|PGBD2,1119,1299,942,1036
ENSG00000131791|PRKAB2,3613,4934,3706,4337
ENSG00000162769|FLVCR1,3217,4062,3533,4290
ENSG00000133065|SLC41A1,18540,19644,17546,20755
ENSG00000042781|USH2A,32,51,38,85
ENSG00000277462|ZNF670,1125,1342,960,1293
ENSG00000035687|ADSS2,9845,11197,8210,10495
ENSG00000182898|TCHHL1,0,0,0,0
ENSG00000180287|PLD5,0,0,0,0
ENSG00000077585|GPR137B,1979,2249,1671,2105
ENSG00000136628|EPRS1,35705,45210,33185,42032
ENSG00000163431|LMOD1,210,207,100,202
ENSG00000135835|KIAA1614,383,523,334,411
ENSG00000230124|ACBD6,6998,7012,5028,5876
ENSG00000143473|KCNH1,0,4,0,0
ENSG00000007341|ST7L,1503,1541,1201,1439
ENSG00000134369|NAV1,3483,4727,3119,3395
ENSG00000117222|RBBP5,6369,8390,6587,8226
ENSG00000198216|CACNA1E,11,5,3,4
ENSG00000143324|XPR1,17425,22130,14649,18738
ENSG00000118193|KIF14,5567,9824,4946,6152
ENSG00000198842|STYXL2,0,0,0,0
ENSG00000120341|SEC16B,0,5,0,3
ENSG00000198756|COLGALT2,231,115,193,244
ENSG00000159173|TNNI1,1011,872,608,795
ENSG00000259823|LYPD8,4,7,2,4
ENSG00000135749|PCNX2,7638,8379,5442,6782
ENSG00000142875|PRKACB,3801,4942,3986,4953
ENSG00000143786|CNIH3,323,362,192,228
ENSG00000010165|EEF1AKNMT,10325,11000,8005,9700
ENSG00000054282|SDCCAG8,1232,1359,932,1216
ENSG00000116406|EDEM3,7189,10446,7819,10302
ENSG00000279782|PPIAL4F,0,1,0,0
ENSG00000143126|CELSR2,43422,49947,29988,37988
ENSG00000183780|SLC35F3,29,18,31,16
ENSG00000127481|UBR4,23827,33534,24427,29559
ENSG00000162702|ZNF281,6030,7411,5722,6824
ENSG00000143194|MAEL,0,3,0,0
ENSG00000174307|PHLDA3,564,427,349,448
ENSG00000054267|ARID4B,10167,11838,9015,11044
ENSG00000135845|PIGC,3683,3599,2476,3016
ENSG00000175137|SH3BP5L,11043,10302,6935,8593
ENSG00000134245|WNT2B,1581,1937,601,738
ENSG00000069275|NUCKS1,183534,225605,158474,197364
ENSG00000143674|MAP3K21,3998,4863,3819,4429
ENSG00000187889|FYB2,38,74,21,45
ENSG00000134375|TIMM17A,11502,11439,8513,9985
ENSG00000097046|CDC7,3402,4232,3774,4335
ENSG00000232113|TEX50,0,0,0,0
ENSG00000203667|COX20,7120,6151,3892,5118
ENSG00000263353|PPIAL4A,55,44,44,39
ENSG00000117114|ADGRL2,38613,54077,36111,44882
ENSG00000203737|GPR52,25,21,22,6
ENSG00000185420|SMYD3,1800,1759,1197,1462
ENSG00000076321|KLHL20,3956,4646,3693,4445
ENSG00000143575|HAX1,12723,11799,8319,10107
ENSG00000143669|LYST,809,1257,1014,1128
ENSG00000135778|NTPCR,10730,10770,7781,9306
ENSG00000117280|RAB29,4400,4860,3857,4755
ENSG00000157131|C8A,0,0,0,0
ENSG00000082497|SERTAD4,0,8,3,0
ENSG00000136636|KCTD3,8723,10930,8614,10737
ENSG00000163874|ZC3H12A,1132,1142,812,952
ENSG00000285777,55,24,22,46
ENSG00000163346|PBXIP1,10001,9485,6566,8134
ENSG00000054392|HHAT,5,9,12,4
ENSG00000183291|SELENOF,16118,16102,12294,14385
ENSG00000122223|CD244,0,0,0,0
ENSG00000117322|CR2,95,106,75,117
ENSG00000188739|RBM34,6514,7014,5545,6160
ENSG00000163348|PYGO2,17247,16737,11557,14916
ENSG00000135750|KCNK1,1736,1927,1289,1810
ENSG00000203730|TEDDM1,4,11,7,3
ENSG00000116194|ANGPTL1,616,687,480,671
ENSG00000137975|CLCA2,10,0,8,22
ENSG00000153187|HNRNPU,117149,140984,106767,127787
ENSG00000143341|HMCN1,2040,3618,2480,2962
ENSG00000116703|PDC,0,0,0,0
ENSG00000143149|ALDH9A1,9242,9688,7120,9323
ENSG00000162545|CAMK2N1,109,102,84,100
ENSG00000090432|MUL1,4043,3545,2422,3105
ENSG00000183114|FAM43B,0,0,0,0
ENSG00000158825|CDA,138,123,142,144
ENSG00000158828|PINK1,1298,993,650,869
ENSG00000134371|CDC73,8013,9422,6845,8553
ENSG00000162630|B3GALT2,153,237,146,127
ENSG00000066557|LRRC40,3120,4198,2981,3665
ENSG00000116754|SRSF11,22847,25147,19487,22742
ENSG00000118454|ANKRD13C,4252,4977,3909,4462
ENSG00000116761|CTH,693,822,575,700
ENSG00000007968|E2F2,1232,1336,1229,1601
ENSG00000117318|ID3,5339,4918,2620,2778
ENSG00000142676|RPL11,75599,70239,49252,62135
ENSG00000011007|ELOA,16173,18446,14837,17820
ENSG00000057757|PITHD1,4245,3926,3319,4059
ENSG00000011009|LYPLA2,8593,7846,5977,7206
ENSG00000117308|GALE,1450,1319,1013,1228
ENSG00000080910|CFHR2,0,0,0,0
ENSG00000134389|CFHR5,0,8,0,10
ENSG00000182901|RGS7,153,124,92,69
ENSG00000132703|APCS,0,0,0,0
ENSG00000132693|CRP,0,0,0,0
ENSG00000158716|DUSP23,961,953,446,587
ENSG00000181036|FCRL6,0,0,0,0
ENSG00000158714|SLAMF8,0,0,0,0
ENSG00000243284|VSIG8,3,0,9,4
ENSG00000213085|CFAP45,262,276,146,190
ENSG00000085552|IGSF9,24024,23201,11971,14314
ENSG00000162723|SLAMF9,10,22,6,9
ENSG00000256029,144,136,146,148
ENSG00000134668|SPOCD1,45,33,32,42
ENSG00000163399|ATP1A1,183939,189948,125267,155060
ENSG00000177888|ZBTB41,2341,3870,3066,4057
ENSG00000243364|EFNA4,1754,1715,1453,1639
ENSG00000251246,0,17,0,8
ENSG00000143590|EFNA3,756,711,571,728
ENSG00000169242|EFNA1,3923,3243,2526,3605
ENSG00000169241|SLC50A1,12911,12578,9598,11956
ENSG00000163463|KRTCAP2,9749,8369,5587,7541
ENSG00000273088,0,0,0,0
ENSG00000163462|TRIM46,1466,1345,1148,1283
ENSG00000185499|MUC1,1436,1052,855,1152
ENSG00000169231|THBS3,5009,4880,3277,4172
ENSG00000177628|GBA,6616,6387,4394,5636
ENSG00000160767|FAM189B,8179,8032,6126,7543
ENSG00000116521|SCAMP3,9122,8099,5799,7498
ENSG00000176444|CLK2,4866,4997,3861,4362
ENSG00000143630|HCN3,303,253,200,240
ENSG00000143627|PKLR,11,0,0,5
ENSG00000162594|IL23R,0,10,5,2
ENSG00000197721|CR1L,0,3,4,3
ENSG00000117335|CD46,21508,27380,21038,26163
ENSG00000174059|CD34,206,223,252,281
ENSG00000142657|PGD,57034,56604,42234,53322
ENSG00000251503|CENPS-CORT,515,471,286,496
ENSG00000175279|CENPS,5865,5843,3896,4983
ENSG00000160049|DFFA,33802,34016,26661,32264
ENSG00000081985|IL12RB2,75,46,67,119
ENSG00000122188|LAX1,5,0,23,12
ENSG00000257315|ZBED6,2015,6024,2683,4917
ENSG00000288644,1,1,1,1
ENSG00000182004|SNRPE,11836,10846,8793,10550
ENSG00000130768|SMPDL3B,7626,7164,4975,6503
ENSG00000158156|XKR8,1496,1279,1059,1419
ENSG00000182118|FAM89A,2350,2141,1560,2001
ENSG00000143633|C1orf131,2112,2285,1686,2047
ENSG00000288208,0,0,0,23
ENSG00000132773|TOE1,1536,1525,1269,1686
ENSG00000070759|TESK2,1332,1278,992,1299
ENSG00000280670|CCDC163,718,629,439,603
ENSG00000132763|MMACHC,5544,5688,3541,4349
ENSG00000169224|GCSAML,3,0,8,0
ENSG00000177489|OR2G2,0,0,0,0
ENSG00000177476|OR2G3,0,0,0,0
ENSG00000162711|NLRP3,0,0,0,0
ENSG00000133019|CHRM3,1802,1899,1069,1356
ENSG00000162636|FAM102B,2355,3198,2112,2802
ENSG00000162639|HENMT1,1946,2101,1441,1939
ENSG00000134186|PRPF38B,8674,10004,7848,8964
ENSG00000143107|FNDC7,0,27,16,29
ENSG00000116266|STXBP3,4226,5123,3850,4780
ENSG00000162641|AKNAD1,0,0,0,4
ENSG00000197780|TAF13,4972,5167,4293,5085
ENSG00000215717|TMEM167B,3656,3890,2914,3538
ENSG00000198452|OR14L1P,0,0,0,0
ENSG00000132676|DAP3,31777,32335,23610,30139
ENSG00000132718|SYT11,5089,6177,3885,4819
ENSG00000143622|RIT1,7272,8124,6121,7796
ENSG00000132680|KHDC4,24098,24193,21277,24454
ENSG00000116584|ARHGEF2,7553,7488,6695,7898
ENSG00000163479|SSR2,70959,67649,50385,61765
ENSG00000160803|UBQLN4,27376,28029,21080,25296
ENSG00000116586|LAMTOR2,8109,7356,5227,6320
ENSG00000132698|RAB25,15896,14575,9179,12223
ENSG00000196189|SEMA4A,2506,2227,2143,2470
ENSG00000260238|PMF1-BGLAP,938,977,504,929
ENSG00000160783|PMF1,7197,6279,4691,5540
ENSG00000242252|BGLAP,62,37,26,22
ENSG00000198952|SMG5,30749,30092,22969,27094
ENSG00000163472|TMEM79,1718,1583,1189,1409
ENSG00000198715|GLMP,8522,8108,5945,7536
ENSG00000163468|CCT3,66241,65123,48111,59548
ENSG00000132677|RHBG,20,27,22,24
ENSG00000254726|MEX3A,39588,47480,34676,40801
ENSG00000186377|CYP4X1,631,619,437,439
ENSG00000186160|CYP4Z1,62,50,13,15
ENSG00000162365|CYP4A22,5,0,6,0
ENSG00000162366|PDZK1IP1,6,0,0,0
ENSG00000162367|TAL1,36,38,40,27
ENSG00000186790|FOXE3,0,2,0,3
ENSG00000116701|NCF2,45,26,11,28
ENSG00000196352|CD55,5864,6415,4275,5754
ENSG00000211452|DIO1,0,12,0,13
ENSG00000189030|VHLL,3,0,0,6
ENSG00000162763|LRRC52,32,10,14,7
ENSG00000081277|PKP1,13,21,24,19
ENSG00000143061|IGSF3,8770,11134,9517,11988
ENSG00000197915|HRNR,551,989,772,768
ENSG00000004487|KDM1A,17749,18165,13454,16279
ENSG00000179172|HNRNPCL1,0,0,1,0
ENSG00000135821|GLUL,35642,37562,27494,34945
ENSG00000160691|SHC1,13118,13249,8847,11093
ENSG00000203740|METTL11B,5,8,0,2
ENSG00000162374|ELAVL4,0,0,0,3
ENSG00000168275|COA6,2539,2248,1636,2029
ENSG00000241563|CORT,215,170,216,114
ENSG00000153207|AHCTF1,14558,22760,18224,21153
ENSG00000250719|P3R3URF,2,0,0,0
ENSG00000156869|FRRS1,2832,3038,2103,2672
ENSG00000033122|LRRC7,310,252,239,283
ENSG00000151418|ATP6V1G3,0,0,0,0
ENSG00000143278|F13B,0,0,0,0
ENSG00000116678|LEPR,1116,1554,1176,1434
ENSG00000185630|PBX1,26145,38781,20913,25834
ENSG00000159352|PSMD4,39839,37770,27364,33513
ENSG00000158710|TAGLN2,98613,90913,56366,70216
ENSG00000162734|PEA15,52238,51665,38214,46827
ENSG00000066294|CD84,0,0,0,3
ENSG00000049239|H6PD,12688,14638,9522,12516
ENSG00000186564|FOXD2,16,26,13,13
ENSG00000265241|RBM8A,23731,24456,16651,20956
ENSG00000244038|DDOST,40461,39169,27643,34896
ENSG00000158747|NBL1,8312,7769,5329,6192
ENSG00000116690|PRG4,6,7,2,5
ENSG00000163159|VPS72,12668,11876,8877,10809
ENSG00000126091|ST3GAL3,1129,1104,692,846
ENSG00000162383|SLC1A7,0,0,0,0
ENSG00000171163|ZNF692,3652,2871,2276,2638
ENSG00000127054|INTS11,26688,26180,18989,23253
ENSG00000172456|FGGY,832,739,394,555
ENSG00000162946|DISC1,2923,3491,1912,2417
ENSG00000196660|SLC30A10,14,23,19,8
ENSG00000158786|PLA2G2F,0,0,0,0
ENSG00000168389|MFSD2A,428,328,317,372
ENSG00000160087|UBE2J2,21019,19786,13432,16755
ENSG00000118733|OLFM3,374,549,234,270
ENSG00000157870|PRXL2B,1539,1382,1068,1315
ENSG00000163357|DCST1,66,47,38,38
ENSG00000179085|DPM3,2272,1921,1181,1373
ENSG00000155366|RHOC,14842,13374,9249,11139
ENSG00000173080|RXFP4,23,17,23,41
ENSG00000188782|CATSPER4,0,0,0,0
ENSG00000198892|SHISA4,883,817,684,760
ENSG00000158055|GRHL3,870,884,432,696
ENSG00000183347|GBP6,156,232,157,141
ENSG00000175206|NPPA,36,8,17,36
ENSG00000120937|NPPB,0,0,0,0
ENSG00000116685|KIAA2013,14660,13634,9167,11608
ENSG00000083444|PLOD1,18990,18885,15751,18865
ENSG00000116691|MIIP,4559,3746,2385,2831
ENSG00000120949|TNFRSF8,105,95,127,110
ENSG00000162521|RBBP4,22916,26766,21228,25707
ENSG00000162520|SYNC,791,1063,345,677
ENSG00000162522|KIAA1522,40909,43004,29268,36057
ENSG00000116497|S100PBP,4304,5032,3985,5041
ENSG00000160097|FNDC5,100,119,108,127
ENSG00000121905|HPCA,15,11,1,22
ENSG00000121900|TMEM54,4551,3869,3038,3880
ENSG00000121940|CLCC1,4307,4890,4180,5268
ENSG00000143222|UFC1,10044,8905,6529,8266
ENSG00000143258|USP21,4935,4623,3618,4017
ENSG00000143224|PPOX,1300,1092,773,936
ENSG00000158850|B4GALT3,7598,7214,5221,6108
ENSG00000158859|ADAMTS4,66,73,25,85
ENSG00000158869|FCER1G,11,17,27,18
ENSG00000158874|APOA2,11,8,0,0
ENSG00000158882|TOMM40L,3078,3162,2148,2503
ENSG00000143257|NR1I3,115,136,100,92
ENSG00000248485|PCP4L1,80,93,83,101
ENSG00000188931|CFAP126,381,555,435,524
ENSG00000265107|GJA5,22,23,17,25
ENSG00000121634|GJA8,25,54,42,40
ENSG00000188092|GPR89B,3611,3812,2791,3205
ENSG00000116991|SIPA1L2,15395,20047,11421,13441
ENSG00000116688|MFN2,43102,46000,33269,41138
ENSG00000188800|TMCO2,0,0,0,3
ENSG00000084073|ZMPSTE24,13712,15208,11688,14586
ENSG00000049089|COL9A2,11405,10616,7983,8369
ENSG00000084070|SMAP2,5805,6185,4379,5441
ENSG00000187801|ZFP69B,435,435,344,453
ENSG00000158887|MPZ,175,103,125,113
ENSG00000255054,2,4,0,0
ENSG00000117640|MTFR1L,9293,8996,6021,7827
ENSG00000127423|AUNIP,1778,1864,1556,1890
ENSG00000182749|PAQR7,541,516,407,520
ENSG00000117632|STMN1,25979,26091,23418,29139
ENSG00000187147|RNF220,15450,14760,9765,12626
ENSG00000126106|TMEM53,761,677,476,610
ENSG00000198520|ARMH1,231,169,168,165
ENSG00000142945|KIF2C,12798,13488,8764,10744
ENSG00000142937|RPS8,134256,122645,81828,105256
ENSG00000142959|BEST4,50,37,30,32
ENSG00000173846|PLK3,353,299,221,235
ENSG00000222009|BTBD19,0,5,4,0
ENSG00000117425|PTCH2,128,102,71,90
ENSG00000070785|EIF2B3,3846,3620,2858,3583
ENSG00000126107|HECTD3,5071,4595,3330,3675
ENSG00000126088|UROD,8484,7990,5978,6993
ENSG00000162408|NOL9,18079,19545,14174,19491
ENSG00000173662|TAS1R1,27,25,34,17
ENSG00000204859|ZBTB48,8532,7016,5366,6540
ENSG00000288629,1,1,1,1
ENSG00000171488|LRRC8C,1863,2599,2147,2672
ENSG00000070886|EPHA8,7,0,7,22
ENSG00000173372|C1QA,0,0,0,0
ENSG00000159189|C1QC,0,0,0,0
ENSG00000173369|C1QB,0,0,0,0
ENSG00000119285|HEATR1,24426,33261,24482,31418
ENSG00000244020|MT1HL1,0,0,0,0
ENSG00000117758|STX12,3687,4352,3324,4411
ENSG00000117751|PPP1R8,10981,11251,8386,10029
ENSG00000130775|THEMIS2,10585,9666,6184,8359
ENSG00000117748|RPA2,7170,7043,5821,7282
ENSG00000117122|MFAP2,2196,2137,1662,1881
ENSG00000159363|ATP13A2,2706,2605,1870,2373
ENSG00000117118|SDHB,7849,7414,5230,6501
ENSG00000117115|PADI2,403,349,268,322
ENSG00000142623|PADI1,8,3,0,3
ENSG00000142619|PADI3,14,24,14,9
ENSG00000142871|CCN1,55284,61664,36775,53489
ENSG00000143512|HHIPL2,150,218,106,138
ENSG00000143498|TAF1A,1758,1992,1643,2049
ENSG00000154305|MIA3,9245,12609,9215,11101
ENSG00000186063|AIDA,6207,7129,5607,6733
ENSG00000162819|BROX,6901,8374,5957,6947
ENSG00000197520|FAM177B,0,4,0,0
ENSG00000187554|TLR5,664,813,108,138
ENSG00000164010|ERMAP,2138,2112,1425,1781
ENSG00000164011|ZNF691,1579,1523,1041,1327
ENSG00000154309|DISP1,2912,3150,2397,2792
ENSG00000120370|GORAB,1214,1393,1207,1336
ENSG00000203857|HSD3B1,0,0,0,0
ENSG00000143067|ZNF697,1867,2304,1812,2177
ENSG00000134240|HMGCS2,212,211,62,75
ENSG00000134193|REG4,33,29,11,19
ENSG00000134249|ADAM30,0,0,3,8
ENSG00000092621|PHGDH,54416,49838,35568,43889
ENSG00000027644|INSRR,15,6,0,0
ENSG00000130764|LRRC47,19615,18674,13395,16444
ENSG00000284770|TBCE,3349,3732,2780,2853
ENSG00000197587|DMBX1,352,308,160,158
ENSG00000198837|DENND4B,10616,10203,7391,8913
ENSG00000160741|CRTC2,11234,10054,7526,9110
ENSG00000143578|CREB3L4,3723,3700,2620,3613
ENSG00000143543|JTB,15385,13259,9319,11931
ENSG00000285641,733,1299,604,677
ENSG00000143545|RAB13,15030,14630,10949,13756
ENSG00000177954|RPS27,125136,112443,79143,99807
ENSG00000162642|C1orf52,4312,4479,3490,4444
ENSG00000142867|BCL10,3110,3557,2502,3090
ENSG00000117394|SLC2A1,14564,14416,8396,10413
ENSG00000116198|CEP104,11096,12753,8873,10748
ENSG00000169598|DFFB,2621,2448,1521,1959
ENSG00000288626,1,1,1,1
ENSG00000162836|ACP6,3253,3102,2045,2347
ENSG00000116667|C1orf21,3278,3919,2459,3163
ENSG00000125945|ZNF436,2415,2753,1826,2232
ENSG00000204219|TCEA3,55,84,71,98
ENSG00000285779,0,0,0,0
ENSG00000162885|B3GALNT2,3464,3909,2794,3796
ENSG00000173110|HSPA6,8,15,13,11
ENSG00000162747|FCGR3B,0,0,0,0
ENSG00000072694|FCGR2B,0,0,0,0
ENSG00000143226|FCGR2A,0,8,0,0
ENSG00000143125|PROK1,18,19,3,8
ENSG00000143105|KCNA10,0,0,0,2
ENSG00000177272|KCNA3,0,0,0,0
ENSG00000177301|KCNA2,14,0,0,3
ENSG00000179456|ZBTB18,1735,1950,1371,1760
ENSG00000160753|RUSC1,7920,7300,6419,8163
ENSG00000125459|MSTO1,4879,4664,3150,4083
ENSG00000160752|FDPS,31122,29549,23789,29932
ENSG00000121957|GPSM2,6697,7960,3905,4829
ENSG00000188396|DYNLT4,0,3,0,9
ENSG00000082482|KCNK2,2981,3396,2668,3619
ENSG00000143612|C1orf43,27280,26889,18380,23546
ENSG00000078618|NRDC,22514,25131,19309,23026
ENSG00000116747|RO60,5299,6934,6392,7695
ENSG00000118729|CASQ2,11,10,16,30
ENSG00000134207|SYT6,0,0,0,0
ENSG00000163467|TSACC,150,114,145,162
ENSG00000243710|CFAP57,159,219,74,118
ENSG00000117395|EBNA1BP2,23546,22641,15915,19207
ENSG00000120942|UBIAD1,13686,12930,9376,11442
ENSG00000116874|WARS2,2970,3049,2258,2657
ENSG00000065600|PACC1,1018,1106,784,1033
ENSG00000162576|MXRA8,589,476,319,392
ENSG00000143006|DMRTB1,0,7,0,0
ENSG00000009780|FAM76A,1101,983,753,949
ENSG00000023572|GLRX2,2061,1686,1527,1890
ENSG00000132694|ARHGEF11,9494,10600,8068,10173
ENSG00000077254|USP33,11543,14838,10972,13773
ENSG00000143537|ADAM15,14584,13358,9559,12492
ENSG00000134644|PUM1,18737,23178,15069,18558
ENSG00000215788|TNFRSF25,3649,2995,2454,2962
ENSG00000143434|SEMA6C,1073,967,804,907
ENSG00000266472|MRPS21,10006,8963,6781,8484
ENSG00000117834|SLC5A9,16,21,10,6
ENSG00000117625|RCOR3,6606,7714,5603,7038
ENSG00000179902|C1orf194,38,28,18,22
ENSG00000020633|RUNX3,1163,1224,892,1035
ENSG00000121766|ZCCHC17,3504,3389,2745,3469
ENSG00000143157|POGK,17034,20040,15010,17963
ENSG00000160058|BSDC1,9387,9141,6953,8600
ENSG00000162873|KLHDC8A,9984,9933,5627,6798
ENSG00000162614|NEXN,184,200,199,216
ENSG00000160781|PAQR6,725,570,400,390
ENSG00000143344|RGL1,3205,4058,2508,3033
ENSG00000142748|FCN3,0,0,0,15
ENSG00000162613|FUBP1,28068,32567,24444,29423
ENSG00000116882|HAO2,0,0,6,0
ENSG00000198758|EPS8L3,0,0,2,0
ENSG00000049247|UTS2,3,0,0,0
ENSG00000132849|PATJ,7595,10072,7076,9130
ENSG00000117569|PTBP2,2325,2664,1931,2139
ENSG00000142856|ITGB3BP,2577,2870,2309,2943
ENSG00000158022|TRIM63,0,0,0,0
ENSG00000116396|KCNC4,59,49,26,56
ENSG00000058668|ATP2B4,24641,35725,20559,24940
ENSG00000163875|MEAF6,4638,4861,3555,4475
ENSG00000116726|PRAMEF12,0,0,0,0
ENSG00000282872|C1orf232,3,0,0,0
ENSG00000198821|CD247,13,25,21,42
ENSG00000162735|PEX19,9707,9987,7162,8950
ENSG00000179163|FUCA1,1670,1696,1223,1456
ENSG00000131238|PPT1,21386,22771,16790,21468
ENSG00000171680|PLEKHG5,6581,6092,5008,5851
ENSG00000075391|RASAL2,4614,6522,5155,6437
ENSG00000116977|LGALS8,7220,7764,5685,7403
ENSG00000221978|CCNL2,28701,25407,20925,23598
ENSG00000242485|MRPL20,18877,17294,11904,14293
ENSG00000179403|VWA1,3056,2754,2271,3043
ENSG00000215915|ATAD3C,849,668,545,598
ENSG00000135776|ABCB10,1691,1864,1506,1987
ENSG00000135763|URB2,5698,6633,5524,6547
ENSG00000135801|TAF5L,6470,7487,5357,6975
ENSG00000178828|RNF186,3,0,0,0
ENSG00000169914|OTUD3,1855,2129,1701,2118
ENSG00000188784|PLA2G2E,0,0,0,0
ENSG00000188257|PLA2G2A,0,0,0,0
ENSG00000177186|OR2M7,0,0,0,0
ENSG00000177174|OR14C36,0,0,0,0
ENSG00000282881|TMEM275,0,0,0,0
ENSG00000162456|KNCN,0,0,0,0
ENSG00000079277|MKNK1,2028,1806,1371,1709
ENSG00000142961|MOB3C,991,951,921,1060
ENSG00000117407|ARTN,378,346,248,306
ENSG00000117408|IPO13,4896,4768,3804,4339
ENSG00000132768|DPH2,9879,8625,5914,7408
ENSG00000117410|ATP6V0B,5634,4892,3517,4482
ENSG00000159214|CCDC24,1569,1380,922,1105
ENSG00000196517|SLC6A9,2695,2369,1781,2041
ENSG00000175143|OR2T1,0,0,0,0
ENSG00000196539|OR2T3,0,0,0,0
ENSG00000203661|OR2T5,0,0,0,0
ENSG00000183310|OR2T34,0,0,0,0
ENSG00000189181|OR14I1,0,2,0,0
ENSG00000187238|LCE3B,0,0,0,0
ENSG00000185962|LCE3A,0,2,0,0
ENSG00000187223|LCE2D,0,0,0,0
ENSG00000187180|LCE2C,0,0,0,0
ENSG00000159455|LCE2B,0,0,0,0
ENSG00000187173|LCE2A,0,0,0,0
ENSG00000204501|PRAMEF15,0,0,0,0
ENSG00000204481|PRAMEF14,0,0,0,0
ENSG00000204480|PRAMEF19,3,0,0,0
ENSG00000204479|PRAMEF17,0,0,0,0
ENSG00000204478|PRAMEF20,0,0,0,0
ENSG00000172031|EPHX4,1762,1749,1176,1565
ENSG00000230667|SETSIP,136,123,104,139
ENSG00000228594|FNDC10,5985,5394,3637,4862
ENSG00000189409|MMP23B,192,199,117,143
ENSG00000189339|SLC35E2B,29249,32415,22767,28666
ENSG00000008128|CDK11A,13905,11825,8668,10736
ENSG00000008130|NADK,15365,14918,11160,14211
ENSG00000078369|GNB1,96427,102392,76366,92915
ENSG00000169885|CALML6,23,9,21,15
ENSG00000178821|TMEM52,263,266,244,272
ENSG00000158477|CD1A,0,0,0,0
ENSG00000158481|CD1C,0,0,0,0
ENSG00000158485|CD1B,0,0,0,0
ENSG00000158488|CD1E,0,0,0,0
ENSG00000186306|OR10T2,0,0,0,0
ENSG00000117505|DR1,10725,11569,9301,11249
ENSG00000162889|MAPKAPK2,14342,14655,11526,13598
ENSG00000136634|IL10,10,15,0,11
ENSG00000162892|IL24,3,12,0,4
ENSG00000162894|FCMR,53,36,53,65
ENSG00000162896|PIGR,26,40,34,35
ENSG00000162897|FCAMR,0,0,4,0
ENSG00000182795|C1orf116,2188,2533,1512,2061
ENSG00000198890|PRMT6,8391,8859,5912,7239
ENSG00000142669|SH3BGRL3,7399,6857,4759,5648
ENSG00000158062|UBXN11,1964,1704,1067,1439
ENSG00000169442|CD52,0,0,0,0
ENSG00000176083|ZNF683,0,0,0,0
ENSG00000142910|TINAGL1,3248,3319,2613,3220
ENSG00000121764|HCRTR1,0,0,0,5
ENSG00000162517|PEF1,3757,3313,2346,2991
ENSG00000084636|COL16A1,327,307,258,261
ENSG00000085840|ORC1,3317,3640,3481,4147
ENSG00000203747|FCGR3A,0,0,0,0
ENSG00000142224|IL19,45,52,17,15
ENSG00000143751|SDE2,4432,4905,3900,4757
ENSG00000163041|H3-3A,54557,53379,39254,50333
ENSG00000182827|ACBD3,10280,11692,9279,11050
ENSG00000185155|MIXL1,41,20,18,39
ENSG00000143753|DEGS1,4777,4971,4171,5268
ENSG00000143748|NVL,4059,4328,3331,3867
ENSG00000143771|CNIH4,5638,5616,3882,4761
ENSG00000183682|BMP8A,106,115,93,136
ENSG00000163909|HEYL,1009,1152,818,1056
ENSG00000116983|HPCAL4,166,148,168,201
ENSG00000090621|PABPC4,30554,30660,23816,28127
ENSG00000143374|TARS2,8400,8295,5722,7248
ENSG00000143369|ECM1,190,146,124,123
ENSG00000143420|ENSA,31280,30176,22598,28170
ENSG00000143457|GOLPH3L,7241,8164,5464,6728
ENSG00000143452|HORMAD1,1262,1600,1376,1693
ENSG00000143384|MCL1,59042,70223,43638,58402
ENSG00000154342|WNT3A,12,16,8,5
ENSG00000143761|ARF1,43702,41597,29473,36561
ENSG00000143793|C1orf35,3384,2981,2183,2748
ENSG00000162910|MRPL55,2388,2265,1390,1666
ENSG00000198835|GJC2,187,165,90,122
ENSG00000181873|IBA57,1272,1437,1029,1176
ENSG00000154370|TRIM11,5533,5258,4078,4551
ENSG00000162931|TRIM17,139,173,154,127
ENSG00000168148|H3-4,1,4,4,4
ENSG00000181218|H2AW,517,465,162,193
ENSG00000196890|H2BU1,172,146,63,73
ENSG00000168159|RNF187,7747,6855,5213,6449
ENSG00000171960|PPIH,6868,6794,5400,6328
ENSG00000065978|YBX1,151844,155184,115375,135913
ENSG00000164007|CLDN19,12,0,0,5
ENSG00000117385|P3H1,2525,2604,1777,2072
ENSG00000164008|C1orf50,1331,1308,957,1352
ENSG00000283580,14,19,18,11
ENSG00000001460|STPG1,892,782,627,736
ENSG00000001461|NIPAL3,3596,3766,2731,3784
ENSG00000117602|RCAN3,3223,3940,3234,3810
ENSG00000184454|NCMAP,48,71,17,50
ENSG00000177606|JUN,39601,41521,24834,36416
ENSG00000116539|ASH1L,11423,18348,12851,15815
ENSG00000162923|WDR26,27535,34192,26803,32700
ENSG00000084652|TXLNA,13506,14227,10071,12846
ENSG00000160051|IQCC,684,758,706,737
ENSG00000160055|TMEM234,628,618,475,598
ENSG00000183615|FAM167B,26,15,14,25
ENSG00000182866|LCK,32,31,36,55
ENSG00000116478|HDAC1,19514,18927,14282,17660
ENSG00000175130|MARCKSL1,54117,50289,35520,44443
ENSG00000162526|TSSK3,58,55,61,48
ENSG00000225828|FAM229A,428,383,230,233
ENSG00000168679|SLC16A4,75,81,86,50
ENSG00000084623|EIF3I,50977,47985,32400,40752
ENSG00000134248|LAMTOR5,5226,4669,3315,4212
ENSG00000198492|YTHDF2,14870,16778,12098,14727
ENSG00000116329|OPRD1,21,28,12,13
ENSG00000253304|TMEM200B,16,4,6,6
ENSG00000116350|SRSF4,8686,8912,6474,7537
ENSG00000116353|MECR,2158,2105,1496,1839
ENSG00000186205|MTARC1,7804,7820,5708,7329
ENSG00000286231,0,0,32,0
ENSG00000136630|HLX,49,76,32,68
ENSG00000116141|MARK1,1956,2552,2035,2635
ENSG00000162817|C1orf115,1561,1534,1236,1576
ENSG00000117593|DARS2,9493,11265,8082,9709
ENSG00000185278|ZBTB37,2700,4027,3415,3693
ENSG00000135870|RC3H1,6066,7363,5875,7301
ENSG00000197852|INKA2,106,122,140,161
ENSG00000171385|KCND3,0,0,0,6
ENSG00000276600|RAB7B,348,404,410,426
ENSG00000158769|F11R,22966,23900,18994,23212
ENSG00000270149,52,128,19,63
ENSG00000215845|TSTD1,2169,1912,1149,1476
ENSG00000158773|USF1,6608,6251,4748,5713
ENSG00000186517|ARHGAP30,281,283,183,174
ENSG00000143217|NECTIN4,1829,1750,1040,1377
ENSG00000162755|KLHDC9,141,148,88,144
ENSG00000143256|PFDN2,8164,7327,5876,6656
ENSG00000158793|NIT1,3676,3436,2217,2891
ENSG00000158796|DEDD,5941,5988,4353,5438
ENSG00000196188|CTSE,2737,3563,2573,2906
ENSG00000163050|COQ8A,4467,4536,3167,4027
ENSG00000174574|AKIRIN1,21625,23529,17139,20889
ENSG00000168653|NDUFS5,18582,17094,12263,14428
ENSG00000288674,614,398,290,723
ENSG00000121931|LRIF1,4353,5145,3991,4938
ENSG00000134255|CEPT1,2809,2858,2351,2911
ENSG00000162777|DENND2D,1472,1577,1149,1488
ENSG00000064886|CHI3L2,5,8,12,8
ENSG00000156171|DRAM2,2379,2645,1812,2221
ENSG00000143515|ATP8B2,4202,4722,3944,4730
ENSG00000160712|IL6R,1730,1823,1168,1541
ENSG00000169291|SHE,392,480,483,545
ENSG00000187980|PLA2G2C,0,0,0,0
ENSG00000162543|UBXN10,0,0,8,0
ENSG00000143252|SDHC,11843,11167,8601,10707
ENSG00000143437|ARNT,6911,8519,6175,7587
ENSG00000283324|CTXND2,20,15,30,12
ENSG00000143799|PARP1,54625,62880,48591,58643
ENSG00000158864|NDUFS2,17230,16947,11209,13810
ENSG00000288636,0,1,1,0
ENSG00000117450|PRDX1,70100,67951,51962,63572
ENSG00000132780|NASP,27231,30307,27110,30953
ENSG00000159588|CCDC17,62,60,59,75
ENSG00000159592|GPBP1L1,16288,18824,13535,16712
ENSG00000159596|TMEM69,5584,5355,3988,5030
ENSG00000143570|SLC39A1,19499,18774,15042,17992
ENSG00000203710|CR1,0,0,0,0
ENSG00000143774|GUK1,11690,10280,7185,8701
ENSG00000142864|SERBP1,84995,98207,71839,87430
ENSG00000143390|RFX5,8755,9258,7833,9637
ENSG00000198160|MIER1,5878,7560,5935,7319
ENSG00000162426|SLC45A1,153,160,117,160
ENSG00000117245|KIF17,160,151,92,149
ENSG00000236334|PPIAL4G,5,2,4,3
ENSG00000085433|WDR47,1473,1774,1376,1734
ENSG00000188295|ZNF669,1167,1319,1045,1303
ENSG00000117155|SSX2IP,5763,7900,5596,7316
ENSG00000169905|TOR1AIP2,30993,34613,27927,33942
ENSG00000116750|UCHL5,11124,13485,10590,13016
ENSG00000235169|SMIM1,316,278,178,176
ENSG00000116514|RNF19B,1628,1498,1254,1696
ENSG00000143110|C1orf162,46,30,31,41
ENSG00000162419|GMEB1,2447,2598,1707,2228
ENSG00000130695|CEP85,2096,2348,1784,2103
ENSG00000154222|CC2D1B,4184,4126,2845,3859
ENSG00000173406|DAB1,82,137,53,91
ENSG00000197147|LRRC8B,6237,8471,6922,8632
ENSG00000189195|BTBD8,624,886,677,841
ENSG00000058673|ZC3H11A,25011,31067,24049,28230
ENSG00000163565|IFI16,8,13,0,0
ENSG00000127074|RGS13,0,0,0,8
ENSG00000117152|RGS4,15,11,3,0
ENSG00000131236|CAP1,37173,39886,28342,35234
ENSG00000097021|ACOT7,10950,10167,7597,9163
ENSG00000143337|TOR1AIP1,7428,8996,7077,8954
ENSG00000081870|HSPB11,2354,2206,2069,2435
ENSG00000078808|SDF4,31754,28836,20682,25042
ENSG00000133216|EPHB2,4480,4859,3539,4469
ENSG00000143183|TMCO1,20739,20846,15190,18251
ENSG00000142794|NBPF3,1971,2421,1848,2235
ENSG00000248333|CDK11B,24038,22930,16403,19911
ENSG00000162390|ACOT11,1509,1382,1048,1361
ENSG00000117448|AKR1A1,8343,7405,5427,6702
ENSG00000162687|KCNT2,365,610,557,765
ENSG00000143387|CTSK,577,601,366,558
ENSG00000159023|EPB41,10188,11607,8634,10839
ENSG00000176256|HMGB4,0,0,0,0
ENSG00000004455|AK2,29978,30838,21391,25300
ENSG00000142920|AZIN2,204,98,74,93
ENSG00000116525|TRIM62,1384,1357,935,1226
ENSG00000185888|PRSS38,0,0,0,3
ENSG00000163131|CTSS,492,598,407,579
ENSG00000183814|LIN9,4132,4690,3784,4836
ENSG00000274764|PRAMEF27,0,0,1,0
ENSG00000229571|PRAMEF25,2,0,0,0
ENSG00000275774|HNRNPCL2,0,0,0,0
ENSG00000280267|PRAMEF26,0,0,0,0
ENSG00000179412|HNRNPCL4,0,0,2,0
ENSG00000213516|RBMXL1,11376,14198,9045,11151
ENSG00000117226|GBP3,857,1098,783,878
ENSG00000117228|GBP1,6358,8580,5376,6488
ENSG00000162645|GBP2,8049,9403,5795,6613
ENSG00000213512|GBP7,101,53,67,41
ENSG00000162654|GBP4,4086,5320,3018,3752
ENSG00000126705|AHDC1,10199,10337,6567,8014
ENSG00000000938|FGR,12,0,0,8
ENSG00000126709|IFI6,1096,983,833,1077
ENSG00000277058|HNRNPCL3,0,0,2,0
ENSG00000137959|IFI44L,2174,2678,1772,2156
ENSG00000174151|CYB561D1,1855,1715,984,1315
ENSG00000181754|AMIGO1,1003,994,903,1003
ENSG00000156097|GPR61,40,33,65,78
ENSG00000065135|GNAI3,19457,21429,16274,20036
ENSG00000168765|GSTM4,3498,3384,2283,2491
ENSG00000134183|GNAT2,70,87,55,72
ENSG00000073756|PTGS2,129,126,120,133
ENSG00000153904|DDAH1,17393,20342,15607,19714
ENSG00000155380|SLC16A1,10072,11383,8747,10619
ENSG00000134259|NGF,6,9,12,26
ENSG00000188976|NOC2L,64419,60158,43854,53660
ENSG00000187961|KLHL17,1799,1551,1210,1463
ENSG00000187583|PLEKHN1,373,413,325,361
ENSG00000187642|PERM1,86,97,40,36
ENSG00000188290|HES4,4158,3486,2210,3073
ENSG00000187608|ISG15,2265,1876,1444,1883
ENSG00000188157|AGRN,214667,216121,138347,165920
ENSG00000256407,0,0,2,0
ENSG00000157211|CDCP2,0,2,10,0
ENSG00000116221|MRPL37,14144,13719,10054,12339
ENSG00000157216|SSBP3,8984,9099,5573,6821
ENSG00000117601|SERPINC1,22,14,0,22
ENSG00000135775|COG2,7433,8017,5466,6572
ENSG00000135773|CAPN9,343,403,264,290
ENSG00000119280|C1orf198,6047,6402,4689,5927
ENSG00000135744|AGT,76,48,141,48
ENSG00000137965|IFI44,1874,1935,1730,2063
ENSG00000163239|TDRD10,49,44,60,61
ENSG00000160714|UBE2Q1,14978,14984,11475,14130
ENSG00000160716|CHRNB2,118,127,72,110
ENSG00000160710|ADAR,43541,53269,40741,51443
ENSG00000123472|ATPAF1,8186,8232,5521,7153
ENSG00000186118|TEX38,9,10,9,0
ENSG00000159658|EFCAB14,11452,15004,10835,13390
ENSG00000142973|CYP4B1,705,686,378,521
ENSG00000143801|PSEN2,1726,1954,1395,1512
ENSG00000132185|FCRLA,0,0,0,0
ENSG00000162746|FCRLB,4,15,5,0
ENSG00000081721|DUSP12,3492,3481,2156,2899
ENSG00000082512|TRAF5,1214,1302,1443,1664
ENSG00000170385|SLC30A1,5534,6874,4883,6218
ENSG00000198570|RD3,140,126,132,135
ENSG00000118217|ATF6,9307,11586,8141,9770
ENSG00000117054|ACADM,4845,5361,4413,5247
ENSG00000137955|RABGGTB,7887,8219,6269,7660
ENSG00000057468|MSH4,0,0,0,7
ENSG00000213047|DENND1B,1717,2809,2165,2683
ENSG00000134376|CRB1,11,16,7,12
ENSG00000117400|MPL,79,94,59,65
ENSG00000117399|CDC20,25135,23188,11980,14577
ENSG00000066322|ELOVL1,6010,5498,3606,4410
ENSG00000159479|MED8,4913,4853,3297,4233
ENSG00000116337|AMPD2,7193,6895,4694,5934
ENSG00000066279|ASPM,16171,30004,18816,23409
ENSG00000117020|AKT3,148,168,126,177
ENSG00000198912|C1orf174,5985,5974,4237,5030
ENSG00000116604|MEF2D,7818,8023,5230,6860
ENSG00000183856|IQGAP3,12055,12197,9079,10468
ENSG00000163382|NAXE,13333,12755,8238,10417
ENSG00000160818|GPATCH4,11666,10808,8648,10138
ENSG00000132702|HAPLN2,3,3,4,3
ENSG00000132692|BCAN,6,0,0,5
ENSG00000132688|NES,437,631,713,757
ENSG00000143320|CRABP2,21556,20452,10956,12912
ENSG00000143319|ISG20L2,19226,19150,14047,17351
ENSG00000143303|RRNAD1,2932,3019,1724,2536
ENSG00000143314|MRPL24,8914,7861,5374,7001
ENSG00000143321|HDGF,85248,83650,59720,72418
ENSG00000143294|PRCC,14308,14144,10299,12400
ENSG00000027869|SH2D2A,141,147,115,146
ENSG00000204006|C1orf185,6,15,7,0
ENSG00000123091|RNF11,10261,12275,9280,11638
ENSG00000085832|EPS15,6369,8464,6009,7814
ENSG00000237330|RNF223,147,91,93,82
ENSG00000131591|C1orf159,6730,5776,4199,5073
ENSG00000085831|TTC39A,909,943,817,1169
ENSG00000187634|SAMD11,1295,1263,723,763
ENSG00000156875|MFSD14A,7332,5354,5209,6947
ENSG00000156876|SASS6,3237,4542,3844,4710
ENSG00000122435|TRMT13,3772,4517,3576,4235
ENSG00000122477|LRRC39,168,152,130,99
ENSG00000137992|DBT,5696,7123,5038,6239
ENSG00000137996|RTCA,6134,6236,4350,5386
ENSG00000137948|BRDT,0,0,11,17
ENSG00000121774|KHDRBS1,33842,38875,27821,35176
ENSG00000121775|TMEM39B,2744,2719,2013,2577
ENSG00000025800|KPNA6,19017,20323,14255,17374
ENSG00000160050|CCDC28B,435,416,359,423
ENSG00000064703|DDX20,3845,4369,3376,4154
ENSG00000122406|RPL5,113992,110080,77676,96432
ENSG00000154511|DIPK1A,1187,1253,1058,1284
ENSG00000143033|MTF2,5586,6821,5366,6634
ENSG00000189410|SH2D5,50,51,37,31
ENSG00000127483|HP1BP3,21087,23548,19711,23618
ENSG00000117298|ECE1,15675,16418,11181,13941
ENSG00000143502|SUSD4,6890,6592,4101,5153
ENSG00000178395|CCDC185,29,38,57,69
ENSG00000162620|LRRIQ3,189,248,185,190
ENSG00000116783|TNNI3K,13,38,4,5
ENSG00000162621|LRRC53,0,0,0,0
ENSG00000178965|ERICH3,13,16,18,9
ENSG00000116791|CRYZ,4541,5000,3549,4549
ENSG00000162623|TYW3,4321,4974,3537,4256
ENSG00000259030|FPGT-TNNI3K,247,265,181,225
ENSG00000154358|OBSCN,5821,7350,5564,5918
ENSG00000263464|PPIAL4C,7,8,9,3
ENSG00000203814|H2BC18,1540,1665,761,915
ENSG00000183598|H3C13,74,63,27,41
ENSG00000270882|H4C14,2938,3073,2069,2703
ENSG00000203811|H3C14,751,932,508,575
ENSG00000203812|H2AC18,4058,3618,1498,1801
ENSG00000272196|H2AC19,4244,3766,1582,1910
ENSG00000203852|H3C15,746,946,501,567
ENSG00000270276|H4C15,3014,3069,2084,2748
ENSG00000184678|H2BC21,10450,9095,3759,4710
ENSG00000184260|H2AC20,524,484,198,263
ENSG00000184270|H2AC21,171,131,67,65
ENSG00000178096|BOLA1,907,794,276,381
ENSG00000159164|SV2A,4555,4957,4652,5495
ENSG00000143368|SF3B4,28433,25726,18595,22991
ENSG00000150337|FCGR1A,112,98,27,42
ENSG00000170128|GPR25,0,0,3,0
ENSG00000163362|INAVA,4612,4549,3210,4123
ENSG00000116852|KIF21B,708,744,636,682
ENSG00000116857|TMEM9,10321,9827,6183,8052
ENSG00000163395|IGFN1,103,47,132,140
ENSG00000081248|CACNA1S,10,13,28,30
ENSG00000203943|SAMD13,441,471,237,311
ENSG00000174529|TMEM81,464,441,327,348
ENSG00000116984|MTR,10929,14867,11597,14826
ENSG00000143742|SRP9,27754,27810,21093,26211
ENSG00000196187|TMEM63A,1934,2031,1735,2012
ENSG00000243709|LEFTY1,22,0,4,14
ENSG00000255835,0,0,12,0
ENSG00000143811|PYCR2,8617,8185,6177,7536
ENSG00000143768|LEFTY2,14,0,0,0
ENSG00000143819|EPHX1,15975,15461,9411,12098
ENSG00000120948|TARDBP,31854,35660,27942,33391
ENSG00000009724|MASP2,495,535,333,398
ENSG00000116649|SRM,15560,13829,9907,12874
ENSG00000171824|EXOSC10,22880,23306,17276,21102
ENSG00000117614|SYF2,4896,4867,3574,4338
ENSG00000117616|RSRP1,3799,3650,3225,3620
ENSG00000187010|RHD,63,65,66,98
ENSG00000183726|TMEM50A,5944,5841,4333,5080
ENSG00000188672|RHCE,77,95,38,56
ENSG00000204178|MACO1,2077,2184,1609,2037
ENSG00000198860|TSEN15,6581,6765,4882,6159
ENSG00000160838|LRRC71,51,41,32,44
ENSG00000198400|NTRK1,10,22,0,14
ENSG00000155816|FMN2,0,16,7,3
ENSG00000180875|GREM2,10,10,9,0
ENSG00000134684|YARS1,19237,18677,13210,16413
ENSG00000125944|HNRNPR,12941,15246,11708,13857
ENSG00000143382|ADAMTSL4,139,126,99,92
ENSG00000184007|PTP4A2,30341,33822,23188,28987
ENSG00000288678,1,1,1,1
ENSG00000116580|GON4L,21031,24434,17474,20745
ENSG00000176092|CRYBG2,697,732,525,726
ENSG00000137942|FNBP1L,13099,18990,13847,16945
ENSG00000157077|ZFYVE9,4026,5028,3615,4780
ENSG00000162493|PDPN,6,12,0,0
ENSG00000162542|TMCO4,1790,1855,1111,1426
ENSG00000178922|HYI,87,48,44,70
ENSG00000121753|ADGRB2,3657,3765,2566,3027
ENSG00000162631|NTNG1,2232,2378,1601,2111
ENSG00000163374|YY1AP1,10498,10769,8008,9997
ENSG00000235098|ANKRD65,16,13,35,15
ENSG00000143740|SNAP47,6452,6365,4523,5817
ENSG00000117411|B4GALT2,9333,8689,6007,7312
ENSG00000162745|OLFML2B,62,60,76,54
ENSG00000187862|TTC24,40,45,31,50
ENSG00000162891|IL20,0,0,0,0
ENSG00000204518|AADACL4,0,0,0,0
ENSG00000137976|DNASE2B,0,0,0,0
ENSG00000203663|OR2L2,13,19,17,11
ENSG00000198128|OR2L3,0,0,0,0
ENSG00000171180|OR2M4,0,0,0,0
ENSG00000186501|TMEM222,3250,2830,2007,2688
ENSG00000133067|LGR6,105,78,28,76
ENSG00000185090|MANEAL,481,514,384,513
ENSG00000157873|TNFRSF14,30,20,24,22
ENSG00000204505|PRAMEF9,0,0,0,0
ENSG00000284733|OR4F29,1,2,0,2
ENSG00000081019|RSBN1,2485,3389,2181,2866
ENSG00000180667|YOD1,6138,8079,6495,8066
ENSG00000177151|OR2T35,0,0,0,0
ENSG00000180708|OR10K2,0,0,0,0
ENSG00000168264|IRF2BP2,21748,21711,13889,17902
ENSG00000162775|RBM15,2344,3376,2865,3809
ENSG00000053371|AKR7A2,2605,2540,1963,2467
ENSG00000081692|JMJD4,3538,3219,2260,2399
ENSG00000179023|KLHDC7A,0,0,0,0
ENSG00000173171|MTX1,6841,6215,4495,5424
ENSG00000132128|LRRC41,6857,6211,4291,5184
ENSG00000143862|ARL8A,4912,4476,3662,4760
ENSG00000170075|GPR37L1,61,90,62,134
ENSG00000143376|SNX27,10124,11554,8661,11047
ENSG00000159409|CELF3,49,77,33,47
ENSG00000178796|RIIAD1,0,6,0,0
ENSG00000143436|MRPL9,12103,10902,8362,10079
ENSG00000143450|OAZ3,263,214,158,199
ENSG00000182134|TDRKH,4893,5196,3666,4950
ENSG00000213171|LINGO4,6,0,0,0
ENSG00000143365|RORC,101,91,29,45
ENSG00000225556|C2CD4D,56,63,42,47
ENSG00000196407|THEM5,45,34,48,31
ENSG00000159445|THEM4,6514,6671,4986,5986
ENSG00000197747|S100A10,59698,53306,38868,48322
ENSG00000123473|STIL,6251,8828,6353,7831
ENSG00000198854|C1orf68,0,0,0,0
ENSG00000203786|KPRP,0,0,3,0
ENSG00000240386|LCE1F,0,0,0,0
ENSG00000186226|LCE1E,0,0,0,0
ENSG00000172155|LCE1D,0,0,0,0
ENSG00000020129|NCDN,9813,9089,5996,7779
ENSG00000116819|TFAP2E,358,322,227,267
ENSG00000237763|AMY1A,381,310,177,293
ENSG00000174876|AMY1B,169,173,114,142
ENSG00000187733|AMY1C,372,314,158,283
ENSG00000186603|HPDL,151,166,104,158
ENSG00000197454|OR2L5,0,0,0,0
ENSG00000117643|MAN1C1,34,30,18,27
ENSG00000162430|SELENON,13368,13470,10540,13376
ENSG00000173212|MAB21L3,723,1074,878,1020
ENSG00000163531|NFASC,2669,3123,2749,3225
ENSG00000184144|CNTN2,70,91,112,143
ENSG00000143028|SYPL2,19,10,5,13
ENSG00000154429|CCSAP,5659,6905,5083,6560
ENSG00000143632|ACTA1,16,8,11,20
ENSG00000187815|ZFP69,98,129,177,170
ENSG00000117010|ZNF684,726,809,736,849
ENSG00000164002|EXO5,234,218,245,255
ENSG00000180098|TRNAU1AP,2665,2587,1955,2286
ENSG00000120656|TAF12,4624,4588,3604,4091
ENSG00000188060|RAB42,268,255,275,359
ENSG00000240038|AMY2B,290,189,125,196
ENSG00000243480|AMY2A,30,18,0,17
ENSG00000117266|CDK18,5608,5581,3734,4816
ENSG00000170498|KISS1,61,44,32,41
ENSG00000174567|GOLT1A,537,394,293,370
ENSG00000143850|PLEKHA6,3295,4150,3018,4069
ENSG00000158615|PPP1R15B,18325,21901,16212,21154
ENSG00000133056|PIK3C2B,5896,6891,4608,5455
ENSG00000198625|MDM4,9105,9725,7852,9174
ENSG00000143776|CDC42BPA,11251,16331,11542,14116
ENSG00000197056|ZMYM1,8079,10627,8135,9641
ENSG00000116560|SFPQ,58915,67888,46582,55459
ENSG00000203910|C1orf146,11,2,5,0
ENSG00000174842|GLMN,2113,2288,1785,2079
ENSG00000122484|RPAP2,4615,6069,4699,5524
ENSG00000162676|GFI1,96,92,57,83
ENSG00000067208|EVI5,2132,2639,2085,2656
ENSG00000279111|OR10X1,0,0,0,0
ENSG00000187701|OR2T27,0,0,0,0
ENSG00000203757|OR6K3,0,0,0,0
ENSG00000188340|OR6N2,0,0,0,0
ENSG00000163563|MNDA,0,0,0,0
ENSG00000196772|OR14A16,0,0,0,0
ENSG00000197591|OR11L1,0,0,0,0
ENSG00000162722|TRIM58,14,3,0,0
ENSG00000238243|OR2W3,0,0,0,0
ENSG00000177275|OR2AJ1,0,0,0,0
ENSG00000279263|OR2L8,0,0,0,0
ENSG00000132781|MUTYH,2764,2275,1740,2029
ENSG00000197532|OR6Y1,0,0,0,0
ENSG00000121903|ZSCAN20,1900,2349,1473,1766
ENSG00000198104|OR2T6,0,0,0,1
ENSG00000162727|OR2M5,0,0,0,0
ENSG00000198601|OR2M2,0,0,0,0
ENSG00000117523|PRRC2C,56138,76613,56609,68122
ENSG00000283683|MYOCOS,12,15,5,6
ENSG00000034971|MYOC,0,5,8,0
ENSG00000187730|GABRD,9,0,6,10
ENSG00000142609|CFAP74,344,290,240,303
ENSG00000116809|ZBTB17,7177,6442,4704,5900
ENSG00000183888|SRARP,0,0,0,0
ENSG00000173641|HSPB7,88,125,89,103
ENSG00000186510|CLCNKA,368,408,328,375
ENSG00000185519|FAM131C,554,639,394,566
ENSG00000184908|CLCNKB,529,481,425,503
ENSG00000116785|CFHR3,76,85,93,109
ENSG00000244414|CFHR1,31,44,0,41
ENSG00000134365|CFHR4,0,0,0,0
ENSG00000177462|OR2T8,0,0,0,0
ENSG00000142634|EFHD2,9934,9805,7512,9289
ENSG00000162438|CTRC,28,11,7,6
ENSG00000142621|FHAD1,829,1028,640,743
ENSG00000169214|OR6F1,0,0,0,0
ENSG00000239395,0,0,0,0
ENSG00000241128|OR14A2,0,0,0,0
ENSG00000153230|OR14K1,0,0,0,0
ENSG00000173285|OR10K1,0,0,0,0
ENSG00000177201|OR2T12,0,0,3,0
ENSG00000177212|OR2T33,0,0,0,0
ENSG00000160062|ZBTB8A,1027,1107,916,1223
ENSG00000176261|ZBTB8OS,3434,3364,2570,2806
ENSG00000177535|OR2B11,0,0,0,0
ENSG00000213281|NRAS,16177,20429,15194,18897
ENSG00000009307|CSDE1,96362,117761,86498,107651
ENSG00000052723|SIKE1,9084,11059,8800,11100
ENSG00000180433|OR6K6,0,0,0,0
ENSG00000182783|OR2T29,0,0,0,0
ENSG00000186092|OR4F5,0,0,0,0
ENSG00000188558|OR2G6,0,0,0,0
ENSG00000077522|ACTN2,0,15,20,17
ENSG00000196240|OR2T2,0,0,0,0
ENSG00000197437|OR13G1,0,0,0,0
ENSG00000221888|OR1C1,0,0,0,0
ENSG00000228198|OR2M3,0,0,0,0
ENSG00000184022|OR2T10,0,0,0,0
ENSG00000197403|OR6N1,0,0,0,0
ENSG00000279301|OR2T11,0,0,0,0
ENSG00000198967|OR10Z1,0,0,0,0
ENSG00000163554|SPTA1,0,0,0,6
ENSG00000198965|OR10R2,0,0,0,0
ENSG00000050628|PTGER3,1092,1593,1284,1661
ENSG00000132485|ZRANB2,12061,12849,10154,11651
ENSG00000143379|SETDB1,10727,11084,7731,9325
ENSG00000143418|CERS2,28069,27279,21767,28027
ENSG00000143412|ANXA9,2044,2072,1326,1868
ENSG00000143363|PRUNE1,9370,9976,7310,9598
ENSG00000163141|BNIPL,142,173,80,141
ENSG00000143443|C1orf56,2311,2281,1392,1702
ENSG00000197622|CDC42SE1,24372,26611,18401,21682
ENSG00000213190|MLLT11,2482,2653,2120,2419
ENSG00000143409|MINDY1,2121,2213,1614,1855
ENSG00000162783|IER5,5243,4700,3628,4634
ENSG00000153029|MR1,1019,1107,884,1238
ENSG00000160785|SLC25A44,13502,14081,10413,12358
ENSG00000091483|FH,14218,13708,9407,11998
ENSG00000117009|KMO,27,28,40,34
ENSG00000054277|OPN3,1179,1282,874,1172
ENSG00000203668|CHML,7812,13083,9757,12293
ENSG00000054523|KIF1B,55682,81487,53754,67661
ENSG00000197785|ATAD3A,21973,19538,14272,17640
ENSG00000205090|TMEM240,424,378,273,384
ENSG00000160075|SSU72,31217,28567,19843,24803
ENSG00000197530|MIB2,10433,8471,6618,7747
ENSG00000116128|BCL9,13649,15379,10763,13064
ENSG00000174371|EXO1,5158,6639,5922,7768
ENSG00000196289|BECN2,0,8,6,13
ENSG00000197769|MAP1LC3C,250,235,106,156
ENSG00000162843|WDR64,0,0,0,0
ENSG00000152760|DYNLT5,0,0,0,0
ENSG00000152763|DNAI4,371,446,246,317
ENSG00000118473|SGIP1,622,850,827,860
ENSG00000143815|LBR,12136,15044,9641,12105
ENSG00000185842|DNAH14,2055,2325,1756,2161
ENSG00000222046|DCDC2B,36,38,17,40
ENSG00000143479|DYRK3,2717,3326,2618,3195
ENSG00000120337|TNFSF18,7,0,0,0
ENSG00000162368|CMPK1,11378,13082,9838,11781
ENSG00000212916|MAP10,0,0,0,0
ENSG00000162624|LHX8,0,7,0,0
ENSG00000117600|PLPPR4,127,186,199,297
ENSG00000076864|RAP1GAP,2334,2185,1532,1682
ENSG00000116981|NT5C1A,235,355,327,438
ENSG00000119283|TRIM67,396,593,337,318
ENSG00000116191|RALGPS2,8568,11942,8260,10743
ENSG00000254685|FPGT,1572,1935,1347,1718
ENSG00000177144|NUDT4B,2148,2433,1862,2072
ENSG00000162398|LEXM,17,17,10,9
ENSG00000132196|HSD17B7,1554,1489,1086,1417
ENSG00000163125|RPRD2,15848,19453,14398,17605
ENSG00000271383|NBPF19,3051,4013,2852,3741
ENSG00000205116|TMEM88B,75,47,69,54
ENSG00000117481|NSUN4,4206,4923,3949,4783
ENSG00000196944|OR2T4,0,0,1,0
ENSG00000172410|INSL5,0,0,0,0
ENSG00000116996|ZP4,0,0,0,0
ENSG00000196418|ZNF124,910,928,815,940
ENSG00000186440|OR6P1,0,0,0,0
ENSG00000232237|ASCL5,49,73,83,39
ENSG00000196427|NBPF4,0,0,2,0
ENSG00000263513|FAM72C,2431,2790,1468,1612
ENSG00000143393|PI4KB,15951,15935,12203,14311
ENSG00000197241|SLC2A7,3,0,2,6
ENSG00000196171|OR6K2,0,0,0,3
ENSG00000187170|LCE4A,2,0,0,0
ENSG00000160789|LMNA,85715,78877,47319,57914
ENSG00000127603|MACF1,20525,33405,23757,29501
ENSG00000219481|NBPF1,2800,3596,3223,3929
ENSG00000169717|ACTRT2,0,0,0,0
ENSG00000187942|LDLRAD2,57,51,61,40
ENSG00000142798|HSPG2,17497,19166,12715,15599
ENSG00000219073|CELA3B,0,0,0,0
ENSG00000142789|CELA3A,0,0,0,0
ENSG00000070831|CDC42,23080,25095,17354,22099
ENSG00000162552|WNT4,509,565,410,467
ENSG00000263961|RHEX,22681,20554,12781,16003
ENSG00000198049|AVPR1B,1168,1576,786,739
ENSG00000196550|FAM72A,3860,4475,2447,2762
ENSG00000266028|SRGAP2,10181,11314,6924,7940
ENSG00000263528|IKBKE,1724,1621,1365,1297
ENSG00000266094|RASSF5,126,96,192,194
ENSG00000143486|EIF2D,6201,5773,4220,5455
ENSG00000058453|CROCC,1141,1075,853,1066
ENSG00000143494|VASH2,212,234,178,249
ENSG00000215883|CYB5RL,1663,1751,1288,1539
ENSG00000158816|VWA5B1,0,0,0,0
ENSG00000162650|ATXN7L2,1264,1119,930,990
ENSG00000120334|CENPL,3986,4783,3387,4153
ENSG00000162714|ZNF496,8495,9081,6129,7770
ENSG00000179639|FCER1A,0,0,0,0
ENSG00000152061|RABGAP1L,15181,20869,14063,15803
ENSG00000116748|AMPD1,0,0,0,11
ENSG00000177414|UBE2U,0,0,0,0
ENSG00000286015,83,108,78,83
ENSG00000143147|GPR161,16127,20170,10610,13285
ENSG00000121904|CSMD2,0,0,6,0
ENSG00000134256|CD101,245,235,148,215
ENSG00000143772|ITPKB,4992,5353,4327,5390
ENSG00000049246|PER3,6001,7969,5483,7219
ENSG00000197084|LCE1C,0,0,0,0
ENSG00000273213|H3-2,130,118,61,88
ENSG00000184599|TAFA3,54,39,32,50
ENSG00000187800|PEAR1,30,48,40,46
ENSG00000135838|NPL,663,774,703,826
ENSG00000180198|RCC1,14993,15088,11332,14044
ENSG00000159527|PGLYRP3,0,12,5,12
ENSG00000122483|CCDC18,2075,2574,2091,2303
ENSG00000263956|NBPF11,3063,3184,2716,2884
ENSG00000203963|C1orf141,0,0,0,0
ENSG00000117501|MROH9,0,0,0,0
ENSG00000143851|PTPN7,14,0,17,18
ENSG00000196805|SPRR2B,0,0,0,0
ENSG00000266338|NBPF15,3647,3877,3244,3533
ENSG00000116922|C1orf109,3282,3192,2453,3059
ENSG00000179546|HTR1D,20,16,30,41
ENSG00000143536|CRNN,29,33,16,40
ENSG00000186207|LCE5A,5,4,0,8
ENSG00000169509|CRCT1,0,0,0,0
ENSG00000185966|LCE3E,0,0,0,0
ENSG00000163202|LCE3D,0,0,0,0
ENSG00000244057|LCE3C,0,0,0,0
ENSG00000092850|TEKT2,208,147,74,175
ENSG00000116863|ADPRS,3660,3451,2465,3156
ENSG00000171812|COL8A2,52,71,119,136
ENSG00000054116|TRAPPC3,6336,5913,4617,5331
ENSG00000116871|MAP7D1,14521,13667,9916,12205
ENSG00000160094|ZNF362,5162,4674,3572,4231
ENSG00000184389|A3GALT2,0,0,0,0
ENSG00000134686|PHC2,9474,8961,6698,8128
ENSG00000196242|OR2C3,0,0,0,0
ENSG00000075151|EIF4G3,16157,22425,15645,18258
ENSG00000197956|S100A6,10201,9028,5289,6782
ENSG00000196420|S100A5,41,27,14,21
ENSG00000196154|S100A4,6384,5498,3173,4145
ENSG00000188015|S100A3,120,109,44,65
ENSG00000196754|S100A2,5708,5093,2937,3799
ENSG00000188643|S100A16,477,511,393,475
ENSG00000189334|S100A14,2277,2541,2024,2604
ENSG00000189171|S100A13,13789,11853,8469,9742
ENSG00000160678|S100A1,5648,5009,2882,3988
ENSG00000160679|CHTOP,17446,16941,12008,14541
ENSG00000143553|SNAPIN,7964,7520,4893,6354
ENSG00000214193|SH3D21,1763,1709,1828,1785
ENSG00000196182|STK40,4178,3921,2745,3574
ENSG00000181817|LSM10,2285,2004,1398,1759
ENSG00000116885|OSCP1,742,626,369,406
ENSG00000116898|MRPS15,9034,8147,6263,7470
ENSG00000119535|CSF3R,0,0,3,3
ENSG00000142694|EVA1B,386,186,128,403
ENSG00000143727|ACP1,16275,16377,12779,15427
ENSG00000115705|TPO,101,111,62,69
ENSG00000189292|ALKAL2,20,14,0,17
ENSG00000286905,144,96,109,84
ENSG00000171853|TRAPPC12,4339,4912,3263,4010
ENSG00000182551|ADI1,8073,7941,6143,7611
ENSG00000130508|PXDN,40205,47687,32338,39841
ENSG00000115738|ID2,13340,13636,7754,8319
ENSG00000151360|ALLC,0,0,4,3
ENSG00000172554|SNTG2,0,0,0,0
ENSG00000118004|COLEC11,23,20,10,27
ENSG00000171865|RNASEH1,9672,10349,7337,8775
ENSG00000134330|IAH1,3670,3698,1938,3060
ENSG00000151694|ADAM17,11570,13777,10788,13163
ENSG00000151353|TMEM18,2319,2222,1513,1981
ENSG00000171863|RPS7,78121,70838,47458,61238
ENSG00000151379|MSGN1,0,3,0,0
ENSG00000163029|SMC6,5295,7643,6303,7757
ENSG00000035115|SH3YL1,3248,3629,2681,3447
ENSG00000162981|LRATD1,1577,1614,635,774
ENSG00000151693|ASAP2,4198,6394,4188,5349
ENSG00000134308|YWHAQ,81384,84474,63391,78163
ENSG00000169006|NTSR2,0,0,0,0
ENSG00000084674|APOB,0,0,0,3
ENSG00000119771|KLHL29,5649,5797,4532,5409
ENSG00000084754|HADHA,29622,31029,22145,27968
ENSG00000214866|DCDC2C,10,0,4,0
ENSG00000176887|SOX11,16042,17658,11987,14072
ENSG00000163794|UCN,27,64,27,22
ENSG00000171303|KCNK3,254,308,113,145
ENSG00000084764|MAPRE3,2485,2331,1648,1959
ENSG00000277893|SRD5A2,0,0,0,0
ENSG00000143797|MBOAT2,1932,2392,2150,2732
ENSG00000143867|OSR1,83,78,74,92
ENSG00000163026|WDCP,4117,4143,3319,4114
ENSG00000183891|TTC32,623,557,403,607
ENSG00000157851|DPYSL5,102,113,150,65
ENSG00000134323|MYCN,231,178,139,140
ENSG00000115204|MPV17,5848,5536,4202,5125
ENSG00000084710|EFR3B,283,286,225,227
ENSG00000196208|GREB1,765,882,693,813
ENSG00000178295|GEN1,4736,6325,5708,6680
ENSG00000163032|VSNL1,0,3,12,3
ENSG00000185013|NT5C1B,70,38,54,113
ENSG00000138050|THUMPD2,2122,2125,1673,2359
ENSG00000115194|SLC30A3,25,62,25,37
ENSG00000115761|NOL10,8023,8954,6406,8047
ENSG00000186453|FAM228A,0,6,0,0
ENSG00000115129|TP53I3,2212,2025,1303,1592
ENSG00000173567|ADGRF3,134,107,133,104
ENSG00000179270|PCARE,0,0,9,12
ENSG00000138085|ATRAID,9154,8568,5900,7241
ENSG00000138061|CYP1B1,2503,3107,1994,2228
ENSG00000152154|TMEM178A,933,970,448,564
ENSG00000118961|LDAH,5022,6189,3997,4995
ENSG00000132031|MATN3,71,67,102,146
ENSG00000118960|HS1BP3,1955,1978,1410,1604
ENSG00000205221|VIT,7670,7644,3866,5356
ENSG00000119778|ATAD2B,2110,3629,2449,3067
ENSG00000143994|ABHD1,192,295,157,250
ENSG00000068784|SRBD1,3503,4636,3450,4556
ENSG00000018699|TTC27,3930,4368,2999,3779
ENSG00000162949|CAPN13,542,554,446,546
ENSG00000049323|LTBP1,21617,28590,17104,20487
ENSG00000214711|CAPN14,220,188,128,197
ENSG00000213639|PPP1CB,55790,65526,46925,58204
ENSG00000095002|MSH2,13485,17218,14444,17780
ENSG00000143869|GDF7,60,57,27,36
ENSG00000158125|XDH,145,183,118,145
ENSG00000276087,0,0,15,8
ENSG00000119760|SUPT7L,5901,6196,5175,6170
ENSG00000177994|C2orf73,0,18,0,19
ENSG00000163793|DNAJC5G,0,0,0,0
ENSG00000171132|PRKCE,2884,3854,1799,2317
ENSG00000138039|LHCGR,65,137,85,145
ENSG00000138018|SELENOI,18380,25225,18694,23202
ENSG00000011566|MAP4K3,6298,8584,6196,7525
ENSG00000138028|CGREF1,916,980,686,822
ENSG00000228474|OST4,12965,11672,8126,10826
ENSG00000075426|FOSL2,16225,19401,11617,14090
ENSG00000138030|KHK,309,245,175,253
ENSG00000138080|EMILIN1,171,220,130,210
ENSG00000084774|CAD,16405,16481,12930,15698
ENSG00000171126|KCNG3,221,290,274,386
ENSG00000115808|STRN,6652,9738,7695,9756
ENSG00000115163|CENPA,3768,3637,1853,2246
ENSG00000179833|SERTAD2,13036,16092,11378,14060
ENSG00000163798|SLC4A1AP,5274,6328,4430,5477
ENSG00000115380|EFEMP1,3511,3880,2789,3880
ENSG00000170820|FSHR,0,0,0,0
ENSG00000013016|EHD3,7696,8234,5129,6262
ENSG00000279956,0,0,2,1
ENSG00000273398,135,115,67,155
ENSG00000115421|PAPOLG,2726,3329,2428,3074
ENSG00000119844|AFTPH,6939,8007,5945,7183
ENSG00000186143|PRR30,0,0,0,3
ENSG00000143942|CHAC2,891,964,721,837
ENSG00000115310|RTN4,19618,21121,15787,19356
ENSG00000138029|HADHB,10219,10294,7271,9056
ENSG00000171055|FEZ2,4454,4781,3114,4017
ENSG00000162881|OXER1,0,6,0,1
ENSG00000138079|SLC3A1,128,129,27,60
ENSG00000196975|ANXA4,2901,3053,2357,2984
ENSG00000198522|GPN1,9304,9258,6821,8175
ENSG00000119203|CPSF3,14417,15081,10958,13021
ENSG00000162882|HAAO,7,0,0,0
ENSG00000170634|ACYP2,865,839,570,700
ENSG00000143951|WDPCP,1256,1254,802,991
ENSG00000162928|PEX13,3752,4395,3508,4319
ENSG00000115944|COX7A2L,15439,15490,10858,13788
ENSG00000170264|FAM161A,850,1270,1185,1390
ENSG00000116039|ATP6V1B1,1084,1013,507,761
ENSG00000144040|SFXN5,890,810,729,814
ENSG00000075292|ZNF638,13913,21139,15234,18226
ENSG00000219626|FAM228B,393,644,372,503
ENSG00000119787|ATL2,13222,14936,10320,13165
ENSG00000116005|PCYOX1,11278,14308,10875,13359
ENSG00000151779|NBAS,4265,5914,3839,4642
ENSG00000275052|PPP4R3B,14039,17712,13310,16445
ENSG00000115902|SLC1A4,798,879,830,977
ENSG00000068912|ERLEC1,8828,9558,7021,8846
ENSG00000115464|USP34,18028,29532,22476,26177
ENSG00000116035|VAX2,54,62,30,45
ENSG00000143971|ETAA1,0,4,0,3
ENSG00000152518|ZFP36L2,17338,18378,11290,14661
ENSG00000214595|EML6,302,282,278,369
ENSG00000213626|LBH,12987,13693,11564,14473
ENSG00000171103|TRMT61B,2581,2790,2077,2401
ENSG00000116031|CD207,11,13,5,16
ENSG00000243667|WDR92,2589,2767,2002,2366
ENSG00000162927|PUS10,717,965,700,831
ENSG00000180398|MCFD2,13599,15963,12180,15393
ENSG00000243147|MRPL33,5882,5313,4289,5099
ENSG00000186854|TRABD2A,556,650,618,677
ENSG00000176732|PFN4,160,167,165,168
ENSG00000115363|EVA1A,2441,2454,1615,2079
ENSG00000143889|HNRNPLL,5762,6429,4257,5672
ENSG00000168890|TMEM150A,2086,1735,1195,1343
ENSG00000239605|STPG4,7,6,3,7
ENSG00000115484|CCT4,39069,39579,28524,34938
ENSG00000115946|PNO1,6026,6280,4209,5280
ENSG00000124357|NAGK,3909,3691,2981,3429
ENSG00000168906|MAT2A,44034,47265,39808,46486
ENSG00000138035|PNPT1,8177,9621,7204,8917
ENSG00000119888|EPCAM,32842,34079,24919,32187
ENSG00000163806|SPDYA,127,99,117,149
ENSG00000285542,0,0,6,26
ENSG00000170577|SIX2,244,237,230,298
ENSG00000138083|SIX3,78,92,118,113
ENSG00000124383|MPHOSPH10,6970,8192,6222,7688
ENSG00000213699|SLC35F6,4958,5366,3778,4690
ENSG00000168887|C2orf68,17526,18081,12831,16472
ENSG00000068878|PSME4,34232,45432,31756,39476
ENSG00000115350|POLE4,3528,3207,2383,2980
ENSG00000135625|EGR4,0,5,3,4
ENSG00000144043|TEX261,10114,9926,7055,8541
ENSG00000115486|GGCX,20428,21490,16392,20302
ENSG00000143954|REG3G,0,0,0,0
ENSG00000115386|REG1A,0,0,0,0
ENSG00000152147|GEMIN6,3560,3003,2348,2858
ENSG00000143933|CALM2,43521,41984,35587,44305
ENSG00000152672|CLEC4F,10,0,7,10
ENSG00000115239|ASB3,3158,3370,2526,3301
ENSG00000163219|ARHGAP25,52,77,70,93
ENSG00000273269,0,0,0,0
ENSG00000116016|EPAS1,3403,3789,3028,3777
ENSG00000143919|CAMKMT,1119,1245,782,922
ENSG00000138074|SLC5A6,4488,4304,3201,3764
ENSG00000135631|RAB11FIP5,956,941,970,1002
ENSG00000171150|SOCS5,2870,3611,2391,3125
ENSG00000119737|GPR75,462,614,525,635
ENSG00000115042|FAHD2A,1768,1611,1218,1255
ENSG00000075340|ADD2,664,882,673,735
ENSG00000176407|KCMF1,10254,11246,7647,9793
ENSG00000119866|BCL11A,3112,3059,2210,2700
ENSG00000034510|TMSB10,85132,79724,54790,69248
ENSG00000214513|NOTO,4,0,0,0
ENSG00000172116|CD8B,0,0,0,0
ENSG00000221843|C2orf16,718,1093,757,981
ENSG00000239305|RNF103,2588,3176,2383,3035
ENSG00000125551|PLGLB2,145,120,119,145
ENSG00000115364|MRPL19,8481,10203,7386,8845
ENSG00000144031|ANKRD53,20,16,22,14
ENSG00000124374|PAIP2B,2132,2492,1711,2231
ENSG00000163586|FABP1,9,6,0,0
ENSG00000259916,0,0,0,0
ENSG00000168874|ATOH8,5018,5126,2563,2526
ENSG00000168878|SFTPB,14,0,6,11
ENSG00000163803|PLB1,206,149,129,170
ENSG00000135624|CCT7,46979,46359,33980,41383
ENSG00000121152|NCAPH,8921,9816,7145,8863
ENSG00000170802|FOXN2,2635,3152,2526,3115
ENSG00000243943|ZNF512,7203,7708,6030,7434
ENSG00000173163|COMMD1,1713,1511,1032,1290
ENSG00000115306|SPTBN1,54064,73661,53374,63012
ENSG00000162878|PKDCC,50,48,49,72
ENSG00000172023|REG1B,0,0,0,0
ENSG00000168894|RNF181,9085,7910,5853,7460
ENSG00000152284|TCF7L1,5506,5309,3197,3874
ENSG00000159399|HK2,12716,15213,10172,13275
ENSG00000042493|CAPG,1332,1294,1091,1243
ENSG00000168883|USP39,18758,19184,13601,16573
ENSG00000055813|CCDC85A,45,67,28,40
ENSG00000228486|C2orf92,232,199,172,173
ENSG00000158089|GALNT14,926,891,768,892
ENSG00000158435|CNOT11,10787,11244,8305,10009
ENSG00000115353|TACR1,508,538,349,376
ENSG00000183023|SLC8A1,867,1262,785,1046
ENSG00000138032|PPM1B,5594,6984,5068,6163
ENSG00000135972|MRPS9,6148,6380,4619,5244
ENSG00000157884|CIB4,46,29,14,27
ENSG00000118640|VAMP8,6366,5455,4396,5317
ENSG00000119801|YPEL5,5430,5643,3986,5075
ENSG00000119862|LGALSL,2788,3281,2717,3346
ENSG00000185304|RGPD2,1597,1937,1446,1769
ENSG00000119777|TMEM214,7955,7543,5308,6545
ENSG00000115041|KCNIP3,375,399,272,296
ENSG00000115956|PLEK,6,13,15,9
ENSG00000153561|RMND5A,15610,19715,14847,19248
ENSG00000163060|TEKT4,0,0,0,0
ENSG00000115616|SLC9A2,597,802,646,915
ENSG00000071082|RPL31,62090,54440,37416,48324
ENSG00000119782|FKBP1B,82,98,91,136
ENSG00000075568|TMEM131,5414,6975,4775,5826
ENSG00000135974|C2orf49,3873,4520,3085,3787
ENSG00000163162|RNF149,4680,4999,3920,4766
ENSG00000005436|GCFC2,4320,5490,3960,5062
ENSG00000143882|ATP6V1C2,229,191,151,149
ENSG00000258881,41,35,39,13
ENSG00000115423|DNAH6,270,425,273,434
ENSG00000068697|LAPTM4A,11470,11733,8771,10982
ENSG00000214842|RAD51AP2,0,0,0,0
ENSG00000257207,81,33,240,29
ENSG00000115355|CCDC88A,4165,5764,5035,6088
ENSG00000143995|MEIS1,10153,10886,6022,7038
ENSG00000172086|KRCC1,2823,3295,2261,2682
ENSG00000184731|FAM110C,541,643,479,598
ENSG00000204923|FBXO48,410,439,331,461
ENSG00000175874|CREG2,36,19,14,18
ENSG00000115507|OTX1,453,430,322,420
ENSG00000173960|UBXN2A,4454,5001,4156,4910
ENSG00000135973|GPR45,11,17,32,22
ENSG00000144057|ST6GAL2,2416,3247,2497,2736
ENSG00000152689|RASGRP3,85,68,39,54
ENSG00000178021|TSPYL6,2,14,6,7
ENSG00000171094|ALK,804,1052,535,599
ENSG00000163792|TCF23,17,8,4,21
ENSG00000163235|TGFA,1808,2261,1627,2165
ENSG00000084693|AGBL5,8246,8464,5991,7637
ENSG00000168658|VWA3B,0,0,3,7
ENSG00000115875|SRSF7,20836,20085,14661,17189
ENSG00000152291|TGOLN2,27110,32617,24799,30491
ENSG00000115295|CLIP4,1379,1566,1342,1821
ENSG00000163121|NEURL3,23,14,11,13
ENSG00000173557|FAM166C,162,146,99,124
ENSG00000068724|TTC7A,2513,2561,2065,2380
ENSG00000115207|GTF3C2,14739,15110,10281,12789
ENSG00000169621|APLF,317,367,242,389
ENSG00000153214|TMEM87B,3052,3911,2742,3571
ENSG00000135638|EMX1,3,2,0,0
ENSG00000162869|PPP1R21,2901,3181,1934,2519
ENSG00000168899|VAMP5,182,211,162,150
ENSG00000135951|TSGA10,936,1103,944,1045
ENSG00000135622|SEMA4F,1884,2005,1547,1974
ENSG00000186281|GPAT2,23,22,17,7
ENSG00000264324,316,459,246,347
ENSG00000135953|MFSD9,2788,3239,2460,3203
ENSG00000115665|SLC5A7,23,51,6,0
ENSG00000125538|IL1B,11,0,0,0
ENSG00000150938|CRIM1,14053,19185,15207,19203
ENSG00000163541|SUCLG1,9605,9171,6612,8065
ENSG00000119820|YIPF4,8338,8662,6689,8365
ENSG00000153201|RANBP2,17546,30653,23594,29041
ENSG00000274286|ADRA2B,40,43,43,50
ENSG00000204640|NMS,0,0,0,0
ENSG00000143924|EML4,17532,24069,17376,22820
ENSG00000172985|SH3RF3,444,449,312,310
ENSG00000144021|CIAO1,19168,20512,14840,18227
ENSG00000170417|TMEM182,1155,1152,1106,1286
ENSG00000042445|RETSAT,5839,5842,4612,6026
ENSG00000183513|COA5,3429,3595,2470,3014
ENSG00000143891|GALM,1675,1615,1081,1360
ENSG00000136696|IL36B,0,0,0,0
ENSG00000150551|LYPD1,3114,3132,1800,2243
ENSG00000138073|PREB,6335,5589,4035,5089
ENSG00000158050|DUSP2,41,57,32,70
ENSG00000115091|ACTR3,31949,36687,24945,31044
ENSG00000088205|DDX18,21164,23555,16707,21474
ENSG00000115593|SMYD1,0,0,0,0
ENSG00000250741|NT5C1B-RDH14,0,0,0,0
ENSG00000144227|NXPH2,0,5,0,8
ENSG00000240857|RDH14,2353,2382,1517,1888
ENSG00000256671|LIMS4,232,303,0,304
ENSG00000115760|BIRC6,13659,22786,16688,21226
ENSG00000163064|EN1,0,0,0,0
ENSG00000153237|CCDC148,101,132,97,169
ENSG00000186132|C2orf76,723,775,496,615
ENSG00000135968|GCC2,4598,6332,5194,6471
ENSG00000186684|CYP27C1,9,0,3,0
ENSG00000116096|SPR,1575,1315,1061,1443
ENSG00000115128|SF3B6,24794,23414,17213,21261
ENSG00000091436|MAP3K20,4943,6856,5556,6622
ENSG00000136720|HS6ST1,8849,9483,5569,6272
ENSG00000226479|TMEM185B,7903,8201,5140,6488
ENSG00000136688|IL36G,4,0,0,0
ENSG00000115561|CHMP3,12304,12989,9902,12758
ENSG00000068781|STON1-GTF2A1L,59,28,17,27
ENSG00000198142|SOWAHC,3440,4298,3919,4678
ENSG00000176771|NCKAP5,3596,4916,2213,3001
ENSG00000071051|NCK2,5035,5649,3414,4090
ENSG00000144229|THSD7B,138,164,140,127
ENSG00000198130|HIBCH,3612,3843,2777,3367
ENSG00000169756|LIMS1,6278,7576,6242,7160
ENSG00000135940|COX5B,16876,14039,9012,12072
ENSG00000157856|DRC1,867,769,300,417
ENSG00000071073|MGAT4A,3782,5010,3096,4270
ENSG00000170485|NPAS2,755,727,675,822
ENSG00000115459|ELMOD3,1888,1668,1363,1508
ENSG00000115641|FHL2,2023,1914,1412,1693
ENSG00000088179|PTPN4,3146,4164,3117,3776
ENSG00000144028|SNRNP200,70950,78939,57300,69908
ENSG00000136718|IMP4,10609,9714,6619,7932
ENSG00000144152|FBLN7,45,60,55,66
ENSG00000188738|FSIP2,54,112,97,110
ENSG00000168702|LRP1B,616,1154,685,687
ENSG00000136695|IL36RN,429,392,330,353
ENSG00000247626|MARS2,2707,3022,2121,2826
ENSG00000162989|KCNJ3,96,61,84,142
ENSG00000144120|TMEM177,1912,1834,1369,1676
ENSG00000144278|GALNT13,1115,1257,880,1160
ENSG00000178568|ERBB4,7294,11001,5757,7092
ENSG00000163006|CCDC138,2227,2477,2089,2406
ENSG00000138069|RAB1A,15025,15657,11647,13981
ENSG00000151690|MFSD6,8164,10548,6026,7987
ENSG00000128708|HAT1,12023,13641,10926,14181
ENSG00000116117|PARD3B,6671,9472,4978,5815
ENSG00000072135|PTPN18,2390,2436,1692,2240
ENSG00000180871|CXCR2,0,0,0,3
ENSG00000144354|CDCA7,3231,3648,2669,3522
ENSG00000136682|CBWD2,5016,4683,3444,4238
ENSG00000115896|PLCL1,373,577,321,336
ENSG00000135966|TGFBRAP1,5828,6591,4781,5968
ENSG00000081320|STK17B,10941,14124,9459,11166
ENSG00000144136|SLC20A1,5275,5966,5325,6586
ENSG00000071054|MAP4K4,14191,18144,14903,17618
ENSG00000152292|SH2D6,24,17,16,14
ENSG00000152127|MGAT5,25113,35599,21796,26054
ENSG00000125629|INSIG2,1981,2213,1643,2141
ENSG00000188687|SLC4A5,132,178,76,114
ENSG00000130561|SAG,0,0,3,2
ENSG00000188674|C2orf80,0,0,0,0
ENSG00000115073|ACTR1B,6681,6203,4781,5662
ENSG00000116120|FARSB,9432,10352,7493,9439
ENSG00000163464|CXCR1,0,0,4,0
ENSG00000151689|INPP1,1761,1813,1333,1608
ENSG00000189362|NEMP2,1516,2008,1623,2013
ENSG00000115457|IGFBP2,2916,2854,2005,2371
ENSG00000150540|HNMT,9,6,0,0
ENSG00000187957|DNER,0,13,5,0
ENSG00000076003|MCM6,12254,14260,10408,12369
ENSG00000011523|CEP68,3225,3509,2841,3615
ENSG00000198612|COPS8,6310,6220,5121,6015
ENSG00000163075|CFAP221,89,131,66,100
ENSG00000091428|RAPGEF4,313,263,213,288
ENSG00000186522|SEPTIN10,3691,4484,4010,4803
ENSG00000115590|IL1R2,340,262,189,239
ENSG00000172878|METAP1D,3049,2927,2235,2478
ENSG00000065548|ZC3H15,14476,16164,12053,14127
ENSG00000121966|CXCR4,225,200,222,216
ENSG00000136535|TBR1,37,37,42,41
ENSG00000182263|FIGN,5049,6618,5062,6441
ENSG00000114999|TTL,4495,5416,4018,5087
ENSG00000155729|KCTD18,2094,2581,1666,1874
ENSG00000119865|CNRIP1,8,3,8,14
ENSG00000184492|FOXD4L1,134,109,83,96
ENSG00000072080|SPP2,0,0,0,0
ENSG00000115461|IGFBP5,6911,8420,3999,4719
ENSG00000115919|KYNU,20,18,8,14
ENSG00000169432|SCN9A,54,71,76,97
ENSG00000135900|MRPL44,4370,4186,3041,3734
ENSG00000204334|ERICH2,278,222,139,185
ENSG00000114948|ADAM23,463,628,469,647
ENSG00000144228|SPOPL,5628,8105,5930,7348
ENSG00000144130|NT5DC4,15,14,0,2
ENSG00000136542|GALNT5,194,229,223,281
ENSG00000163492|CCDC141,7,0,0,9
ENSG00000286239,25,0,6,0
ENSG00000135930|EIF4E2,18603,18408,13204,16098
ENSG00000174501|ANKRD36C,355,563,418,538
ENSG00000138439|FAM117B,4484,5823,4572,6134
ENSG00000152128|TMEM163,50,81,71,72
ENSG00000248672|LY75-CD302,0,0,333,420
ENSG00000163535|SGO2,7432,10322,5810,7147
ENSG00000138448|ITGAV,13261,20844,16897,20948
ENSG00000163510|CWC22,5452,6716,5030,5962
ENSG00000188177|ZC3H6,1325,1648,1053,1243
ENSG00000237524|TEX51,0,0,0,0
ENSG00000138411|HECW2,437,578,353,423
ENSG00000144161|ZC3H8,3719,4155,3248,3877
ENSG00000204217|BMPR2,7015,10609,7478,9392
ENSG00000198369|SPRED2,4839,6082,4679,5646
ENSG00000196912|ANKRD36B,637,617,522,568
ENSG00000162944|RFTN2,26,31,33,26
ENSG00000128655|PDE11A,683,787,452,542
ENSG00000115866|DARS1,12885,14308,10025,12464
ENSG00000163083|INHBB,4182,4614,2703,3597
ENSG00000144320|LNPK,4962,6489,5259,6356
ENSG00000178662|CSRNP3,1623,2705,1773,2224
ENSG00000163466|ARPC2,44362,42113,31670,38821
ENSG00000169607|CKAP2L,4020,5140,2803,3637
ENSG00000153250|RBMS1,7995,9292,6878,8200
ENSG00000204335|SP5,178,177,248,199
ENSG00000144355|DLX1,1018,1180,867,1026
ENSG00000144331|ZNF385B,561,688,728,823
ENSG00000144118|RALB,7425,7224,5468,6959
ENSG00000188042|ARL4C,3721,3591,2922,3787
ENSG00000152056|AP1S3,2487,2569,1810,2483
ENSG00000135632|SMYD5,5299,4700,3061,3554
ENSG00000135960|EDAR,8,13,5,4
ENSG00000249884|RNF103-CHMP3,13,19,20,31
ENSG00000163600|ICOS,5,6,7,0
ENSG00000138400|MDH1B,640,672,409,555
ENSG00000124370|MCEE,470,524,346,467
ENSG00000138356|AOX1,12,19,14,13
ENSG00000144451|SPAG16,2153,2387,1768,2116
ENSG00000138376|BARD1,2192,3200,2557,3256
ENSG00000115844|DLX2,963,869,677,813
ENSG00000157827|FMNL2,12155,15712,10404,13021
ENSG00000163002|NUP35,2375,2638,1735,2003
ENSG00000144369|FAM171B,3111,4181,3376,4207
ENSG00000179921|GPBAR1,28,8,27,20
ENSG00000119812|FAM98A,8518,8979,6845,8156
ENSG00000170035|UBE2E3,11818,11655,7809,9953
ENSG00000054219|LY75,1824,2532,1958,2554
ENSG00000144406|UNC80,578,828,560,641
ENSG00000085449|WDFY1,12503,15803,11420,13652
ENSG00000144119|C1QL2,0,0,0,0
ENSG00000115425|PECR,1254,1413,1010,1240
ENSG00000075884|ARHGAP15,0,1,0,0
ENSG00000118245|TNP1,0,0,0,0
ENSG00000242441|GTF2A1L,0,16,0,10
ENSG00000163012|ZSWIM2,18,15,14,31
ENSG00000115361|ACADL,160,155,150,181
ENSG00000124019|FAM124B,9,5,0,9
ENSG00000136694|IL36A,0,0,0,0
ENSG00000138434|ITPRID2,6924,9029,7465,8884
ENSG00000118997|DNAH7,306,396,213,284
ENSG00000283428|CCDC195,18,10,0,18
ENSG00000061676|NCKAP1,31781,39253,28980,35770
ENSG00000175497|DPP10,0,0,2,0
ENSG00000115020|PIKFYVE,5560,9066,6371,8087
ENSG00000174453|VWC2L,6,0,0,0
ENSG00000115648|MLPH,1472,1550,836,947
ENSG00000115109|EPB41L5,2651,2929,2572,3244
ENSG00000163449|TMEM169,1400,1690,1364,1601
ENSG00000187231|SESTD1,705,1084,1059,1248
ENSG00000136732|GYPC,0,0,0,0
ENSG00000154252|GAL3ST2,11,19,10,19
ENSG00000115221|ITGB6,1101,1493,980,1105
ENSG00000071677|PRLH,0,0,0,0
ENSG00000284741|PDE11A,0,0,0,0
ENSG00000135932|CAB39,11821,14819,9458,11802
ENSG00000168530|MYL1,0,0,0,0
ENSG00000153107|ANAPC1,11198,14437,10654,12713
ENSG00000115539|PDCL3,3116,3267,2382,2942
ENSG00000115966|ATF2,4224,5432,4008,5024
ENSG00000163082|SGPP2,18041,19415,12748,17019
ENSG00000233608|TWIST2,0,0,0,0
ENSG00000036257|CUL3,17135,20329,13763,16771
ENSG00000196872|CRACDL,190,182,145,178
ENSG00000115183|TANC1,6861,8966,6045,7574
ENSG00000144410|CPO,0,0,7,0
ENSG00000115107|STEAP3,463,551,418,474
ENSG00000197756|RPL37A,97085,85807,61354,77334
ENSG00000119042|SATB2,585,697,363,393
ENSG00000144339|TMEFF2,91,107,90,97
ENSG00000055044|NOP58,23154,24437,18371,22113
ENSG00000153246|PLA2R1,40,72,82,54
ENSG00000124839|RAB17,3186,2874,2074,2446
ENSG00000115145|STAM2,2224,3046,2158,2634
ENSG00000023228|NDUFS1,8086,9574,6536,8112
ENSG00000144452|ABCA12,180,249,150,214
ENSG00000114933|INO80D,1228,1737,1423,1601
ENSG00000118246|FASTKD2,7931,8645,6416,7908
ENSG00000079246|XRCC5,77557,87165,63281,76959
ENSG00000171951|SCG2,21,33,40,17
ENSG00000153208|MERTK,1112,1234,843,1131
ENSG00000198914|POU3F3,84,90,62,95
ENSG00000115165|CYTIP,61,59,41,53
ENSG00000136560|TANK,5699,5908,4309,5341
ENSG00000155636|RBM45,1315,1617,1012,1113
ENSG00000169629|RGPD8,2235,3085,2537,2954
ENSG00000064989|CALCRL,292,394,294,409
ENSG00000115252|PDE1A,228,263,178,224
ENSG00000065413|ANKRD44,695,1151,991,1161
ENSG00000162999|DUSP19,288,353,240,321
ENSG00000144460|NYAP2,93,157,122,140
ENSG00000184611|KCNH7,127,252,245,225
ENSG00000082153|BZW1,35413,43583,31025,39405
ENSG00000187699|C2orf88,679,937,628,746
ENSG00000115233|PSMD14,16477,16405,12256,14562
ENSG00000130147|SH3BP4,16333,18857,12216,15098
ENSG00000144290|SLC4A10,4006,5517,3371,4411
ENSG00000168582|CRYGA,0,0,0,0
ENSG00000021826|CPS1,1693,1942,1338,1538
ENSG00000063660|GPC1,4815,4647,3058,4005
ENSG00000135916|ITM2C,21300,20417,14601,18791
ENSG00000198586|TLK1,8150,10858,7689,9726
ENSG00000182187|CRYGB,3,4,0,6
ENSG00000115596|WNT6,39,12,8,10
ENSG00000118263|KLF7,2525,2913,1695,1960
ENSG00000182329|KIAA2012,9,12,9,8
ENSG00000122085|MTERF4,3148,3226,2345,3207
ENSG00000135898|GPR55,5,8,7,5
ENSG00000196950|SLC39A10,5599,7448,5092,6516
ENSG00000114942|EEF1B2,28238,27415,19660,24335
ENSG00000125630|POLR1B,14842,17673,13712,16697
ENSG00000168505|GBX2,19,7,12,7
ENSG00000003436|TFPI,10,20,15,23
ENSG00000183840|GPR39,950,945,540,783
ENSG00000176720|BOK,761,827,646,765
ENSG00000204186|ZDBF2,970,1782,1392,1799
ENSG00000163599|CTLA4,12,0,0,0
ENSG00000136710|CCDC115,2970,2762,1723,2179
ENSG00000115840|SLC25A12,6144,6210,4224,5476
ENSG00000197713|RPE,7608,9453,7516,9201
ENSG00000157985|AGAP1,23157,27453,14900,17843
ENSG00000079156|OSBPL6,149,180,147,182
ENSG00000115365|LANCL1,8998,11739,8378,10653
ENSG00000115806|GORASP2,13943,14548,9802,11994
ENSG00000183671|GPR1,0,4,6,10
ENSG00000136731|UGGT1,29919,38187,29525,36213
ENSG00000135617|PRADC1,2133,1962,1355,1826
ENSG00000144476|ACKR3,25,22,11,15
ENSG00000163161|ERCC3,8974,9583,6780,8350
ENSG00000198648|STK39,2982,3564,2172,2733
ENSG00000168393|DTYMK,9281,8377,6471,7929
ENSG00000153086|ACMSD,9,8,12,1
ENSG00000172005|MAL,337,311,208,222
ENSG00000115008|IL1A,56,41,43,71
ENSG00000241399|CD302,967,1319,831,1238
ENSG00000144445|KANSL1L,2282,2869,2369,2536
ENSG00000221823|PPP3R1,15630,17324,13099,16846
ENSG00000283228,0,2,0,0
ENSG00000233757,21,29,28,30
ENSG00000172318|B3GALT1,2299,2507,1154,1600
ENSG00000155066|PROM2,163,158,78,168
ENSG00000184898|RBM43,1290,1638,1075,1386
ENSG00000067066|SP100,3716,4235,2802,3934
ENSG00000121988|ZRANB3,1293,1565,1170,1535
ENSG00000153820|SPHKAP,0,0,0,0
ENSG00000065802|ASB1,6101,6999,5102,6166
ENSG00000275111|ZNF2,1246,1310,891,1151
ENSG00000118242|MREG,2441,2510,1475,2046
ENSG00000127838|PNKD,9863,9210,6221,7698
ENSG00000085978|ATG16L1,2633,2579,1821,2453
ENSG00000186889|TMEM17,575,624,442,535
ENSG00000125611|CHCHD5,975,895,546,606
ENSG00000182177|ASB18,0,0,0,0
ENSG00000158428|CATIP,44,41,27,50
ENSG00000118231|CRYGD,0,0,0,0
ENSG00000196141|SPATS2L,35685,37081,24086,29709
ENSG00000144583|MARCHF4,3,7,7,3
ENSG00000178385|PLEKHM3,2258,3288,2309,2931
ENSG00000082258|CCNT2,5059,7092,5082,6321
ENSG00000132321|IQCA1,2354,2539,1818,2350
ENSG00000123636|BAZ2B,5539,8153,6047,7324
ENSG00000144191|CNGA3,0,0,0,0
ENSG00000118260|CREB1,5871,8240,6437,8285
ENSG00000138379|MSTN,3,2,3,9
ENSG00000177519|RPRM,84,61,30,56
ENSG00000163254|CRYGC,10,9,0,0
ENSG00000168918|INPP5D,0,5,1,4
ENSG00000115084|SLC35F5,22669,27349,18980,24916
ENSG00000116106|EPHA4,1815,2328,1390,1698
ENSG00000176946|THAP4,9913,8785,6071,7625
ENSG00000170340|B3GNT2,3017,3648,2394,3566
ENSG00000135926|TMBIM1,2922,2907,2391,2944
ENSG00000222014|RAB6C,214,218,155,178
ENSG00000115685|PPP1R7,6855,6416,4889,6038
ENSG00000163811|WDR43,13804,16807,12833,15811
ENSG00000136717|BIN1,1312,1343,986,1233
ENSG00000144401|METTL21A,2840,2937,2286,2751
ENSG00000163251|FZD5,1810,2225,1321,1811
ENSG00000116030|SUMO1,22911,22389,16825,20649
ENSG00000125633|CCDC93,5532,7100,5413,6739
ENSG00000128683|GAD1,98,135,121,122
ENSG00000144366|GULP1,2765,3678,2493,3064
ENSG00000178562|CD28,0,0,0,0
ENSG00000171174|RBKS,533,542,382,413
ENSG00000128654|MTX2,8191,8425,5807,7103
ENSG00000115368|WDR75,9557,11170,8881,11048
ENSG00000196460|RFX8,0,3,0,0
ENSG00000018280|SLC11A1,384,281,191,266
ENSG00000138375|SMARCAL1,3387,3684,2664,2968
ENSG00000006607|FARP2,5884,7173,5839,7438
ENSG00000144026|ZNF514,973,1108,809,868
ENSG00000183733|FIGLA,0,0,0,0
ENSG00000170745|KCNS3,46,82,48,58
ENSG00000168754|FAM178B,23,33,33,14
ENSG00000162804|SNED1,175,204,134,160
ENSG00000180902|D2HGDH,1992,1911,1383,1570
ENSG00000171227|TMEM37,863,848,474,719
ENSG00000136536|MARCHF7,11186,14736,10752,13228
ENSG00000144029|MRPS5,8122,8028,6196,7241
ENSG00000204262|COL5A2,11659,15727,10967,12338
ENSG00000152093|CFC1B,0,0,0,0
ENSG00000127831|VIL1,88,70,27,38
ENSG00000146205|ANO7,160,200,116,222
ENSG00000115694|STK25,9248,8680,6572,7953
ENSG00000168397|ATG4B,9209,8634,6136,7270
ENSG00000128641|MYO1B,13136,17996,15081,17962
ENSG00000168385|SEPTIN2,37397,44077,33026,41706
ENSG00000162975|KCNF1,47,33,9,47
ENSG00000150873|C2orf50,103,73,100,78
ENSG00000162976|SLC66A3,779,711,547,683
ENSG00000134318|ROCK2,6982,12101,10097,12392
ENSG00000169016|E2F6,3484,3718,2794,3333
ENSG00000153234|NR4A2,1123,1324,806,1029
ENSG00000115159|GPD2,11583,15707,11319,14207
ENSG00000138386|NAB1,20177,26021,17282,21544
ENSG00000115419|GLS,7739,10463,8590,9719
ENSG00000138378|STAT4,90,87,42,89
ENSG00000116062|MSH6,17717,22382,18177,21017
ENSG00000284701|TMEM247,0,0,0,0
ENSG00000250565|ATP6V1E2,1204,1271,924,1108
ENSG00000119729|RHOQ,6317,6927,5736,5989
ENSG00000151665|PIGF,1215,1096,547,1040
ENSG00000119878|CRIPT,3563,3464,2749,3437
ENSG00000242515|UGT1A10,0,0,0,0
ENSG00000241119|UGT1A9,0,0,0,0
ENSG00000167165|UGT1A6,0,28,9,34
ENSG00000241635|UGT1A1,7,15,6,0
ENSG00000185038|MROH2A,0,0,0,0
ENSG00000123485|HJURP,8162,8971,5733,7113
ENSG00000144481|TRPM8,7,0,4,0
ENSG00000284479|SMIM39,5,2,1,2
ENSG00000152102|FAM168B,25807,30144,21295,26663
ENSG00000008869|HEATR5B,4419,6105,4097,5666
ENSG00000218739|CEBPZOS,7683,7077,5457,6500
ENSG00000115816|CEBPZ,12847,16891,13508,16965
ENSG00000003509|NDUFAF7,2631,2420,2135,2442
ENSG00000115825|PRKD3,17398,23564,17139,20947
ENSG00000115828|QPCT,2654,2690,1693,2133
ENSG00000163171|CDC42EP3,9623,10620,9067,11253
ENSG00000119004|CYP20A1,3095,3186,2408,2817
ENSG00000173166|RAPH1,312,668,496,735
ENSG00000159239,36,234,82,200
ENSG00000005448|WDR54,4444,3945,2945,3668
ENSG00000114993|RTKN,2729,2728,2035,2484
ENSG00000115274|INO80B,1761,1454,1201,1145
ENSG00000274049|INO80B-WBP1,1397,1749,586,1774
ENSG00000239779|WBP1,4551,3744,3176,2950
ENSG00000204822|MRPL53,2792,2368,1543,1689
ENSG00000135637|CCDC142,2102,1683,1652,1946
ENSG00000115282|TTC31,2352,2328,1777,2197
ENSG00000179528|LBX2,21,27,10,30
ENSG00000115289|PCGF1,1746,1451,1094,1515
ENSG00000115297|TLX2,14,0,0,4
ENSG00000144045|DQX1,41,46,32,48
ENSG00000115307|AUP1,15558,13558,10250,12797
ENSG00000138363|ATIC,20732,20943,14789,18491
ENSG00000152253|SPC25,955,1011,795,962
ENSG00000152254|G6PC2,0,0,0,0
ENSG00000073734|ABCB11,76,92,36,42
ENSG00000073737|DHRS9,107,114,54,71
ENSG00000081479|LRP2,17244,25398,13623,18252
ENSG00000170396|ZNF804A,80,157,147,121
ENSG00000254126|CD8B2,0,0,0,0
ENSG00000168542|COL3A1,14,17,13,7
ENSG00000132300|PTCD3,7009,7726,5795,7158
ENSG00000132313|MRPL35,6902,7485,5394,6400
ENSG00000068615|REEP1,426,645,472,667
ENSG00000115548|KDM3A,9229,10922,7573,8964
ENSG00000258984|UBE2F-SCLY,77,68,16,1058
ENSG00000132330|SCLY,3972,3846,2749,2631
ENSG00000144488|ESPNL,8,11,0,12
ENSG00000168427|KLHL30,0,0,10,14
ENSG00000178752|ERFE,347,304,253,313
ENSG00000132323|ILKAP,3245,3128,2288,2907
ENSG00000144485|HES6,223,243,159,210
ENSG00000132326|PER2,2009,2261,1506,1890
ENSG00000204104|TRAF3IP1,4118,4647,3295,3958
ENSG00000156973|PDE6D,1128,1198,854,1092
ENSG00000163273|NPPC,15,7,13,20
ENSG00000144535|DIS3L2,3496,4264,2766,3366
ENSG00000163283|ALPP,10,10,0,16
ENSG00000163286|ALPG,48,39,38,47
ENSG00000163295|ALPI,0,0,0,0
ENSG00000171551|ECEL1,7,10,3,15
ENSG00000237412|PRSS56,0,0,0,0
ENSG00000135902|CHRND,17,10,0,7
ENSG00000196811|CHRNG,12,22,0,13
ENSG00000143952|VPS54,6143,7738,5464,6701
ENSG00000197329|PELI1,25671,34091,22832,28581
ENSG00000173302|GPR148,0,0,0,0
ENSG00000115762|PLEKHB2,14679,15760,12039,14695
ENSG00000173272|MZT2A,3244,2791,1929,2271
ENSG00000075886|TUBA3D,42,51,31,25
ENSG00000136002|ARHGEF4,691,709,614,757
ENSG00000064933|PMS1,1985,2340,1948,2374
ENSG00000163331|DAPL1,44,50,12,10
ENSG00000040933|INPP4A,3369,3874,3135,3739
ENSG00000153165|RGPD3,608,765,627,877
ENSG00000115841|RMDN2,1061,1100,860,1073
ENSG00000138078|PREPL,11776,15427,11707,14642
ENSG00000162924|REL,2833,4971,4923,5592
ENSG00000186487|MYT1L,11,21,3,10
ENSG00000218819|TDRD15,0,0,0,0
ENSG00000144199|FAHD2B,1856,1837,1320,1734
ENSG00000135976|ANKRD36,963,1177,991,1162
ENSG00000128656|CHN1,5622,5791,3867,4520
ENSG00000152256|PDK1,2465,3325,2464,3147
ENSG00000080293|SCTR,10,11,9,0
ENSG00000143870|PDIA6,49186,52290,37054,45177
ENSG00000115275|MOGS,11258,9956,7240,8766
ENSG00000115523|GNLY,17,5,0,5
ENSG00000244474|UGT1A4,0,0,0,0
ENSG00000115415|STAT1,14088,17874,13280,17066
ENSG00000115839|RAB3GAP1,7978,9901,7223,9115
ENSG00000138449|SLC40A1,1480,1787,1263,1562
ENSG00000115687|PASK,1855,1931,1449,1615
ENSG00000144036|EXOC6B,2511,3282,2648,3153
ENSG00000135956|TMEM127,11103,10685,7071,9177
ENSG00000115392|FANCL,3131,3394,2924,3287
ENSG00000134313|KIDINS220,11818,17015,11995,15886
ENSG00000144524|COPS7B,6075,5829,4513,5568
ENSG00000168395|ING5,8055,7841,5987,7503
ENSG00000136698|CFC1,0,0,0,0
ENSG00000169618|PROKR1,4,4,0,0
ENSG00000163092|XIRP2,13,8,0,0
ENSG00000007001|UPP2,3,0,0,1
ENSG00000135903|PAX3,5,8,19,5
ENSG00000196862|RGPD4,541,681,606,759
ENSG00000138100|TRIM54,0,3,0,5
ENSG00000204128|C2orf72,19,29,36,47
ENSG00000135914|HTR2B,0,16,6,11
ENSG00000156966|B3GNT7,236,150,231,296
ENSG00000171596|NMUR1,95,43,53,110
ENSG00000144504|ANKMY1,710,713,427,664
ENSG00000142327|RNPEPL1,5313,4735,3082,4166
ENSG00000142330|CAPN10,2004,1557,1242,1492
ENSG00000178623|GPR35,33,17,13,15
ENSG00000185176|AQP12B,0,0,0,0
ENSG00000184945|AQP12A,0,0,0,0
ENSG00000172482|AGXT,0,0,0,0
ENSG00000172478|MAB21L4,3,0,0,0
ENSG00000226321|CROCC2,0,0,0,0
ENSG00000152133|GPATCH11,2698,2995,2162,2741
ENSG00000135925|WNT10A,362,356,257,364
ENSG00000171450|CDK5R2,14,8,13,15
ENSG00000163497|FEV,0,0,3,0
ENSG00000163499|CRYBA2,0,0,0,0
ENSG00000181378|CFAP65,98,96,35,55
ENSG00000163501|IHH,0,0,0,0
ENSG00000280537,224,153,158,165
ENSG00000213901|SLC23A3,185,207,211,171
ENSG00000115649|CNPPD1,5316,5115,3298,4404
ENSG00000144567|RETREG2,9429,9700,6814,8410
ENSG00000158552|ZFAND2B,1961,1847,1383,1755
ENSG00000115657|ABCB6,5095,4674,3013,4237
ENSG00000284820,549,955,1010,350
ENSG00000198925|ATG9A,8583,7957,5898,7535
ENSG00000163516|ANKZF1,4843,4385,3651,4141
ENSG00000163521|GLB1L,1425,1380,883,1099
ENSG00000115661|STK16,2754,2681,1742,2324
ENSG00000243910|TUBA4B,251,208,141,207
ENSG00000054356|PTPRN,38,34,34,35
ENSG00000182698|RESP18,0,0,0,0
ENSG00000187736|NHEJ1,2304,2546,1861,2284
ENSG00000119147|ECRG4,0,0,0,3
ENSG00000115652|UXS1,5150,5782,4479,5456
ENSG00000152076|CCDC74B,611,555,490,516
ENSG00000152082|MZT2B,5133,3785,2311,3098
ENSG00000152086|TUBA3E,5,0,0,0
ENSG00000188542|DUSP28,779,601,540,576
ENSG00000162961|DPY30,6923,6864,5464,6455
ENSG00000152683|SLC30A6,7887,9507,6962,8880
ENSG00000091106|NLRC4,125,129,112,94
ENSG00000144285|SCN1A,19,25,15,7
ENSG00000179915|NRXN1,66,117,51,57
ENSG00000169507|SLC38A11,0,4,4,0
ENSG00000153253|SCN3A,70,109,22,45
ENSG00000153832|FBXO36,526,529,348,384
ENSG00000163053|SLC16A14,1400,1594,996,1413
ENSG00000284643|SCYGR2,0,0,0,0
ENSG00000284704|SCYGR3,0,0,0,0
ENSG00000284631|SCYGR4,2,0,2,0
ENSG00000284667|SCYGR5,0,0,0,0
ENSG00000135917|SLC19A3,732,959,743,910
ENSG00000284725|SCYGR6,0,0,0,0
ENSG00000284718|SCYGR7,0,0,0,0
ENSG00000284635|SCYGR8,0,0,0,0
ENSG00000115009|CCL20,332,374,317,330
ENSG00000123977|DAW1,61,36,29,23
ENSG00000074047|GLI2,2000,2397,1586,1801
ENSG00000079263|SP140,77,54,59,74
ENSG00000169554|ZEB2,9,10,19,32
ENSG00000232125|DYTN,0,0,0,2
ENSG00000134324|LPIN1,9082,10781,8204,10187
ENSG00000064012|CASP8,5204,5835,4434,5461
ENSG00000196504|PRPF40A,17701,22961,18304,22039
ENSG00000177917|ARL6IP6,2410,2593,2164,2670
ENSG00000162994|CLHC1,746,801,659,773
ENSG00000085760|MTIF2,7161,7909,6068,7247
ENSG00000153827|TRIP12,36190,50697,38237,47343
ENSG00000014641|MDH1,20833,20344,15055,18901
ENSG00000144035|NAT8,3,0,0,6
ENSG00000144034|TPRKB,6501,5884,4621,5788
ENSG00000144048|DUSP11,2668,2588,1951,2362
ENSG00000187833|C2orf78,0,18,0,0
ENSG00000138443|ABI2,17664,22899,16547,19777
ENSG00000115211|EIF2B4,3687,3441,2216,2928
ENSG00000115234|SNX17,5949,5824,3848,4860
ENSG00000163795|ZNF513,1243,1056,787,959
ENSG00000115241|PPM1G,29172,28839,22484,27068
ENSG00000115216|NRBP1,12341,11758,8075,9529
ENSG00000157992|KRTCAP3,219,191,157,181
ENSG00000115226|FNDC4,95,65,106,127
ENSG00000084734|GCKR,0,0,4,0
ENSG00000138002|IFT172,4902,5223,3604,4247
ENSG00000155438|NIFK,12054,12757,8959,10947
ENSG00000211460|TSN,12691,13753,10721,13344
ENSG00000121989|ACVR2A,4566,5186,3660,4618
ENSG00000115947|ORC4,6050,6780,4739,6073
ENSG00000204406|MBD5,2347,3293,2256,2694
ENSG00000015568|RGPD5,2604,3643,2861,3412
ENSG00000256977|LIMS3,9,4,2,0
ENSG00000284337,137,218,151,277
ENSG00000144063|MALL,2682,2617,1616,2105
ENSG00000144061|NPHP1,1267,1294,1008,1004
ENSG00000068024|HDAC4,1190,1622,867,1029
ENSG00000172954|LCLAT1,4825,6467,4415,5711
ENSG00000163072|NOSTRIN,49,86,62,88
ENSG00000196151|WDSUB1,933,1024,686,907
ENSG00000115504|EHBP1,3643,5070,3492,4392
ENSG00000163249|CCNYL1,6695,7713,6678,7996
ENSG00000136546|SCN7A,10,11,0,7
ENSG00000138071|ACTR2,39869,53118,41437,50234
ENSG00000028116|VRK2,2906,3681,2805,3743
ENSG00000243244|STON1,5156,6911,3966,5167
ENSG00000136541|ERMN,12,13,5,4
ENSG00000152430|BOLL,8,13,18,28
ENSG00000172292|CERS6,8030,11178,9239,11462
ENSG00000153563|CD8A,280,267,260,288
ENSG00000119185|ITGB1BP1,8172,7709,6125,7499
ENSG00000184182|UBE2F,4846,5071,3548,3844
ENSG00000077044|DGKD,2647,2757,2180,2661
ENSG00000127837|AAMP,25420,23498,16800,20962
ENSG00000205639|MFSD2B,47,28,19,10
ENSG00000077380|DYNC1I2,10860,11868,8787,10524
ENSG00000057935|MTA3,7228,7660,5977,7234
ENSG00000138413|IDH1,16454,17858,9959,12816
ENSG00000153823|PID1,8,5,0,0
ENSG00000135919|SERPINE2,1150,1109,1085,1344
ENSG00000158019|BABAM2,3155,2913,1881,2379
ENSG00000032389|EIPR1,4447,4282,2936,3880
ENSG00000115446|UNC50,3703,3465,2417,3106
ENSG00000071909|MYO3B,1868,2491,1643,2075
ENSG00000178171|AMER3,0,0,0,0
ENSG00000021574|SPAST,3744,4741,3553,4641
ENSG00000115085|ZAP70,15,0,6,0
ENSG00000221944|TIGD1,2191,2108,1659,1922
ENSG00000144283|PKP4,12362,14236,10558,12728
ENSG00000115317|HTRA2,2122,2155,1590,1837
ENSG00000163001|CFAP36,3068,3315,2324,2887
ENSG00000169764|UGP2,9764,10581,7207,8866
ENSG00000144395|CCDC150,1648,1826,1527,1836
ENSG00000119041|GTF3C3,8290,8963,6756,8544
ENSG00000187944|C2orf66,80,43,26,41
ENSG00000197121|PGAP1,3253,5452,4580,5624
ENSG00000115594|IL1R1,17257,22067,15229,18363
ENSG00000115598|IL1RL2,0,0,0,0
ENSG00000115602|IL1RL1,0,0,0,0
ENSG00000115607|IL18RAP,19,17,14,12
ENSG00000180251|SLC9A4,550,711,418,567
ENSG00000241962,108,122,138,136
ENSG00000144182|LIPT1,948,765,432,696
ENSG00000273155,0,16,9,3
ENSG00000158411|MITD1,1676,1736,1189,1429
ENSG00000185414|MRPL30,12016,13524,10341,12618
ENSG00000185674|LYG2,80,93,69,107
ENSG00000144214|LYG1,14,13,10,11
ENSG00000115514|TXNDC9,4512,4451,3467,4482
ENSG00000178074|C2orf69,2326,2935,2110,2597
ENSG00000162971|TYW5,1752,2020,1520,1821
ENSG00000162972|MAIP1,1941,1808,1245,1718
ENSG00000226124|FTCDNL1,307,129,231,266
ENSG00000138101|DTNB,3249,3225,2287,2766
ENSG00000115112|TFCP2L1,496,546,542,683
ENSG00000074054|CLASP1,7815,10218,7024,8709
ENSG00000144010|TRIM43B,0,0,0,0
ENSG00000144015|TRIM43,0,0,0,0
ENSG00000115524|SF3B1,38665,52140,38397,47296
ENSG00000115520|COQ10B,3087,3504,2553,3099
ENSG00000115541|HSPE1,19718,18197,13460,16609
ENSG00000270757|HSPE1-MOB4,0,789,0,0
ENSG00000115540|MOB4,6600,7031,5118,6346
ENSG00000154479|CCDC173,145,165,164,165
ENSG00000144362|PHOSPHO2,671,758,577,763
ENSG00000213160|KLHL23,5444,6622,6460,7834
ENSG00000138385|SSB,26436,28901,21300,25594
ENSG00000138382|METTL5,5504,5061,3438,4410
ENSG00000144381|HSPD1,97457,108442,80667,97636
ENSG00000144357|UBR3,4449,6205,4847,5921
ENSG00000115263|GCG,0,0,0,0
ENSG00000078098|FAP,122,185,84,78
ENSG00000116044|NFE2L2,13925,16079,11417,14904
ENSG00000196659|TTC30B,2079,2747,1603,2000
ENSG00000197557|TTC30A,2192,2621,1649,1892
ENSG00000197635|DPP4,349,446,325,352
ENSG00000177673|TEX44,1,0,0,3
ENSG00000079785|DDX1,18663,20865,14398,18140
ENSG00000115053|NCL,136761,157169,118764,142130
ENSG00000170144|HNRNPA3,60961,68499,51514,61618
ENSG00000172428|COPS9,5231,4101,2843,3894
ENSG00000178602|OTOS,0,0,0,0
ENSG00000130414|NDUFA10,11332,10942,7680,10001
ENSG00000180228|PRKRA,6278,6461,5001,5966
ENSG00000204311|PJVK,277,236,156,227
ENSG00000079150|FKBP7,793,908,610,794
ENSG00000116095|PLEKHA3,3143,3667,2503,3490
ENSG00000143977|SNRPG,9701,9499,7364,8623
ENSG00000035141|FAM136A,11562,12082,8697,10923
ENSG00000173692|PSMD1,25819,28198,20094,24507
ENSG00000163093|BBS5,984,813,540,842
ENSG00000251569,0,0,0,5
ENSG00000239474|KLHL41,32,16,10,26
ENSG00000138399|FASTKD1,4671,5273,3681,4548
ENSG00000138398|PPIG,15016,16112,12429,15036
ENSG00000115750|TAF1B,3343,3890,2729,3457
ENSG00000134317|GRHL1,2745,2805,2677,3653
ENSG00000172059|KLF11,3289,4040,3294,4365
ENSG00000205795|CYS1,190,188,206,269
ENSG00000171848|RRM2,36304,41839,34310,40393
ENSG00000115756|HPCAL1,1640,1454,1090,1345
ENSG00000115758|ODC1,44274,45824,32593,42008
ENSG00000072195|SPEG,3104,3577,2401,2876
ENSG00000286143,0,0,0,0
ENSG00000072182|ASIC4,26,31,6,16
ENSG00000123989|CHPF,9291,7900,5860,7048
ENSG00000124006|OBSL1,15592,14805,10331,12408
ENSG00000123999|INHA,53,43,23,9
ENSG00000144589|STK11IP,1981,1735,1114,1303
ENSG00000114923|SLC4A3,2985,2900,2139,2510
ENSG00000115884|SDC1,10555,9996,7920,9417
ENSG00000143878|RHOB,25719,28378,18072,23644
ENSG00000138430|OLA1,16694,17465,12082,15091
ENSG00000217236|SP9,47,54,36,50
ENSG00000138433|CIR1,5861,5402,3869,4775
ENSG00000144306|SCRN3,2900,3320,2223,2533
ENSG00000115468|EFHD1,5950,5777,3797,4603
ENSG00000204120|GIGYF2,12911,16071,11853,14115
ENSG00000115474|KCNJ13,146,182,97,117
ENSG00000182600|SNORC,244,133,136,125
ENSG00000066248|NGEF,943,780,668,816
ENSG00000115488|NEU2,0,0,0,0
ENSG00000138435|CHRNA1,56,49,39,23
ENSG00000162980|ARL5A,8892,10953,10139,11873
ENSG00000115935|WIPF1,823,895,879,1156
ENSG00000163214|DHX57,6979,8544,6480,8055
ENSG00000188010|MORN2,2253,2188,1592,1978
ENSG00000115904|SOS1,8092,12394,9116,11324
ENSG00000205111|CDKL4,156,108,129,157
ENSG00000163170|BOLA3,2253,2029,1269,1543
ENSG00000114978|MOB1A,26051,30252,21353,27711
ENSG00000065911|MTHFD2,16124,18238,17038,21046
ENSG00000135913|USP37,4463,6867,6334,7793
ENSG00000144580|CNOT9,19517,20226,16172,19969
ENSG00000115556|PLCD4,55,50,44,39
ENSG00000074582|BCS1L,3817,3196,2512,3004
ENSG00000163481|RNF25,5070,5133,3474,4358
ENSG00000163482|STK36,5416,5522,3986,4804
ENSG00000135912|TTLL4,4299,4646,3396,3990
ENSG00000135929|CYP27A1,250,251,201,323
ENSG00000115592|PRKAG3,0,6,0,0
ENSG00000085982|USP40,4718,5109,3679,4795
ENSG00000169599|NFU1,2958,2970,2157,2457
ENSG00000115568|ZNF142,9109,10114,7759,9160
ENSG00000182389|CACNB4,347,521,529,595
ENSG00000188760|TMEM198,310,326,193,217
ENSG00000198885|ITPRIPL1,151,194,143,226
ENSG00000214694|ARHGEF33,32,40,31,42
ENSG00000163040|CCDC74A,676,653,525,625
ENSG00000222038|POTEJ,24,47,20,36
ENSG00000196834|POTEI,56,99,102,99
ENSG00000204634|TBC1D8,7754,8282,5074,6302
ENSG00000163013|FBXO41,3402,3595,2899,3338
ENSG00000187627|RGPD1,1353,1586,1308,1574
ENSG00000154518|ATP5MC3,21752,19995,13499,17046
ENSG00000187514|PTMA,175235,175795,127930,150867
ENSG00000118257|NRP2,5021,6113,2877,3484
ENSG00000198399|ITSN2,4986,6567,5310,6641
ENSG00000132305|IMMT,18282,20005,14610,18436
ENSG00000123992|DNPEP,7907,6932,5131,6273
ENSG00000135905|DOCK10,521,802,811,1057
ENSG00000055917|PUM2,23060,29252,21754,27238
ENSG00000144579|CTDSP1,20311,19425,12076,15162
ENSG00000176714|CCDC121,489,560,313,394
ENSG00000185404|SP140L,1660,1842,1374,1663
ENSG00000273045|C2orf15,1009,1069,662,882
ENSG00000163328|GPR155,832,1280,1013,1132
ENSG00000136697|IL1F10,0,9,0,0
ENSG00000197223|C1D,2014,2033,1452,1874
ENSG00000189350|TOGARAM2,149,222,143,209
ENSG00000115414|FN1,6296,8250,5928,7153
ENSG00000169679|BUB1,13766,16415,9061,10998
ENSG00000153093|ACOXL,555,481,321,363
ENSG00000153094|BCL2L11,8289,9323,5613,7005
ENSG00000288658,2544,2717,1798,2210
ENSG00000118965|WDR35,3247,4124,2976,3834
ENSG00000135899|SP110,2841,3002,2217,2677
ENSG00000155657|TTN,2395,4020,3003,4007
ENSG00000115155|OTOF,4307,4162,2722,3211
ENSG00000163217|BMP10,0,0,0,0
ENSG00000183607|GKN2,0,0,0,0
ENSG00000169605|GKN1,0,0,0,0
ENSG00000169604|ANTXR1,16182,20478,15590,19226
ENSG00000172016|REG3A,0,0,0,0
ENSG00000162951|LRRTM1,337,371,179,202
ENSG00000066032|CTNNA2,3082,3655,1900,2187
ENSG00000115267|IFIH1,912,1064,925,1207
ENSG00000115271|GCA,2545,2611,2340,2898
ENSG00000055332|EIF2AK2,10360,12986,11086,13442
ENSG00000077232|DNAJC10,14156,18239,13076,16422
ENSG00000162998|FRZB,375,464,309,338
ENSG00000130294|KIF1A,34,23,35,46
ENSG00000134321|RSAD2,145,212,148,202
ENSG00000151692|RNF144A,2449,3151,2320,2636
ENSG00000162929|KIAA1841,776,908,835,962
ENSG00000123609|NMI,1688,1776,1342,1641
ENSG00000123610|TNFAIP6,0,9,0,10
ENSG00000080345|RIF1,10358,17879,16304,20138
ENSG00000197872|CYRIA,1442,1863,1372,1585
ENSG00000196843|ARID5A,860,814,503,737
ENSG00000114982|KANSL3,8441,9255,7206,9096
ENSG00000249715|FER1L5,115,128,68,111
ENSG00000114988|LMAN2L,4004,3907,3017,3552
ENSG00000158158|CNNM4,4710,4944,3596,4653
ENSG00000168763|CNNM3,3596,3660,2552,3236
ENSG00000163126|ANKRD23,170,126,72,217
ENSG00000213337|ANKRD39,1116,975,795,922
ENSG00000168758|SEMA4C,9087,8162,5473,6825
ENSG00000124831|LRRFIP1,9613,11852,9140,10844
ENSG00000132329|RAMP1,59,37,13,42
ENSG00000124003|MOGAT1,16,5,8,0
ENSG00000123983|ACSL3,16391,19649,15719,19794
ENSG00000115318|LOXL3,506,375,369,547
ENSG00000204843|DCTN1,18350,18838,14842,17519
ENSG00000082898|XPO1,55175,73524,56591,68754
ENSG00000173699|SPATA3,0,0,0,0
ENSG00000115290|GRB14,1012,880,706,960
ENSG00000082438|COBLL1,1039,1664,1182,1450
ENSG00000115339|GALNT3,26951,32954,22234,27085
ENSG00000123607|TTC21B,3029,3893,2944,3580
ENSG00000155749|FLACC1,57,69,71,57
ENSG00000115993|TRAK2,9573,13406,9576,12559
ENSG00000082146|STRADB,1929,1926,1490,1749
ENSG00000155754|C2CD6,948,1198,775,942
ENSG00000155755|TMEM237,4208,4754,3703,4846
ENSG00000082126|MPP4,0,0,3,0
ENSG00000138395|CDK15,58,52,58,77
ENSG00000003393|ALS2,5753,7528,5779,6987
ENSG00000018510|AGPS,10689,13695,10584,13454
ENSG00000138092|CENPO,8166,8500,6983,8402
ENSG00000115137|DNAJC27,810,1067,795,957
ENSG00000138031|ADCY3,4286,4749,3876,4816
ENSG00000136709|WDR33,14561,15144,10808,13147
ENSG00000173349|SFT2D3,0,0,0,0
ENSG00000144231|POLR2D,15509,16068,12405,15681
ENSG00000144233|AMMECR1L,6247,7432,5468,6570
ENSG00000136715|SAP130,6618,7749,5912,7240
ENSG00000136689|IL1RN,108,127,105,101
ENSG00000125637|PSD4,12719,11791,8906,10810
ENSG00000125618|PAX8,144450,143421,88893,107976
ENSG00000143947|RPS27A,81810,74459,53551,65553
ENSG00000198203|SULT1C2,90,108,68,115
ENSG00000198075|SULT1C4,0,0,0,0
ENSG00000135945|REV1,3840,4334,3362,4441
ENSG00000196604|POTEF,195,443,316,359
ENSG00000177483|RBM44,8,25,12,0
ENSG00000173559|NABP1,9187,10871,9409,11667
ENSG00000168497|CAVIN2,833,1024,713,1011
ENSG00000163017|ACTG2,70,42,27,36
ENSG00000114956|DGUOK,5401,5116,3712,4468
ENSG00000187605|TET3,10227,15388,11333,13973
ENSG00000198380|GFPT1,6572,8543,7261,9179
ENSG00000115977|AAK1,12082,16523,10472,12704
ENSG00000135999|EPC2,4708,6065,4670,5563
ENSG00000168280|KIF5C,1355,1904,1589,1857
ENSG00000150556|LYPD6B,2460,2331,1463,1970
ENSG00000187123|LYPD6,1229,1665,1222,1606
ENSG00000168288|MMADHC,20402,19803,14347,17851
ENSG00000136699|SMPD4,14761,15061,10917,13105
ENSG00000115325|DOK1,670,570,600,759
ENSG00000175701|MTLN,283,232,130,146
ENSG00000144115|THNSL2,3500,3586,2713,3422
ENSG00000176204|LRRTM4,3,6,0,5
ENSG00000115963|RND3,15407,18684,13720,18151
ENSG00000163596|ICA1L,959,1081,815,1227
ENSG00000155760|FZD7,2072,2196,1786,2214
ENSG00000115970|THADA,6230,7207,4806,6182
ENSG00000115604|IL18R1,852,971,766,945
ENSG00000019169|MARCO,0,0,0,0
ENSG00000235118|FAM237A,0,0,0,0
ENSG00000163046|ANKRD30BL,0,0,0,4
ENSG00000183281|PLGLB1,261,197,196,212
ENSG00000184924|PTRHD1,2821,2516,1689,2104
ENSG00000162959|MEMO1,5110,5217,3855,4725
ENSG00000084090|STARD7,22786,25074,19356,23824
ENSG00000003137|CYP26B1,29,33,8,21
ENSG00000134326|CMPK2,202,213,166,232
ENSG00000183054|RGPD6,2599,3623,2868,3527
ENSG00000013441|CLK1,3728,3794,3409,3945
ENSG00000240344|PPIL3,2196,2125,1564,2045
ENSG00000196290|NIF3L1,5323,5181,4029,5021
ENSG00000115942|ORC2,6739,7369,5454,6611
ENSG00000003402|CFLAR,5476,6920,4593,5678
ENSG00000003400|CASP10,1898,2065,1453,1822
ENSG00000119013|NDUFB3,6958,6344,4670,5720
ENSG00000152527|PLEKHH2,166,378,314,331
ENSG00000138036|DYNC2LI1,1900,2043,1382,1660
ENSG00000138075|ABCG5,10,9,0,16
ENSG00000143921|ABCG8,5,14,5,0
ENSG00000223658|C1GALT1C1L,456,429,311,385
ENSG00000138442|WDR12,8292,8763,6411,7592
ENSG00000138380|CARF,672,944,676,756
ENSG00000138095|LRPPRC,22197,27457,21167,27002
ENSG00000115525|ST3GAL5,713,840,525,687
ENSG00000068654|POLR1A,13202,15114,11111,13764
ENSG00000115232|ITGA4,129,237,151,203
ENSG00000214336|FOXI3,3165,3573,1797,2388
ENSG00000172073|TEX37,9,13,8,11
ENSG00000153574|RPIA,2271,2554,1743,2426
ENSG00000087338|GMCL1,3896,4812,3618,4344
ENSG00000124380|SNRNP27,3286,3043,2666,3467
ENSG00000059728|MXD1,1962,2189,1814,2567
ENSG00000169564|PCBP1,34489,33605,22001,27053
ENSG00000115998|C2orf42,933,989,675,766
ENSG00000116001|TIA1,7882,9249,7283,8665
ENSG00000115827|DCAF17,2564,3172,2548,3031
ENSG00000071967|CYBRD1,1305,1663,1190,1662
ENSG00000237651|C2orf74,1519,1687,1187,1398
ENSG00000124356|STAMBP,8834,9511,7354,8986
ENSG00000123612|ACVR1C,193,256,192,260
ENSG00000115170|ACVR1,3490,3663,2577,3234
ENSG00000174279|EVX2,0,10,6,0
ENSG00000128714|HOXD13,278,284,271,316
ENSG00000170178|HOXD12,9,7,10,6
ENSG00000128713|HOXD11,224,160,104,168
ENSG00000128710|HOXD10,148,181,106,122
ENSG00000128709|HOXD9,122,145,106,85
ENSG00000175879|HOXD8,2629,2824,1457,1856
ENSG00000170166|HOXD4,306,359,186,255
ENSG00000128645|HOXD1,369,428,291,301
ENSG00000128652|HOXD3,231,323,139,190
ENSG00000158417|EIF5B,34286,34729,25895,31485
ENSG00000144218|AFF3,139,89,85,121
ENSG00000170500|LONRF2,12742,18679,11864,13810
ENSG00000115526|CHST10,4104,3968,2879,3704
ENSG00000127824|TUBA4A,37163,37840,29578,33373
ENSG00000135924|DNAJB2,6705,6314,4544,5872
ENSG00000138381|ASNSD1,5827,6384,5128,6378
ENSG00000286053|ASDURF,13,23,5,8
ENSG00000286165,2,0,0,23
ENSG00000128694|OSGEPL1,1784,1764,1235,1589
ENSG00000128699|ORMDL1,6587,6595,5350,6228
ENSG00000151687|ANKAR,304,378,279,338
ENSG00000144224|UBXN4,12642,16069,11964,14347
ENSG00000115850|LCT,0,0,9,0
ENSG00000048991|R3HDM1,10269,12364,8537,10429
ENSG00000178586|OR6B3,0,0,0,0
ENSG00000169047|IRS1,1640,2186,1718,2080
ENSG00000144468|RHBDD1,3019,3283,2305,2925
ENSG00000169031|COL4A3,55,69,65,92
ENSG00000168958|MFF,8782,8880,6182,7696
ENSG00000168955|TM4SF20,4,10,0,0
ENSG00000284629|SCYGR1,1,0,0,0
ENSG00000173744|AGFG1,12042,13842,9316,11865
ENSG00000079308|TNS1,5463,6665,3944,4943
ENSG00000143970|ASXL2,11897,18582,13209,16461
ENSG00000084731|KIF3C,5184,5606,4712,5458
ENSG00000084733|RAB10,20276,23454,17185,20805
ENSG00000157833|GAREM2,1307,1586,1385,1747
ENSG00000135931|ARMC9,2863,2798,1973,2243
ENSG00000115138|POMC,0,10,0,0
ENSG00000119772|DNMT3A,13268,15265,10458,12637
ENSG00000081052|COL4A4,104,202,154,244
ENSG00000204099|NEU4,6,13,10,7
ENSG00000188389|PDCD1,18,24,25,31
ENSG00000188011|RTP5,0,0,4,0
ENSG00000216921|FAM240C,0,3,0,0
ENSG00000163359|COL6A3,58,10,8,5
ENSG00000175084|DES,6,6,0,0
ENSG00000136531|SCN2A,710,971,737,919
ENSG00000091409|ITGA6,6081,8755,6626,7922
ENSG00000184261|KCNK12,18,32,8,15
ENSG00000138081|FBXO11,7645,9883,6769,9350
ENSG00000169994|MYO7B,13,25,6,22
ENSG00000172071|EIF2AK3,2943,3761,3104,4092
ENSG00000188452|CERKL,11,22,54,82
ENSG00000162992|NEUROD1,0,0,0,0
ENSG00000144591|GMPPA,2766,2531,1859,2079
ENSG00000155368|DBI,10229,9738,7544,9149
ENSG00000172845|SP3,13461,17657,12380,15270
ENSG00000115677|HDLBP,92531,96359,73897,89459
ENSG00000030419|IKZF2,2229,3835,2588,3239
ENSG00000176601|MAP3K19,4,7,13,17
ENSG00000144407|PTH2R,0,0,0,5
ENSG00000288702|UGT1A3,0,0,0,0
ENSG00000071575|TRIB2,6163,7253,4068,4713
ENSG00000242366|UGT1A8,0,0,0,0
ENSG00000288705|UGT1A5,0,0,0,0
ENSG00000182083|OR6B2,3,9,3,2
ENSG00000188886|ASTL,3,3,13,7
ENSG00000244122|UGT1A7,21,0,0,0
ENSG00000286095|SPEGNB,0,0,0,0
ENSG00000233087|RAB6D,232,195,178,175
ENSG00000116127|ALMS1,5909,10692,8496,10012
ENSG00000183091|NEB,143,288,232,313
ENSG00000135636|DYSF,491,464,289,407
ENSG00000159374|M1AP,28,17,32,33
ENSG00000155052|CNTNAP5,45,58,32,44
ENSG00000144426|NBEAL1,6174,8091,6776,7376
ENSG00000123600|METTL8,3126,3652,2929,3403
ENSG00000150722|PPP1R1C,55,61,55,34
ENSG00000244617|ASPRV1,19,37,3,41
ENSG00000196228|SULT1C3,0,0,0,0
ENSG00000125571|IL37,11,8,0,4
ENSG00000169967|MAP3K2,7270,10993,8877,11061
ENSG00000144134|RABL2A,2966,2669,1983,2251
ENSG00000188282|RUFY4,54,19,19,35
ENSG00000138068|SULT6B1,12,0,0,0
ENSG00000188219|POTEE,48,125,56,99
ENSG00000084676|NCOA1,7583,10299,7459,9196
ENSG00000121964|GTDC1,1634,1865,1165,1350
ENSG00000078018|MAP2,2749,4166,2456,3069
ENSG00000152049|KCNE4,3,6,0,9
ENSG00000284308|C2orf81,1693,1530,1038,1188
ENSG00000155744|FAM126B,3066,3782,3239,3903
ENSG00000115718|PROC,126,145,114,79
ENSG00000163166|IWS1,8137,10050,7212,8630
ENSG00000072163|LIMS2,124,137,164,170
ENSG00000144230|GPR17,0,17,10,4
ENSG00000154764|WNT7A,0,0,0,0
ENSG00000134121|CHL1,39,64,99,93
ENSG00000182533|CAV3,16,18,23,18
ENSG00000144635|DYNC1LI1,12304,13425,10364,12232
ENSG00000157103|SLC6A1,0,0,0,0
ENSG00000131379|C3orf20,0,19,0,14
ENSG00000206559|ZCWPW2,64,70,52,55
ENSG00000144559|TAMM41,1264,1372,814,1036
ENSG00000132164|SLC6A11,2193,2406,1991,2477
ENSG00000163527|STT3B,29430,36288,26446,33139
ENSG00000154813|DPH3,5463,5775,4429,5398
ENSG00000173705|SUSD5,408,533,433,533
ENSG00000154822|PLCL2,268,276,283,320
ENSG00000151789|ZNF385D,188,301,131,148
ENSG00000070950|RAD18,4845,5880,4804,6083
ENSG00000144668|ITGA9,451,485,234,309
ENSG00000125046|SSUH2,434,495,284,321
ENSG00000163576|EFHB,342,295,303,331
ENSG00000188167|TMPPE,254,437,439,439
ENSG00000129810|SGO1,3211,3733,2783,3506
ENSG00000093167|LRRFIP2,7417,8005,6084,7195
ENSG00000144711|IQSEC1,4303,4857,3514,4273
ENSG00000163508|EOMES,109,129,118,129
ENSG00000183977|PP2D1,37,50,35,45
ENSG00000091317|CMTM6,51906,59950,40410,51396
ENSG00000131386|GALNT15,19,28,18,20
ENSG00000170860|LSM3,9558,9573,7893,9332
ENSG00000157152|SYN2,3,3,0,11
ENSG00000178567|EPM2AIP1,6085,6889,4854,6114
ENSG00000144596|GRIP2,0,0,0,0
ENSG00000071282|LMCD1,20870,21725,12054,14664
ENSG00000179796|LRRC3B,8,12,7,24
ENSG00000182247|UBE2E2,5646,5668,3273,4500
ENSG00000144560|VGLL4,12641,13384,8779,10077
ENSG00000163807|KIAA1143,3285,3638,2329,3197
ENSG00000114166|KAT2B,2346,3231,2313,2842
ENSG00000187118|CMC1,4023,3524,2868,3204
ENSG00000131374|TBC1D5,14549,19054,13238,15935
ENSG00000157087|ATP2B2,8023,9659,4660,5458
ENSG00000163517|HDAC11,2260,2215,1333,1565
ENSG00000077092|RARB,360,449,290,436
ENSG00000187094|CCK,3,5,0,14
ENSG00000093217|XYLB,337,527,465,600
ENSG00000134115|CNTN6,0,11,0,6
ENSG00000182983|ZNF662,71,26,20,21
ENSG00000170011|MYRIP,63,56,40,28
ENSG00000188846|RPL14,61474,55024,39329,49171
ENSG00000196220|SRGAP3,7189,7899,4986,5863
ENSG00000131378|RFTN1,980,1107,883,1110
ENSG00000170293|CMTM8,2540,2326,1403,1881
ENSG00000163528|CHCHD4,3432,3497,2394,3205
ENSG00000196277|GRM7,195,200,111,117
ENSG00000283563,8,18,17,12
ENSG00000033867|SLC4A7,5121,8547,6564,7859
ENSG00000177842|ZNF620,1684,1825,1433,1927
ENSG00000154783|FGD5,23,9,12,21
ENSG00000170248|PDCD6IP,18620,20784,14674,18262
ENSG00000144647|POMGNT2,3457,3220,2332,2891
ENSG00000144655|CSRNP1,2425,2451,1733,2141
ENSG00000154781|CCDC174,2645,2881,2107,2481
ENSG00000196653|ZNF502,498,486,368,508
ENSG00000169964|TMEM42,531,498,341,400
ENSG00000168032|ENTPD3,1404,1567,767,1034
ENSG00000144455|SUMF1,2847,2955,2234,2663
ENSG00000131381|RBSN,7919,9437,6880,8855
ENSG00000157093|LYZL4,0,0,0,0
ENSG00000186446|ZNF501,33,42,24,28
ENSG00000144642|RBMS3,2110,2602,1630,1830
ENSG00000172940|SLC22A13,8,6,14,14
ENSG00000163810|TGM4,127,105,80,116
ENSG00000131368|MRPS25,9393,9832,8135,9188
ENSG00000185614|INKA1,15,28,13,19
ENSG00000268279,6,9,7,21
ENSG00000170364|SETMAR,1170,1305,940,1144
ENSG00000175928|LRRN1,16270,19548,16763,19895
ENSG00000163788|SNRK,2062,2671,2174,2646
ENSG00000183960|KCNH8,18,22,22,12
ENSG00000114353|GNAI2,18323,17516,13240,17008
ENSG00000144659|SLC25A38,5161,4841,3440,4176
ENSG00000153560|UBP1,22670,27082,20424,25036
ENSG00000177873|ZNF619,1313,1584,1060,1447
ENSG00000144649|GASK1A,105,119,72,84
ENSG00000144674|GOLGA4,13145,22839,16564,20614
ENSG00000163512|AZI2,3367,3571,2707,3805
ENSG00000163491|NEK10,60,88,38,70
ENSG00000126062|TMEM115,10064,9448,6620,8115
ENSG00000163673|DCLK3,6,4,0,0
ENSG00000114349|GNAT1,0,14,7,0
ENSG00000075914|EXOSC7,4177,3782,2683,3335
ENSG00000114378|HYAL1,195,164,92,165
ENSG00000179152|TCAIM,4640,5077,3490,4451
ENSG00000114388|NPRL2,3520,3278,2308,2889
ENSG00000168301|KCTD6,970,1092,865,994
ENSG00000144566|RAB5A,8068,8767,6274,7980
ENSG00000177463|NR2C2,14077,17277,13405,15963
ENSG00000168334|XIRP1,3,0,0,0
ENSG00000214686|IQCF6,0,0,0,0
ENSG00000170266|GLB1,15124,14634,10488,13879
ENSG00000160746|ANO10,2529,2555,1823,2131
ENSG00000055955|ITIH4,64,103,63,68
ENSG00000163520|FBLN2,889,861,747,879
ENSG00000055957|ITIH1,0,12,0,0
ENSG00000172939|OXSR1,10235,13203,9782,12099
ENSG00000164076|CAMKV,43,43,29,28
ENSG00000163808|KIF15,1824,2900,1962,2186
ENSG00000088543|C3orf18,855,949,560,718
ENSG00000168273|SMIM4,990,993,740,813
ENSG00000114383|TUSC2,8159,7643,5414,6742
ENSG00000144724|PTPRG,13348,19955,10533,13059
ENSG00000197548|ATG7,3645,3261,2136,2977
ENSG00000163812|ZDHHC3,10972,11337,8035,9645
ENSG00000248592|STIMATE-MUSTN1,883,1053,1003,1185
ENSG00000182179|UBA7,213,124,190,188
ENSG00000164078|MST1R,188,188,139,236
ENSG00000174840|PDE12,6010,6781,5348,6962
ENSG00000154814|OXNAD1,3076,3520,2657,3067
ENSG00000163939|PBRM1,11228,17496,13006,15729
ENSG00000173473|SMARCC1,44631,56424,39357,47070
ENSG00000170275|CRTAP,20601,21562,16734,20056
ENSG00000144619|CNTN4,694,879,486,577
ENSG00000068001|HYAL2,8950,8326,5957,7002
ENSG00000186451|SPATA12,112,138,67,145
ENSG00000169855|ROBO1,11177,15637,10643,12594
ENSG00000173421|IHO1,14,14,7,28
ENSG00000011198|ABHD5,3347,3972,2772,3556
ENSG00000132182|NUP210,13960,15360,13100,16876
ENSG00000144677|CTDSPL,5354,5306,4537,5843
ENSG00000162267|ITIH3,21,21,8,30
ENSG00000163935|SFMBT1,5555,7114,5271,6728
ENSG00000179934|CCR8,27,28,16,8
ENSG00000283434|CSNKA2IP,5,3,5,6
ENSG00000185008|ROBO2,1406,1724,897,1069
ENSG00000151276|MAGI1,4074,5325,3477,4051
ENSG00000114738|MAPKAPK3,4791,4605,3221,4214
ENSG00000113966|ARL6,1990,2602,1825,2397
ENSG00000206538|VGLL3,405,564,717,999
ENSG00000114480|GBE1,4214,4491,3294,4006
ENSG00000088538|DOCK3,1596,1772,1261,1493
ENSG00000172986|GXYLT2,5360,6620,4708,6468
ENSG00000153558|FBXL2,1121,1168,916,876
ENSG00000164077|MON1A,1672,1516,1116,1349
ENSG00000114541|FRMD4B,3397,4224,2566,3400
ENSG00000187492|CDHR4,7,8,15,3
ENSG00000272573|MUSTN1,6,5,8,2
ENSG00000168036|CTNNB1,49593,58391,43443,53804
ENSG00000174839|DENND6A,4603,5424,4042,5343
ENSG00000157445|CACNA2D3,1851,1798,1181,1530
ENSG00000163618|CADPS,452,565,441,558
ENSG00000163376|KBTBD8,598,711,629,758
ENSG00000272305,43,54,32,38
ENSG00000144744|UBA3,9312,10826,8079,9655
ENSG00000173769|TOPAZ1,0,0,0,0
ENSG00000121440|PDZRN3,411,406,345,427
ENSG00000080819|CPOX,3097,3118,2511,2974
ENSG00000168309|FAM107A,21473,22265,14388,16602
ENSG00000227124|ZNF717,1051,1088,924,1047
ENSG00000064225|ST3GAL6,389,309,267,375
ENSG00000163378|EOGT,1195,1431,1203,1497
ENSG00000170854|RIOX2,8661,9135,6054,7449
ENSG00000163938|GNL3,18253,19016,14043,17537
ENSG00000269028|MTRNR2L12,727,604,399,573
ENSG00000044524|EPHA3,12679,17834,10806,14883
ENSG00000081148|IMPG2,0,17,7,16
ENSG00000144747|TMF1,5307,7942,5762,7637
ENSG00000183185|GABRR3,0,5,0,0
ENSG00000003756|RBM5,11349,11296,8807,10567
ENSG00000196098|OR5K4,0,0,0,0
ENSG00000036054|TBC1D23,5220,6219,4484,5653
ENSG00000154174|TOMM70,23336,27350,20201,25518
ENSG00000138468|SENP7,1111,1728,1337,1610
ENSG00000057019|DCBLD2,50329,70360,47243,58440
ENSG00000184220|CMSS1,7480,7651,5271,6334
ENSG00000114021|NIT2,7479,6940,5546,6725
ENSG00000144815|NXPE3,1768,2442,1874,2401
ENSG00000255423|EBLN2,233,199,177,218
ENSG00000114423|CBLB,5712,7549,5107,6115
ENSG00000285635,0,0,0,0
ENSG00000206535|LNP1,2164,2358,1581,1806
ENSG00000080224|EPHA6,425,508,362,461
ENSG00000004838|ZMYND10,160,122,105,121
ENSG00000144821|MYH15,265,390,357,365
ENSG00000153266|FEZF2,0,0,0,0
ENSG00000163617|CCDC191,1197,1225,842,910
ENSG00000164082|GRM2,18,29,58,63
ENSG00000138472|GUCA1C,0,0,0,0
ENSG00000239388|ASB14,106,94,110,62
ENSG00000174844|DNAH12,22,74,42,23
ENSG00000144802|NFKBIZ,3149,3928,2590,3655
ENSG00000080200|CRYBG3,3755,7518,5915,7477
ENSG00000144810|COL8A1,661,749,381,512
ENSG00000243696,276,179,153,157
ENSG00000163608|NEPRO,13943,15386,10870,13417
ENSG00000170017|ALCAM,30320,42676,23551,27854
ENSG00000144827|ABHD10,5393,6156,4715,5781
ENSG00000272104,1,4,0,0
ENSG00000174500|GCSAM,321,372,250,290
ENSG00000114439|BBX,15948,23860,15919,20734
ENSG00000163815|CLEC3B,23,16,9,5
ENSG00000168268|NT5DC2,10355,9054,7682,9356
ENSG00000163412|EIF4E3,1015,1273,1008,1239
ENSG00000163507|CIP2A,11527,15865,14095,17085
ENSG00000183763|TRAIP,3061,2908,2380,2879
ENSG00000176040|TMPRSS7,8,21,13,22
ENSG00000144771|LRTM1,0,0,0,0
ENSG00000154165|GPR15,0,0,0,3
ENSG00000206531|CD200R1L,9,8,14,6
ENSG00000249992|TMEM158,119,122,47,79
ENSG00000091972|CD200,12657,13937,8605,10106
ENSG00000163377|TAFA4,25,52,39,29
ENSG00000176142|TMEM39A,7313,7860,5454,6759
ENSG00000163681|SLMAP,7059,9769,7575,9564
ENSG00000163666|HESX1,180,187,102,178
ENSG00000145050|MANF,11516,10963,7531,8792
ENSG00000113845|TIMMDC1,24858,23745,17379,21127
ENSG00000176095|IP6K1,11422,11403,8060,10092
ENSG00000198919|DZIP3,8490,11287,8352,9991
ENSG00000121570|DPPA4,0,0,0,6
ENSG00000163530|DPPA2,10,0,0,16
ENSG00000114902|SPCS1,14568,12696,8815,11343
ENSG00000010327|STAB1,9,10,14,10
ENSG00000285708,1,0,1,6
ENSG00000173706|HEG1,20604,31251,23590,27782
ENSG00000144837|PLA1A,16,38,32,20
ENSG00000170837|GPR27,1248,1251,1028,1276
ENSG00000163424|TEX55,0,0,8,0
ENSG00000004534|RBM6,16296,17995,12910,15173
ENSG00000138483|CCDC54,5,10,5,2
ENSG00000163606|CD200R1,106,108,103,123
ENSG00000168028|RPSA,167416,152389,110766,139730
ENSG00000163814|CDCP1,7498,8236,6406,8665
ENSG00000197385|ZNF860,1280,1525,1365,1549
ENSG00000151576|QTRT2,10367,11574,8524,10932
ENSG00000121594|CD80,11,9,13,11
ENSG00000174738|NR1D2,13220,17383,12575,15451
ENSG00000080822|CLDND1,7286,7600,5730,7037
ENSG00000163933|RFT1,5135,5190,3680,4561
ENSG00000241224|C3orf85,0,0,0,4
ENSG00000196578|OR5AC2,0,0,0,0
ENSG00000189283|FHIT,174,189,85,110
ENSG00000206530|CFAP44,4708,6271,5273,5556
ENSG00000144746|ARL6IP5,8633,9295,5941,7569
ENSG00000168306|ACOX2,32,0,14,24
ENSG00000196981|WDR5B,6744,7256,4870,6510
ENSG00000144847|IGSF11,483,535,281,457
ENSG00000153551|CMTM7,15902,14753,8740,10615
ENSG00000163611|SPICE1,4494,7043,6141,5434
ENSG00000163513|TGFBR2,8162,9322,6350,8190
ENSG00000114487|MORC1,15,38,27,38
ENSG00000183813|CCR4,25,31,5,6
ENSG00000144834|TAGLN3,128,111,113,118
ENSG00000114446|IFT57,25837,28370,20034,25408
ENSG00000285943,1423,1522,1498,4015
ENSG00000185565|LSAMP,0,8,0,0
ENSG00000163689|CFAP20DC,806,1096,767,989
ENSG00000121552|CSTA,43,57,37,64
ENSG00000114520|SNX4,8784,11055,8719,10839
ENSG00000121578|B4GALT4,7402,7842,6166,7623
ENSG00000114455|HHLA2,26,45,39,26
ENSG00000163870|TPRA1,4799,4088,2936,3718
ENSG00000183662|TAFA1,4,3,0,0
ENSG00000186265|BTLA,19,21,26,18
ENSG00000114904|NEK4,5146,6309,4224,5691
ENSG00000180353|HCLS1,37,59,42,24
ENSG00000172139|SLC9C1,11,23,17,17
ENSG00000144848|ATG3,12869,13393,10051,11782
ENSG00000169087|HSPBAP1,7239,7562,5647,6924
ENSG00000259956|RBM15B,18197,18755,11607,14292
ENSG00000114638|UPK1B,27022,26801,18548,22394
ENSG00000170142|UBE2E1,8910,10308,6674,8940
ENSG00000163519|TRAT1,0,0,0,0
ENSG00000114784|EIF1B,6216,5619,4345,5366
ENSG00000177494|ZBED2,10908,10977,8193,10419
ENSG00000163607|GTPBP8,5538,6033,4728,5888
ENSG00000214324|C3orf56,0,0,0,0
ENSG00000114030|KPNA1,50027,59843,44539,53795
ENSG00000160124|MIX23,9969,9867,8115,9065
ENSG00000163605|PPP4R2,12858,15962,11758,14695
ENSG00000014257|ACP3,2932,3723,2149,2833
ENSG00000001617|SEMA3F,3543,3348,1899,2071
ENSG00000188338|SLC38A3,171,133,143,139
ENSG00000170819|BFSP2,5,25,5,4
ENSG00000251012,0,0,0,0
ENSG00000144824|PHLDB2,6502,9373,7968,9600
ENSG00000158186|MRAS,2375,2742,1937,2182
ENSG00000198643|FAM3D,13,29,3,14
ENSG00000172888|ZNF621,6294,9163,6693,8720
ENSG00000114125|RNF7,11381,10423,6205,8013
ENSG00000273291,0,4,4,9
ENSG00000144909|OSBPL11,13315,19790,15019,18590
ENSG00000174579|MSL2,9275,11176,8210,10655
ENSG00000065485|PDIA5,5669,5481,3472,4446
ENSG00000174564|IL20RB,228,281,180,221
ENSG00000138459|SLC35A5,7229,8178,6063,7878
ENSG00000145103|ILDR1,1551,1570,1034,1314
ENSG00000158220|ESYT3,435,433,450,518
ENSG00000118007|STAG1,7149,9109,4302,6200
ENSG00000114631|PODXL2,10083,9419,6300,7763
ENSG00000114573|ATP6V1A,18032,22790,17139,22237
ENSG00000155903|RASA2,3264,4370,3422,4489
ENSG00000158234|FAIM,1021,990,790,914
ENSG00000206527|HACD2,16422,21136,14972,19424
ENSG00000163421|PROK2,0,0,0,0
ENSG00000163430|FSTL1,94832,110817,88413,105220
ENSG00000157500|APPL1,8468,11809,8785,11515
ENSG00000176542|USF3,7854,13279,9591,12528
ENSG00000168875|SOX14,0,0,0,0
ENSG00000214237|MINDY4B,0,0,0,0
ENSG00000118017|A4GNT,16,31,20,17
ENSG00000114023|FAM162A,19687,19758,13621,17056
ENSG00000144895|EIF2A,31032,33926,25275,31410
ENSG00000206536|OR5K3,0,0,0,0
ENSG00000114744|COMMD2,12037,13312,10139,12408
ENSG00000177707|NECTIN3,12838,18617,13096,15410
ENSG00000240891|PLCXD2,1096,1528,1008,1417
ENSG00000163637|PRICKLE2,2992,3849,2334,3157
ENSG00000144843|ADPRH,904,909,659,855
ENSG00000152977|ZIC1,5787,5826,3920,4842
ENSG00000114013|CD86,11,8,5,7
ENSG00000175792|RUVBL1,36205,35317,24842,30497
ENSG00000198829|SUCNR1,9,0,0,0
ENSG00000065518|NDUFB4,20749,18013,12442,15532
ENSG00000114107|CEP70,5494,6951,4298,5069
ENSG00000163590|PPM1L,444,627,476,556
ENSG00000163406|SLC15A2,2269,2471,1454,2071
ENSG00000031081|ARHGAP31,4237,5638,3441,4137
ENSG00000058262|SEC61A1,69602,70024,51069,64622
ENSG00000047457|CP,45404,57310,33983,48227
ENSG00000066405|CLDN18,15,7,0,5
ENSG00000138231|DBR1,5872,6274,5272,6580
ENSG00000173193|PARP14,12383,17444,13767,17801
ENSG00000158163|DZIP1L,455,532,542,644
ENSG00000159685|CHCHD6,2603,2475,1484,1913
ENSG00000121579|NAA50,41517,51703,41426,51291
ENSG00000182447|OTOL1,4,0,0,0
ENSG00000163762|TM4SF18,42,42,43,32
ENSG00000114686|MRPL3,45151,45634,33140,40823
ENSG00000163630|SYNPR,36,14,12,27
ENSG00000114771|AADAC,31,33,13,36
ENSG00000169255|B3GALNT1,2784,3076,2064,2555
ENSG00000158092|NCK1,6244,6863,4942,6353
ENSG00000114200|BCHE,1338,1611,1194,1338
ENSG00000197953|AADACL2,0,3,5,10
ENSG00000118849|RARRES1,350,329,223,318
ENSG00000114790|ARHGEF26,872,1216,1019,1253
ENSG00000175093|SPSB4,234,233,176,215
ENSG00000169908|TM4SF1,20021,20982,13159,17298
ENSG00000251287|ALG1L2,69,69,49,49
ENSG00000181804|SLC9A9,363,317,230,291
ENSG00000181788|SIAH2,10345,10522,7929,9997
ENSG00000114670|NEK11,1934,2145,1434,1738
ENSG00000114115|RBP1,1526,1617,1063,1161
ENSG00000248710,54,25,18,161
ENSG00000075651|PLD1,2313,2960,1926,2620
ENSG00000121858|TNFSF10,507,620,383,642
ENSG00000173889|PHC3,10179,15601,12393,15196
ENSG00000155893|PXYLP1,1848,1917,1422,1869
ENSG00000168917|SLC35G2,356,290,276,315
ENSG00000079257|LXN,1887,1698,1308,1717
ENSG00000151967|SCHIP1,2205,1540,1562,1704
ENSG00000188306|LRRIQ4,11,13,7,7
ENSG00000075420|FNDC3B,10764,15910,11830,13920
ENSG00000090402|SI,0,0,0,0
ENSG00000163584|RPL22L1,3476,3187,2519,3182
ENSG00000144962|SPATA16,0,0,0,0
ENSG00000173890|GPR160,2254,2425,1680,2100
ENSG00000114098|ARMC8,8193,9334,6633,8253
ENSG00000069849|ATP1B3,11519,11913,9778,11589
ENSG00000168827|GFM1,17702,20949,15867,19506
ENSG00000285218,0,0,0,3
ENSG00000186329|TMEM212,3,4,0,0
ENSG00000163645|ERICH6,16,7,16,13
ENSG00000163655|GMPS,26510,30842,25207,30863
ENSG00000171757|LRRC34,58,54,37,28
ENSG00000132394|EEFSEC,2140,1914,1241,1483
ENSG00000163581|SLC2A2,2,0,0,0
ENSG00000118855|MFSD1,9563,10173,7613,9788
ENSG00000121871|SLITRK3,98,90,57,81
ENSG00000168811|IL12A,2182,2098,1086,1465
ENSG00000114120|SLC25A36,16706,22118,17925,23361
ENSG00000172752|COL6A5,0,5,0,0
ENSG00000136603|SKIL,7253,9711,5185,10311
ENSG00000169860|P2RY1,1003,1323,1364,1609
ENSG00000114248|LRRC31,7,0,0,8
ENSG00000114416|FXR1,27473,32277,23580,28845
ENSG00000120742|SERP1,27452,29024,21262,26663
ENSG00000154310|TNIK,8662,11950,7970,9770
ENSG00000068885|IFT80,10607,14361,10031,12440
ENSG00000163558|PRKCI,31016,41082,30179,37572
ENSG00000114054|PCCB,9692,9694,7237,8178
ENSG00000177694|NAALADL2,2243,3013,1387,1818
ENSG00000285558,2,0,0,0
ENSG00000043093|DCUN1D1,8702,11062,8829,11155
ENSG00000152952|PLOD2,10245,13670,11154,13811
ENSG00000078070|MCCC1,7302,7538,4958,6379
ENSG00000008952|SEC62,27311,28935,20538,25471
ENSG00000173230|GOLGB1,22907,37986,27333,33555
ENSG00000181449|SOX2,17589,19413,12420,15466
ENSG00000058063|ATP11B,9950,14559,11496,14796
ENSG00000174953|DHX36,16407,20416,15667,19426
ENSG00000184378|ACTRT3,711,878,617,754
ENSG00000283154|IQCJ-SCHIP1,1533,2409,1540,1728
ENSG00000085276|MECOM,8482,12048,6542,8118
ENSG00000073111|MCM2,32127,33743,28245,34409
ENSG00000073803|MAP3K13,6233,5938,4689,5748
ENSG00000197415|VEPH1,3160,3659,2386,2926
ENSG00000138463|SLC49A4,11913,13062,9453,11828
ENSG00000161202|DVL3,29932,31070,24043,28880
ENSG00000144893|MED12L,1408,2033,1591,1934
ENSG00000175040|CHST2,6863,6555,4143,5005
ENSG00000169760|NLGN1,312,378,269,312
ENSG00000153767|GTF2E1,6178,6663,5030,6030
ENSG00000082684|SEMA5B,11951,11478,5437,6551
ENSG00000078081|LAMP3,286,299,307,382
ENSG00000175054|ATR,11692,16509,13303,15879
ENSG00000284862|CCDC39,17,35,1,28
ENSG00000175077|RTP1,0,0,0,0
ENSG00000173226|IQCB1,4326,4191,3885,4455
ENSG00000169359|SLC33A1,7070,8349,5886,7210
ENSG00000197584|KCNMB2,43,81,31,51
ENSG00000178084|HTR3C,0,0,0,0
ENSG00000198843|SELENOT,17945,18379,14134,18033
ENSG00000206199|ANKUB1,10,21,6,19
ENSG00000169903|TM4SF4,0,2,8,4
ENSG00000121853|GHSR,0,0,8,0
ENSG00000163840|DTX3L,26090,32154,28331,36380
ENSG00000174948|GPR149,0,0,0,0
ENSG00000163659|TIPARP,5131,6066,5166,5993
ENSG00000170893|TRH,0,0,0,0
ENSG00000013293|SLC7A14,17,0,8,3
ENSG00000113805|CNTN3,0,16,5,7
ENSG00000157005|SST,8,5,0,0
ENSG00000178075|GRAMD1C,1301,1632,1074,1358
ENSG00000168038|ULK4,3334,3562,2307,3083
ENSG00000073711|PPP2R3A,8009,11224,8025,9200
ENSG00000158258|CLSTN2,7262,10131,6981,8614
ENSG00000187527|ATP13A5,31,41,26,14
ENSG00000114796|KLHL24,8681,11263,7827,9958
ENSG00000136514|RTP4,0,5,0,5
ENSG00000285938,57,48,24,65
ENSG00000144730|IL17RD,3303,4631,2807,3360
ENSG00000161204|ABCF3,8335,7894,6081,7404
ENSG00000138246|DNAJC13,20489,29387,22381,28000
ENSG00000205981|DNAJC19,4759,4664,2996,4095
ENSG00000275163,0,0,0,0
ENSG00000113924|HGD,443,422,320,419
ENSG00000163389|POGLUT1,5141,5578,4441,5366
ENSG00000155890|TRIM42,0,0,0,0
ENSG00000196083|IL1RAP,2457,2951,2393,3011
ENSG00000058866|DGKG,15,13,0,7
ENSG00000172578|KLHL6,28,35,30,8
ENSG00000260234,0,0,0,0
ENSG00000114331|ACAP2,11413,16045,12779,16361
ENSG00000136527|TRA2B,31594,32765,23393,27857
ENSG00000163638|ADAMTS9,1230,1904,1627,1943
ENSG00000176597|B3GNT5,1768,2305,2097,2338
ENSG00000188958|UTS2B,24,15,23,15
ENSG00000182606|TRAK1,23185,25712,15951,20073
ENSG00000114626|ABTB1,1020,1056,590,761
ENSG00000173905|GOLIM4,4617,5921,4714,5640
ENSG00000145113|MUC4,14,13,22,24
ENSG00000152492|CCDC50,9862,11562,8465,10435
ENSG00000114315|HES1,14904,16914,6536,11021
ENSG00000175066|GK5,6732,8457,7097,8742
ENSG00000213123|DYNLT2B,987,1028,809,908
ENSG00000113790|EHHADH,2963,3708,2619,3316
ENSG00000197980|LEKR1,335,356,229,247
ENSG00000173200|PARP15,14,15,8,27
ENSG00000163959|SLC51A,133,110,139,115
ENSG00000163728|TTC14,4903,6072,4949,5768
ENSG00000206384|COL6A6,0,8,0,11
ENSG00000114770|ABCC5,3582,3905,3061,3458
ENSG00000145191|EIF2B5,8434,8578,5745,7287
ENSG00000051382|PIK3CB,7548,9766,7056,8706
ENSG00000144736|SHQ1,4710,5423,3950,5248
ENSG00000198471|RTP2,0,0,0,0
ENSG00000161217|PCYT1A,11606,14328,10380,13065
ENSG00000186001|LRCH3,9401,11130,8465,10495
ENSG00000174013|FBXO45,10723,13344,10022,12391
ENSG00000163864|NMNAT3,390,443,349,340
ENSG00000113916|BCL6,6517,7465,5185,6487
ENSG00000163872|YEATS2,21551,24764,19441,23767
ENSG00000122068|FYTTD1,14756,18811,14241,17650
ENSG00000163904|SENP2,16578,19626,14699,18489
ENSG00000161267|BDH1,1939,1839,1145,1554
ENSG00000186090|HTR3D,0,0,0,6
ENSG00000127252|PLAAT1,1780,1545,1128,1426
ENSG00000253548|PYDC2,0,0,0,0
ENSG00000114473|IQCG,2611,3007,2200,2422
ENSG00000184203|PPP1R2,4897,5476,4420,5323
ENSG00000163961|RNF168,6447,8011,7273,8862
ENSG00000273331|TM4SF19-DYNLT2B,0,10,11,5
ENSG00000163958|ZDHHC19,33,22,29,61
ENSG00000145016|RUBCN,6929,8039,5752,7061
ENSG00000114503|NCBP2,29374,31219,21921,27820
ENSG00000163900|TMEM41A,6076,6395,5060,6537
ENSG00000173950|XXYLT1,6850,7158,4497,5630
ENSG00000163975|MELTF,2231,2239,1623,2191
ENSG00000180611|MB21D2,995,1006,817,939
ENSG00000119231|SENP5,10307,12929,10100,12432
ENSG00000090530|P3H2,2047,2237,2278,2542
ENSG00000182899|RPL35A,85822,78596,54365,69667
ENSG00000189058|APOD,0,0,0,0
ENSG00000176945|MUC20,427,378,246,364
ENSG00000185798|WDR53,2529,2456,1948,2338
ENSG00000283765,1284,1239,688,1059
ENSG00000270170|NCBP2AS2,3763,3427,2263,2882
ENSG00000272741,0,0,0,0
ENSG00000185621|LMLN,3399,4984,3324,4175
ENSG00000188001|TPRG1,172,139,97,106
ENSG00000196542|SPTSSB,725,764,419,509
ENSG00000163960|UBXN7,12068,18973,14867,17878
ENSG00000119227|PIGZ,550,502,439,532
ENSG00000181092|ADIPOQ,0,0,0,0
ENSG00000127249|ATP13A4,45,37,14,47
ENSG00000070087|PFN2,42697,44547,33117,41641
ENSG00000163781|TOPBP1,24802,32884,29598,36687
ENSG00000205835|GMNC,103,111,80,118
ENSG00000214097|SMCO1,3,11,0,5
ENSG00000244405|ETV5,951,1011,793,799
ENSG00000174928|C3orf33,967,859,633,789
ENSG00000181467|RAP2B,9566,9969,7881,9949
ENSG00000284952,26,30,15,14
ENSG00000182580|EPHB3,3662,3351,2435,2845
ENSG00000168374|ARF4,25480,25682,19216,23635
ENSG00000163898|LIPH,259,253,246,264
ENSG00000163577|EIF5A2,1394,1657,1507,1855
ENSG00000145088|EAF2,177,224,161,184
ENSG00000121542|SEC22A,3829,4042,2974,3703
ENSG00000153283|CD96,157,127,151,155
ENSG00000161203|AP2M1,45893,44419,32418,40005
ENSG00000163714|U2SURP,41907,58449,45093,55075
ENSG00000144820|ADGRG7,10,0,0,4
ENSG00000163751|CPA3,15,0,6,11
ENSG00000163754|GYG1,12781,9175,6952,10895
ENSG00000071794|HLTF,14219,26283,20565,24593
ENSG00000163755|HPS3,12762,15545,10652,12576
ENSG00000179407|DNAJB8,0,3,6,0
ENSG00000179348|GATA2,490,437,448,477
ENSG00000163902|RPN1,72797,74783,53362,66639
ENSG00000179021|C3orf38,5106,5671,4558,5728
ENSG00000081154|PCNP,17901,18784,14787,18521
ENSG00000066422|ZBTB11,4285,5945,4726,5675
ENSG00000114391|RPL24,87763,81685,57016,72221
ENSG00000182504|CEP97,1939,2647,2240,2658
ENSG00000174173|TRMT10C,7912,8475,6332,7669
ENSG00000174611|KY,6,27,12,18
ENSG00000163705|FANCD2OS,3,3,6,7
ENSG00000254999|BRK1,11172,10350,7462,9980
ENSG00000134070|IRAK2,272,265,288,330
ENSG00000272410,160,345,226,434
ENSG00000157017|GHRL,32,39,18,33
ENSG00000157020|SEC13,13581,12468,8154,10617
ENSG00000178537|SLC25A20,2212,2212,1589,2058
ENSG00000178467|P4HTM,4105,3608,2654,3275
ENSG00000178252|WDR6,16447,16040,13215,16341
ENSG00000178149|DALRD3,3956,2910,1565,2158
ENSG00000178057|NDUFAF3,3062,2714,1617,2087
ENSG00000163661|PTX3,1040,959,972,1204
ENSG00000188817|SNTN,0,0,0,0
ENSG00000163632|C3orf49,26,27,27,36
ENSG00000163634|THOC7,21918,21410,15678,18906
ENSG00000151577|DRD3,0,0,0,0
ENSG00000181847|TIGIT,10,4,0,0
ENSG00000181722|ZBTB20,973,1113,766,794
ENSG00000240045|STRIT1,0,0,0,0
ENSG00000076242|MLH1,4469,5180,3851,4775
ENSG00000036828|CASR,0,0,0,11
ENSG00000134086|VHL,11079,11094,8962,11159
ENSG00000240747|KRBOX1,11,6,7,2
ENSG00000168329|CX3CR1,11,3,5,0
ENSG00000092345|DAZL,0,0,0,9
ENSG00000151090|THRB,2148,2744,2028,2489
ENSG00000172020|GAP43,5,6,3,0
ENSG00000174748|RPL15,165882,159379,104535,137883
ENSG00000169714|CNBP,74725,77537,58272,71859
ENSG00000154767|XPC,3433,3821,2769,3572
ENSG00000013297|CLDN11,383,372,469,613
ENSG00000073792|IGF2BP2,33840,41637,28420,34785
ENSG00000174255|ZNF80,0,0,3,0
ENSG00000144908|ALDH1L1,4,14,4,12
ENSG00000152642|GPD1L,6685,7426,4187,5503
ENSG00000175193|PARL,13188,12781,8928,11018
ENSG00000163660|CCNL1,14372,16498,12118,15048
ENSG00000144959|NCEH1,1047,1399,1283,1577
ENSG00000170876|TMEM43,7577,7544,5427,6728
ENSG00000177565|TBL1XR1,22920,27862,18716,23186
ENSG00000180834|MAP6D1,210,108,109,148
ENSG00000145107|TM4SF19,29,30,31,29
ENSG00000198585|NUDT16,14914,17085,11667,14683
ENSG00000181744|DIPK2A,2608,3314,2448,2874
ENSG00000144840|RABL3,3738,4377,3238,4229
ENSG00000163380|LMOD3,61,21,12,20
ENSG00000114656|CFAP92,418,598,436,551
ENSG00000163635|ATXN7,11629,15508,12482,15573
ENSG00000169064|ZBBX,222,195,134,191
ENSG00000181458|TMEM45A,1443,1441,971,1304
ENSG00000154175|ABI3BP,663,846,507,639
ENSG00000065534|MYLK,18796,24852,12897,16065
ENSG00000065371|ROPN1,33,26,25,16
ENSG00000075785|RAB7A,68536,72108,51402,62893
ENSG00000151092|NGLY1,3474,4032,2793,3223
ENSG00000151093|OXSM,1723,1727,1148,1411
ENSG00000145198|VWA5B2,77,57,39,58
ENSG00000214160|ALG3,10435,9518,6251,7822
ENSG00000284753|EEF1AKMT4,2211,1856,1132,1465
ENSG00000284917|EEF1AKMT4-ECE2,0,0,0,17
ENSG00000163888|CAMK2N2,346,338,224,228
ENSG00000175166|PSMD2,71151,73632,54764,67484
ENSG00000114867|EIF4G1,194409,216817,151921,181054
ENSG00000175182|FAM131A,4322,3643,2929,3615
ENSG00000114859|CLCN2,2700,2565,1946,2354
ENSG00000163882|POLR2H,14412,13081,9791,12470
ENSG00000090539|CHRD,33,51,92,68
ENSG00000008226|DLEC1,86,56,46,38
ENSG00000060971|ACAA1,4675,4298,3067,3903
ENSG00000114354|TFG,28607,29317,20998,25170
ENSG00000114742|WDR48,8785,9926,8152,10349
ENSG00000241186|TDGF1,0,0,0,0
ENSG00000283877,1,1,0,1
ENSG00000178038|ALS2CL,676,650,426,509
ENSG00000181585|TMIE,270,243,162,239
ENSG00000206549,6,5,18,0
ENSG00000283706|PRSS50,0,0,0,0
ENSG00000188086|PRSS45P,0,0,0,0
ENSG00000160808|MYL3,0,8,0,0
ENSG00000160801|PTH1R,0,0,0,0
ENSG00000160796|NBEAL2,7518,7652,5265,6633
ENSG00000114739|ACVR2B,2757,3681,2634,3451
ENSG00000157036|EXOG,1541,1598,1373,1690
ENSG00000121864|ZNF639,7799,8505,6582,8455
ENSG00000171109|MFN1,14847,18620,12875,15545
ENSG00000114450|GNB4,1734,2331,2244,2695
ENSG00000136518|ACTL6A,13826,14438,10898,13126
ENSG00000136522|MRPL47,12938,11915,8563,10431
ENSG00000172936|MYD88,2768,2700,2164,2602
ENSG00000187715|KBTBD12,4,2,4,3
ENSG00000178772|CPN2,3,0,0,0
ENSG00000172061|LRRC15,5,6,7,22
ENSG00000178732|GP5,17,11,16,8
ENSG00000133657|ATP13A3,19714,31385,25854,33104
ENSG00000041802|LSG1,16396,17749,13444,16604
ENSG00000185112|FAM43A,4337,4033,2483,3491
ENSG00000134107|BHLHE40,11709,12583,6547,8603
ENSG00000134108|ARL8B,3380,3609,2629,3072
ENSG00000134109|EDEM1,2628,3379,2160,2733
ENSG00000187672|ERC2,450,507,392,451
ENSG00000180376|CCDC66,1974,2044,1681,1860
ENSG00000168356|SCN11A,21,25,13,17
ENSG00000177383|MAGEF1,12848,12713,9029,11949
ENSG00000187068|C3orf70,50,58,59,46
ENSG00000156931|VPS8,5332,6653,4555,5652
ENSG00000171121|KCNMB3,559,647,526,620
ENSG00000196455|PIK3R4,12497,15159,11825,14791
ENSG00000163347|CLDN1,7634,8819,7161,9088
ENSG00000113946|CLDN16,1562,2013,1463,1755
ENSG00000017260|ATP2C1,26435,30863,22504,28472
ENSG00000114126|TFDP2,20144,22490,16009,20026
ENSG00000114405|C3orf14,786,666,610,820
ENSG00000187033|SAMD7,0,8,5,0
ENSG00000168016|TRANK1,1216,1710,1295,1729
ENSG00000181322|NME9,149,134,88,121
ENSG00000172340|SUCLG2,7117,8036,5793,6916
ENSG00000187091|PLCD1,651,572,446,676
ENSG00000114850|SSR3,33532,36240,28000,34378
ENSG00000034533|ASTE1,2686,2849,2239,2617
ENSG00000163636|PSMD6,32833,33466,23249,28643
ENSG00000114805|PLCH1,1179,1678,622,1050
ENSG00000018408|WWTR1,15994,21047,14801,18788
ENSG00000144749|LRIG1,4383,4987,2748,3467
ENSG00000164081|TEX264,3389,3204,2055,2587
ENSG00000091527|CDV3,56317,69685,52813,64901
ENSG00000174963|ZIC4,539,1015,562,516
ENSG00000213533|STIMATE,2581,2594,2017,2417
ENSG00000090534|THPO,22,17,26,24
ENSG00000169251|NMD3,16843,19480,13260,17052
ENSG00000163947|ARHGEF3,3252,3999,2140,2615
ENSG00000114737|CISH,217,142,122,173
ENSG00000082996|RNF13,8013,9465,6389,8523
ENSG00000197885|NKIRAS1,5049,3857,3710,3756
ENSG00000145087|STXBP5L,46,41,58,39
ENSG00000163785|RYK,43277,51828,37601,45120
ENSG00000114735|HEMK1,2365,2229,1714,1852
ENSG00000072858|SIDT1,82,73,68,88
ENSG00000175455|CCDC14,18715,24435,20093,23968
ENSG00000114395|CYB561D2,1001,907,651,832
ENSG00000114529|C3orf52,1716,2105,1775,2153
ENSG00000239620|PRR20G,3,0,0,0
ENSG00000091986|CCDC80,29850,31260,24018,28152
ENSG00000173175|ADCY5,181,136,94,195
ENSG00000163848|ZNF148,13387,20110,14819,18475
ENSG00000144550|CPNE9,10,11,6,0
ENSG00000134072|CAMK1,448,336,234,449
ENSG00000250151|ARPC4-TTLL3,58,101,58,108
ENSG00000214021|TTLL3,1495,1319,1003,1098
ENSG00000156990|RPUSD3,3575,3112,2103,2683
ENSG00000171135|JAGN1,5469,4742,3389,4255
ENSG00000163701|IL17RE,70,16,47,28
ENSG00000145022|TCTA,2610,2438,1524,1835
ENSG00000283189,680,652,512,229
ENSG00000145020|AMT,135,101,119,100
ENSG00000145029|NICN1,303,400,236,659
ENSG00000173402|DAG1,43576,48898,33725,42602
ENSG00000164061|BSN,399,331,243,279
ENSG00000164062|APEH,21051,19249,13704,16079
ENSG00000173531|MST1,553,445,365,362
ENSG00000164068|RNF123,8285,7963,5824,6973
ENSG00000176020|AMIGO3,446,558,370,509
ENSG00000173540|GMPPB,4896,4655,3602,4145
ENSG00000163704|PRRT3,6570,6476,4191,5124
ENSG00000125037|EMC3,7188,6855,4643,5677
ENSG00000187288|CIDEC,8,17,8,0
ENSG00000114648|KLHL18,5788,6620,4748,5746
ENSG00000156976|EIF4A2,62637,68818,54555,66034
ENSG00000183770|FOXL2,2184,2069,1457,1869
ENSG00000206262|FOXL2NB,805,825,796,822
ENSG00000206260|PRR23A,14,6,9,4
ENSG00000184814|PRR23B,0,3,3,2
ENSG00000233701|PRR23C,0,0,0,0
ENSG00000114113|RBP2,44,55,19,16
ENSG00000163428|LRRC58,19417,25313,22040,27977
ENSG00000206557|TRIM71,10,25,11,14
ENSG00000182973|CNOT10,7894,8586,6275,7993
ENSG00000157150|TIMP4,15,8,9,19
ENSG00000114204|SERPINI2,7,6,8,10
ENSG00000114209|PDCD10,4213,4523,3419,4267
ENSG00000163536|SERPINI1,471,544,359,375
ENSG00000114698|PLSCR4,693,769,785,1039
ENSG00000163746|PLSCR2,58,52,48,49
ENSG00000188313|PLSCR1,6777,6935,6017,7285
ENSG00000113810|SMC4,67568,91986,62707,75877
ENSG00000213186|TRIM59,10702,10489,6746,8377
ENSG00000186432|KPNA4,33485,41137,31039,38258
ENSG00000179674|ARL14,12,13,15,18
ENSG00000083937|CHMP2B,5792,6726,5317,6365
ENSG00000114251|WNT5A,9623,12384,7375,8753
ENSG00000183833|CFAP91,651,748,527,516
ENSG00000285585,0,0,0,0
ENSG00000114767|RRP9,3006,2674,1986,2291
ENSG00000180929|GPR62,16,18,15,20
ENSG00000248487|ABHD14A,1341,1265,895,1267
ENSG00000114786|ABHD14A-ACY1,1833,429,55,64
ENSG00000243989|ACY1,3906,4028,3106,3779
ENSG00000162244|RPL29,95614,83446,54685,74744
ENSG00000164086|DUSP7,1147,1122,954,1028
ENSG00000164087|POC1A,2542,2594,1738,2307
ENSG00000023330|ALAS1,7399,7168,5173,6418
ENSG00000173366,64,0,0,63
ENSG00000247596|TWF2,6418,6143,4249,5168
ENSG00000164088|PPM1M,849,761,712,807
ENSG00000164091|WDR82,25109,27613,19422,24379
ENSG00000168237|GLYCTK,480,363,256,326
ENSG00000163930|BAP1,11147,10487,7429,9544
ENSG00000163923|RPL39L,4252,3991,3048,3526
ENSG00000073849|ST6GAL1,7558,8604,5604,7033
ENSG00000163884|KLF15,311,365,278,259
ENSG00000163885|CFAP100,13,8,12,9
ENSG00000070476|ZXDC,7557,7558,5730,7220
ENSG00000159650|UROC1,0,0,0,0
ENSG00000180767|CHST13,19,32,35,51
ENSG00000180697|C3orf22,0,0,0,0
ENSG00000174004|NRROS,792,691,642,832
ENSG00000180370|PAK2,21761,29542,24144,29861
ENSG00000174007|CEP19,541,614,425,591
ENSG00000175161|CADM2,540,709,398,527
ENSG00000184432|COPB2,48704,56098,37847,46052
ENSG00000198218|QRICH1,13461,14407,10390,12515
ENSG00000172053|QARS1,31835,29936,21162,27241
ENSG00000172046|USP19,18425,17831,12431,15031
ENSG00000172037|LAMB2,21764,21480,13683,17845
ENSG00000177352|CCDC71,3130,2830,1970,2418
ENSG00000185909|KLHDC8B,1152,1055,891,1058
ENSG00000236980|C3orf84,0,0,0,0
ENSG00000178035|IMPDH2,33247,31742,24165,30173
ENSG00000163646|CLRN1,0,0,0,0
ENSG00000240303|ACAD11,5082,5713,4068,4489
ENSG00000274810|NPHP3-ACAD11,70,22,42,179
ENSG00000129048|ACKR4,40,45,25,29
ENSG00000144741|SLC25A26,1587,1614,1322,1512
ENSG00000072274|TFRC,67930,82627,60343,79698
ENSG00000088726|TMEM40,7,10,0,5
ENSG00000144712|CAND2,692,694,645,714
ENSG00000144713|RPL32,102964,90963,63589,82058
ENSG00000132155|RAF1,13003,14381,10054,13232
ENSG00000082701|GSK3B,22773,29472,21104,26608
ENSG00000154917|RAB6B,25213,27348,15831,19815
ENSG00000188315|C3orf62,1880,1760,1275,1612
ENSG00000114316|USP4,5930,7407,5241,6735
ENSG00000163602|RYBP,3939,4421,3247,4286
ENSG00000145014|TMEM44,1572,1522,1077,1399
ENSG00000214216|IQCJ,0,0,0,0
ENSG00000196639|HRH1,3075,3587,2545,3079
ENSG00000145194|ECE2,9,0,0,0
ENSG00000090097|PCBP4,3075,2962,2105,2595
ENSG00000114346|ECT2,17396,23300,15307,19278
ENSG00000114127|XRN1,5387,9288,6935,9129
ENSG00000075711|DLG1,22683,29153,22091,25672
ENSG00000121577|POPDC2,125,72,67,82
ENSG00000196776|CD47,163673,185839,129120,165714
ENSG00000138495|COX17,7928,7431,5644,7048
ENSG00000007402|CACNA2D2,351,347,282,377
ENSG00000177479|ARIH2,18277,19072,14681,17563
ENSG00000129055|ANAPC13,7449,7341,5902,7265
ENSG00000114019|AMOTL2,124036,141621,88872,111680
ENSG00000114544|SLC41A3,3631,3188,2115,2758
ENSG00000085274|MYNN,5864,6548,4966,6167
ENSG00000144868|TMEM108,290,270,184,286
ENSG00000221955|SLC12A8,2630,2676,2039,2537
ENSG00000198836|OPA1,20258,27365,19719,25636
ENSG00000175697|GPR156,2364,2458,1957,2554
ENSG00000169282|KCNAB1,265,320,208,365
ENSG00000163320|CGGBP1,17362,22577,15741,20026
ENSG00000288654,1,1,1,1
ENSG00000175105|ZNF654,2964,4279,3105,4175
ENSG00000183873|SCN5A,23,55,23,44
ENSG00000073282|TP63,37,25,27,38
ENSG00000127241|MASP1,5,21,6,7
ENSG00000187098|MITF,851,1097,890,1178
ENSG00000091513|TF,60,54,35,73
ENSG00000174640|SLCO2A1,788,824,717,878
ENSG00000144867|SRPRB,10709,10617,7924,9730
ENSG00000114861|FOXP1,2484,3035,1953,2398
ENSG00000233276|GPX1,48,67,49,53
ENSG00000242120|MDFIC2,3,3,3,0
ENSG00000153002|CPB1,0,0,0,0
ENSG00000144891|AGTR1,24,28,48,51
ENSG00000163687|DNASE1L3,0,0,0,0
ENSG00000163686|ABHD6,530,542,408,545
ENSG00000163684|RPP14,5618,5861,4305,4902
ENSG00000168297|PXK,861,1136,828,846
ENSG00000168291|PDHB,10982,10580,7692,9761
ENSG00000114757|PEX5L,17,34,25,41
ENSG00000136521|NDUFB5,19563,17992,13254,16431
ENSG00000288698,414,449,148,187
ENSG00000058056|USP13,5445,6898,5560,7022
ENSG00000196549|MME,1034,1322,987,1356
ENSG00000255154|HTD2,992,866,475,1153
ENSG00000213139|CRYGS,126,79,59,71
ENSG00000113838|TBCCD1,2668,2862,1903,2394
ENSG00000283149,0,0,0,0
ENSG00000145192|AHSG,66,56,38,49
ENSG00000090512|FETUB,2,0,0,0
ENSG00000113905|HRG,61,65,54,50
ENSG00000091181|IL5RA,27,28,7,16
ENSG00000072756|TRNT1,3291,3352,2762,3234
ENSG00000067560|RHOA,54539,52962,39934,47793
ENSG00000113851|CRBN,2769,2991,2148,2673
ENSG00000177646|ACAD9,9806,9388,7099,8401
ENSG00000169704|GP9,0,0,0,0
ENSG00000172780|RAB43,323,1622,3707,1948
ENSG00000261796|ISY1-RAB43,9720,5971,0,4136
ENSG00000240682|ISY1,7302,9592,8472,8568
ENSG00000211456|SACM1L,5571,6872,5012,6018
ENSG00000163817|SLC6A20,175,183,64,92
ENSG00000163820|FYCO1,7177,8856,6026,7556
ENSG00000172215|CXCR6,22,47,15,14
ENSG00000184500|PROS1,1774,2342,1665,2084
ENSG00000178750|STX19,270,304,107,237
ENSG00000178700|DHFR2,2832,3279,2403,2601
ENSG00000178694|NSUN3,1839,2052,1525,1904
ENSG00000169379|ARL13B,2180,2876,2341,2981
ENSG00000114812|VIPR1,208,114,82,125
ENSG00000093183|SEC22C,5813,6907,4960,5927
ENSG00000008324|SS18L2,2343,2224,1826,2259
ENSG00000114857|NKTR,9017,12154,9461,10804
ENSG00000157119|KLHL40,0,0,0,0
ENSG00000010282|HHATL,3,0,0,5
ENSG00000244607|CCDC13,30,14,17,18
ENSG00000280571,298,409,283,259
ENSG00000181061|HIGD1A,29307,29950,20203,25900
ENSG00000144648|ACKR2,1194,1194,764,1022
ENSG00000180432|CYP8B1,50,64,57,52
ENSG00000114853|ZBTB47,1923,1870,1319,1591
ENSG00000285749,0,0,0,0
ENSG00000173389|IQCF1,7,0,0,0
ENSG00000229972|IQCF3,0,0,0,0
ENSG00000184345|IQCF2,0,0,0,0
ENSG00000214681|IQCF5,0,0,0,0
ENSG00000041880|PARP3,450,371,343,431
ENSG00000157014|TATDN2,9669,10352,7121,8643
ENSG00000185219|ZNF445,6003,7647,6384,7501
ENSG00000178917|ZNF852,237,373,333,407
ENSG00000196345|ZKSCAN7,13,8,0,6
ENSG00000144792|ZNF660,11,17,15,21
ENSG00000186448|ZNF197,1536,2092,1536,1963
ENSG00000169981|ZNF35,1361,1415,1179,1388
ENSG00000185313|SCN10A,0,0,0,0
ENSG00000131375|CAPN7,4793,5986,4688,6073
ENSG00000131370|SH3BP5,5623,4795,3957,4235
ENSG00000206562|METTL6,3224,3501,2809,3340
ENSG00000144597|EAF1,8388,10836,7854,9535
ENSG00000206561|COLQ,166,124,87,87
ENSG00000131373|HACL1,4194,4042,2921,3704
ENSG00000169814|BTD,2156,2174,1636,2172
ENSG00000012171|SEMA3B,1106,1044,872,890
ENSG00000179564|LSMEM2,31,40,26,39
ENSG00000186792|HYAL3,1105,917,818,1105
ENSG00000243477|NAA80,434,500,327,407
ENSG00000175110|MRPS22,11777,11621,8549,10554
ENSG00000090520|DNAJB11,22500,24695,17020,20360
ENSG00000154743|TSEN2,2351,2251,1696,1923
ENSG00000164050|PLXNB1,45224,43055,27221,31354
ENSG00000164051|CCDC51,6091,5541,3929,5047
ENSG00000232112|TMA7,27952,24105,17981,22764
ENSG00000213689|TREX1,11,7,5,3
ENSG00000114268|PFKFB4,1550,1723,1343,1758
ENSG00000145040|UCN2,22,27,15,15
ENSG00000010256|UQCRC1,45728,43819,29641,36631
ENSG00000183396|TMEM89,0,3,4,7
ENSG00000225697|SLC26A6,1655,1441,1239,1568
ENSG00000008300|CELSR3,1252,1721,1150,1385
ENSG00000213672|NCKIPSD,6202,5972,4461,5618
ENSG00000068745|IP6K2,15351,15225,11536,13572
ENSG00000114270|COL7A1,717,661,605,606
ENSG00000075975|MKRN2,9624,8914,7166,8580
ENSG00000172667|ZMAT3,3866,5454,4275,5206
ENSG00000121879|PIK3CA,6805,9409,7391,9115
ENSG00000241553|ARPC4,17556,15929,11023,14543
ENSG00000163964|PIGX,4795,4733,4192,5202
ENSG00000114745|GORASP1,4426,4081,2962,3664
ENSG00000197763|TXNRD3,867,960,795,1136
ENSG00000179097|HTR1F,0,3,0,0
ENSG00000114779|ABHD14B,2951,2482,1737,2203
ENSG00000144645|OSBPL10,16487,17779,12029,14590
ENSG00000239732|TLR9,0,37,22,0
ENSG00000016864|GLT8D1,5535,5885,3880,5077
ENSG00000163918|RFC4,6595,7155,6460,7373
ENSG00000180044|C3orf80,21,24,21,41
ENSG00000232382|OR5K1,2,2,0,0
ENSG00000114026|OGG1,2626,2409,2048,2221
ENSG00000144681|STAC,470,520,522,644
ENSG00000198398|TMEM207,0,0,0,0
ENSG00000231213|PLSCR5,0,0,5,0
ENSG00000180914|OXTR,6429,7556,4088,5137
ENSG00000144852|NR1I2,7,7,4,11
ENSG00000113889|KNG1,7,2,6,22
ENSG00000010318|PHF7,478,461,360,405
ENSG00000010319|SEMA3G,0,8,19,18
ENSG00000114854|TNNC1,247,179,182,276
ENSG00000010322|NISCH,7481,7444,6084,7291
ENSG00000114841|DNAH1,377,465,300,338
ENSG00000076201|PTPN23,17100,16564,11505,14008
ENSG00000114650|SCAP,19373,17657,12063,14783
ENSG00000163832|ELP6,4728,4514,3417,4305
ENSG00000114646|CSPG5,3980,3845,3047,3655
ENSG00000168779|SHOX2,755,867,776,908
ENSG00000178053|MLF1,7516,7500,6154,7152
ENSG00000174891|RSRC1,5050,5610,3916,4692
ENSG00000113971|NPHP3,3229,3779,2899,3406
ENSG00000132153|DHX30,20755,20175,13294,16279
ENSG00000164045|CDC25A,4639,5161,5451,6346
ENSG00000164047|CAMP,71,41,0,28
ENSG00000164048|ZNF589,1800,1867,1601,1715
ENSG00000172113|NME6,2230,2336,1610,1968
ENSG00000229453|SPINK8,1,2,0,0
ENSG00000164049|FBXW12,232,224,114,157
ENSG00000164053|ATRIP,3891,3706,3031,3673
ENSG00000114302|PRKAR2A,21299,25317,18616,22485
ENSG00000114554|PLXNA1,30051,32234,17513,22228
ENSG00000120756|PLS1,5472,7399,4855,6442
ENSG00000144935|TRPC1,804,1225,1046,1406
ENSG00000163710|PCOLCE2,1066,972,830,1034
ENSG00000188582|PAQR9,36,30,57,34
ENSG00000182568|SATB1,1829,2051,1148,1909
ENSG00000081307|UBA5,11630,12925,9545,11548
ENSG00000163702|IL17RC,2349,1996,1616,1982
ENSG00000163719|MTMR14,6399,6139,4313,5275
ENSG00000231192|OR5H1,0,0,0,0
ENSG00000236032|OR5H14,0,0,0,0
ENSG00000233412|OR5H15,0,0,0,0
ENSG00000230301|OR5H6,0,0,0,0
ENSG00000156983|BRPF1,4013,4215,3113,3744
ENSG00000011376|LARS2,3915,4293,2875,3577
ENSG00000144791|LIMD1,5231,6026,4403,5331
ENSG00000173585|CCR9,3,14,0,5
ENSG00000163823|CCR1,35,53,35,63
ENSG00000121807|CCR2,0,6,0,0
ENSG00000160791|CCR5,2,2,0,0
ENSG00000121797|CCRL2,0,0,4,0
ENSG00000283473|FAM240A,24,37,23,47
ENSG00000288550,56,61,99,140
ENSG00000163818|LZTFL1,4558,4962,3215,4147
ENSG00000173578|XCR1,8,5,11,7
ENSG00000183625|CCR3,43,43,20,51
ENSG00000012223|LTF,122,136,103,140
ENSG00000163825|RTP3,0,5,0,3
ENSG00000163827|LRRC2,29,43,40,44
ENSG00000163703|CRELD1,2911,2637,1797,2336
ENSG00000132170|PPARG,47,49,48,28
ENSG00000163932|PRKCD,2231,2151,1876,2304
ENSG00000163931|TKT,37506,36974,24055,29072
ENSG00000272886|DCP1A,6860,7439,5549,7078
ENSG00000016391|CHDH,3918,4495,3706,4260
ENSG00000056736|IL17RB,1214,1289,1018,1264
ENSG00000113812|ACTR8,5725,6970,4672,6074
ENSG00000113811|SELENOK,4727,4314,3351,3899
ENSG00000157388|CACNA1D,1265,1496,1077,1333
ENSG00000144554|FANCD2,7581,8778,8046,9624
ENSG00000114279|FGF12,2115,2450,1772,2383
ENSG00000114491|UMPS,27266,27387,21415,26501
ENSG00000082781|ITGB5,86504,88456,47431,56623
ENSG00000173702|MUC13,63,48,55,62
ENSG00000136068|FLNB,32342,38868,25385,31993
ENSG00000160145|KALRN,2766,3185,2381,2661
ENSG00000064835|POU1F1,0,0,0,0
ENSG00000114547|ROPN1B,69,47,76,63
ENSG00000051341|POLQ,5365,8189,7903,9678
ENSG00000186103|ARGFX,0,4,5,0
ENSG00000163833|FBXO40,0,0,0,3
ENSG00000134077|THUMPD3,6416,7342,5334,6633
ENSG00000168137|SETD5,22307,27127,19475,23126
ENSG00000156959|LHFPL4,21,40,17,25
ENSG00000068028|RASSF1,1719,1428,1286,1808
ENSG00000053524|MCF2L2,303,485,336,425
ENSG00000214706|IFRD2,13470,11960,9126,11337
ENSG00000152601|MBNL1,19026,26912,18385,22826
ENSG00000163515|RETNLB,0,0,0,0
ENSG00000231861|OR5K2,3,2,3,3
ENSG00000144671|SLC22A14,9,0,0,3
ENSG00000186038|HTR3E,0,0,0,0
ENSG00000170044|ZPLD1,8,9,4,5
ENSG00000197938|OR5H2,0,0,0,0
ENSG00000225526|MKRN2OS,239,198,122,197
ENSG00000061938|TNK2,3115,2951,2081,2332
ENSG00000171148|TADA3,17129,16733,11061,13609
ENSG00000164054|SHISA5,23395,21420,16147,20529
ENSG00000144644|GADL1,80,87,128,97
ENSG00000172969|FRG2C,3,0,9,3
ENSG00000150995|ITPR1,1192,1659,1463,1551
ENSG00000154928|EPHB1,491,599,612,754
ENSG00000047849|MAP4,34587,39906,28327,32726
ENSG00000145012|LPP,7804,11279,7896,9813
ENSG00000114654|EFCC1,45,46,35,38
ENSG00000074416|MGLL,740,690,637,792
ENSG00000172995|ARPP21,0,0,0,0
ENSG00000145041|DCAF1,7203,8360,6186,7222
ENSG00000196353|CPNE4,5248,6046,2768,3535
ENSG00000144857|BOC,40308,40675,18635,22903
ENSG00000177311|ZBTB38,4592,7427,4953,6471
ENSG00000196428|TSC22D2,9364,11205,8547,10231
ENSG00000077097|TOP2B,31739,44855,33032,40663
ENSG00000174776|WDR49,0,21,0,0
ENSG00000164080|RAD54L2,7525,9195,6488,7591
ENSG00000163946|TASOR,14203,20006,12955,16119
ENSG00000114124|GRK7,22,21,23,24
ENSG00000131389|SLC6A6,3001,3702,2639,3478
ENSG00000188729|OSTN,34,52,38,52
ENSG00000206560|ANKRD28,15277,20109,12314,15901
ENSG00000138496|PARP9,13326,15584,12736,16289
ENSG00000184307|ZDHHC23,5024,5964,5040,6385
ENSG00000168026|TTC21A,567,520,351,407
ENSG00000168314|MOBP,19,23,37,18
ENSG00000163539|CLASP2,7460,9832,7515,9274
ENSG00000136059|VILL,249,228,131,228
ENSG00000168386|FILIP1L,226,343,384,525
ENSG00000181789|COPG1,36340,36225,24548,30648
ENSG00000183624|HMCES,8401,8399,6631,8151
ENSG00000184897|H1-10,60757,53468,26522,34919
ENSG00000172771|EFCAB12,336,301,197,189
ENSG00000129071|MBD4,8236,9003,6759,8181
ENSG00000163913|IFT122,9435,9414,5944,6957
ENSG00000163914|RHO,16,6,17,5
ENSG00000178804|H1-8,0,0,0,0
ENSG00000004399|PLXND1,7520,7295,5030,5811
ENSG00000182923|CEP63,7168,8221,5622,6693
ENSG00000088727|KIF9,1310,1246,744,1006
ENSG00000174946|GPR171,2,0,0,3
ENSG00000174944|P2RY14,12,6,13,3
ENSG00000138271|GPR87,349,293,279,358
ENSG00000181631|P2RY13,5,2,8,3
ENSG00000169313|P2RY12,9,2,3,5
ENSG00000152580|IGSF10,2535,3916,2524,3294
ENSG00000181555|SETD2,12450,17380,12760,15374
ENSG00000160799|CCDC12,2460,2263,1663,1929
ENSG00000172765|TMCC1,6387,7629,4982,6234
ENSG00000130997|POLN,38,16,0,13
ENSG00000174227|PIGG,7933,7918,6186,7412
ENSG00000109519|GRPEL1,5537,5550,4109,5226
ENSG00000109667|SLC2A9,1821,1931,1266,1482
ENSG00000178222|RNF212,6,3,3,0
ENSG00000178950|GAK,11146,10723,7448,9225
ENSG00000273238|TMEM271,0,0,0,0
ENSG00000072840|EVC,227,313,235,306
ENSG00000109606|DHX15,30610,36569,26519,32286
ENSG00000072832|CRMP1,82,55,34,45
ENSG00000123933|MXD4,6254,6047,4283,5270
ENSG00000272602|ZNF595,2225,2572,2112,2400
ENSG00000109625|CPZ,1897,1684,1128,1331
ENSG00000163993|S100P,9,0,0,0
ENSG00000206113|CFAP99,12,0,13,4
ENSG00000152953|STK32B,0,0,0,0
ENSG00000163132|MSX1,71,31,39,42
ENSG00000151552|QDPR,3433,3280,2404,2916
ENSG00000127415|IDUA,2427,1920,1365,1770
ENSG00000169020|ATP5ME,9706,8789,5792,7062
ENSG00000170891|CYTL1,0,0,0,0
ENSG00000215375|MYL5,635,549,273,452
ENSG00000155275|TRMT44,1327,1513,995,1186
ENSG00000132405|TBC1D14,12529,14355,9422,12060
ENSG00000169676|DRD5,5,0,5,6
ENSG00000159788|RGS12,3124,3125,2443,2780
ENSG00000152969|JAKMIP1,0,0,0,0
ENSG00000170871|KIAA0232,6992,10604,6757,8612
ENSG00000109684|CLNK,0,3,0,0
ENSG00000163956|LRPAP1,18499,16924,12485,15339
ENSG00000087266|SH3BP2,4930,5336,4064,4570
ENSG00000071127|WDR1,46574,45895,32092,38938
ENSG00000169744|LDB2,313,312,203,252
ENSG00000013288|MAN2B2,2461,2394,1646,1994
ENSG00000168993|CPLX1,114,86,59,79
ENSG00000063978|RNF4,12503,12633,9057,11233
ENSG00000181215|C4orf50,2,0,3,0
ENSG00000215612|HMX1,0,0,0,0
ENSG00000168826|ZBTB49,1002,1016,773,914
ENSG00000152990|ADGRA3,10123,12034,8372,10472
ENSG00000047365|ARAP2,1185,1883,1347,1794
ENSG00000155269|GPR78,107,163,69,178
ENSG00000174123|TLR10,16,17,10,0
ENSG00000154274|C4orf19,558,461,396,483
ENSG00000090989|EXOC1,6059,7448,5374,6676
ENSG00000109680|TBC1D19,632,709,479,736
ENSG00000168884|TNIP2,5176,4775,3856,4485
ENSG00000109819|PPARGC1A,1703,2610,1637,1785
ENSG00000184160|ADRA2C,106,77,40,91
ENSG00000159674|SPON2,168,126,83,72
ENSG00000145147|SLIT2,7884,12046,7415,9177
ENSG00000185774|KCNIP4,48,44,20,34
ENSG00000174343|CHRNA9,947,1054,658,678
ENSG00000171476|HOPX,48,26,5,18
ENSG00000091490|SEL1L3,5464,6104,5176,6313
ENSG00000127418|FGFRL1,28771,27377,16852,19510
ENSG00000178163|ZNF518B,2400,3310,2208,2914
ENSG00000186777|ZNF732,0,0,0,0
ENSG00000175920|DOK7,285,156,92,146
ENSG00000182903|ZNF721,4070,6116,4844,5829
ENSG00000065882|TBC1D1,7922,8164,5944,7103
ENSG00000109705|NKX3-2,28,25,50,26
ENSG00000169019|COMMD8,2652,2943,2145,2599
ENSG00000197712|FAM114A1,1418,1403,1239,1344
ENSG00000170846,2729,2592,1807,2368
ENSG00000109171|SLAIN2,8441,10783,7942,9996
ENSG00000131127|ZNF141,3839,5052,4506,5543
ENSG00000038219|BOD1L1,16021,22342,17602,22190
ENSG00000178988|MRFAP1L1,7500,7950,5252,6616
ENSG00000188848|BEND4,81,150,212,239
ENSG00000163697|APBB2,9109,11432,6803,8544
ENSG00000145247|OCIAD2,6100,5563,4018,4943
ENSG00000163694|RBM47,10802,13775,7835,9976
ENSG00000178597|PSAPL1,16,14,9,29
ENSG00000181826|RELL1,2519,2643,2170,2405
ENSG00000035928|RFC1,12525,15603,12937,16082
ENSG00000135605|TEC,819,1111,886,940
ENSG00000157796|WDR19,2563,2944,1808,2242
ENSG00000002587|HS3ST1,84,52,42,74
ENSG00000250312|ZNF718,242,283,305,384
ENSG00000174130|TLR6,258,264,314,342
ENSG00000154277|UCHL1,47019,44616,38065,46456
ENSG00000186222|BLOC1S4,1604,1662,968,1254
ENSG00000182223|ZAR1,11,8,17,0
ENSG00000109184|DCUN1D4,4126,4930,4053,4898
ENSG00000284684,0,0,0,0
ENSG00000185619|PCGF3,8095,8871,6767,7864
ENSG00000145220|LYAR,9635,9573,8005,9916
ENSG00000163288|GABRB1,25,17,16,27
ENSG00000250254|PTTG2,0,6,3,4
ENSG00000145244|CORIN,46,33,34,32
ENSG00000121892|PDS5A,17096,22707,16766,20705
ENSG00000134852|CLOCK,5975,9569,7199,8636
ENSG00000087008|ACOX3,1002,1009,757,897
ENSG00000145241|CENPC,2121,2824,1945,2567
ENSG00000109133|TMEM33,14250,16000,12853,15892
ENSG00000205678|TECRL,0,0,0,0
ENSG00000145216|FIP1L1,6362,7941,5576,6544
ENSG00000250317|SMIM20,4782,4834,3435,4147
ENSG00000064042|LIMCH1,9990,12406,9561,11689
ENSG00000157765|SLC34A2,158535,170688,95944,121407
ENSG00000109181|UGT2B10,0,0,7,0
ENSG00000174125|TLR1,65,78,54,97
ENSG00000173597|SULT1B1,13,12,9,15
ENSG00000178343|SHISA3,51,51,19,27
ENSG00000163735|CXCL5,3,0,3,0
ENSG00000163683|SMIM14,4386,4935,3745,4635
ENSG00000109610|SOD3,25,20,17,22
ENSG00000182308|DCAF4L1,195,140,102,143
ENSG00000163736|PPBP,0,0,0,0
ENSG00000183783|KCTD8,241,286,274,269
ENSG00000198301|SDAD1,11667,14160,10602,13585
ENSG00000079557|AFM,0,0,0,0
ENSG00000156136|DCK,4622,5113,4557,5346
ENSG00000145309|CABS1,0,0,0,6
ENSG00000185873|TMPRSS11B,3,4,0,12
ENSG00000145214|DGKQ,1429,1392,1132,1278
ENSG00000171201|SMR3B,0,0,0,8
ENSG00000078140|UBE2K,16784,21240,16134,19475
ENSG00000170516|COX7B2,1231,1027,710,987
ENSG00000163739|CXCL1,7661,8111,4894,6448
ENSG00000132406|TMEM128,3306,3310,2409,3285
ENSG00000171209|CSN3,0,0,0,0
ENSG00000213759|UGT2B11,6,0,4,0
ENSG00000138771|SHROOM3,23139,27978,19043,22462
ENSG00000132466|ANKRD17,26029,34616,24198,29317
ENSG00000145284|SCD5,32436,36565,20689,26808
ENSG00000109787|KLF3,8005,10142,6751,8011
ENSG00000109272|PF4V1,0,2,0,0
ENSG00000075539|FRYL,5291,9626,6750,8561
ENSG00000145321|GC,0,0,0,0
ENSG00000156269|NAA11,0,0,0,0
ENSG00000173040|EVC2,0,0,0,0
ENSG00000138668|HNRNPD,57598,59882,43486,51834
ENSG00000189308|LIN54,3386,4686,3645,4940
ENSG00000109132|PHOX2B,0,3,0,0
ENSG00000173610|UGT2A1,0,0,0,0
ENSG00000168152|THAP9,1025,1376,981,1200
ENSG00000072201|LNX1,1440,1352,831,1185
ENSG00000196475|GK2,0,0,0,0
ENSG00000170502|NUDT9,3816,4052,3173,3416
ENSG00000152784|PRDM8,139,181,215,255
ENSG00000109208|SMR3A,0,0,0,0
ENSG00000035720|STAP1,0,0,0,0
ENSG00000145246|ATP10D,2046,2751,1979,2416
ENSG00000169851|PCDH7,5601,6770,3535,4748
ENSG00000153802|TMPRSS11D,24,28,19,22
ENSG00000173013|CCDC96,110,92,71,100
ENSG00000196616|ADH1B,6,6,0,3
ENSG00000249581|CLRN2,0,0,0,0
ENSG00000074211|PPP2R2C,33,20,39,7
ENSG00000135226|UGT2B28,3,0,0,0
ENSG00000181617|FDCSP,0,0,0,0
ENSG00000163138|PACRGL,2306,2677,1913,2444
ENSG00000171234|UGT2B7,3396,3589,2334,2688
ENSG00000014824|SLC30A9,13006,15927,11753,14647
ENSG00000180613|GSX2,2,2,2,4
ENSG00000168818|STX18,3452,3697,2411,2891
ENSG00000172955|ADH6,40,47,28,41
ENSG00000163440|PDCL2,38,45,51,35
ENSG00000156140|ADAMTS3,1741,2545,1906,2732
ENSG00000164038|SLC9B2,593,725,512,822
ENSG00000173011|TADA2B,4017,3977,2767,3433
ENSG00000152208|GRID2,567,967,459,568
ENSG00000169116|PARM1,3219,3818,2342,2842
ENSG00000169836|TACR3,0,0,0,0
ENSG00000163624|CDS1,9105,11100,8283,10103
ENSG00000153064|BANK1,1791,2261,1308,1487
ENSG00000138722|MMRN1,0,0,0,0
ENSG00000138678|GPAT3,602,635,530,576
ENSG00000184178|SCFD2,1996,2223,1206,1613
ENSG00000174796|THAP6,2451,2718,2188,2662
ENSG00000109220|CHIC2,1049,1002,766,897
ENSG00000145354|CISD2,5491,5535,4444,5698
ENSG00000164032|H2AZ1,57831,53674,43124,54067
ENSG00000169288|MRPL1,3329,3182,2345,2906
ENSG00000145348|TBCK,2677,3368,2545,2958
ENSG00000163734|CXCL3,1611,1347,938,1582
ENSG00000138801|PAPSS1,8773,10590,7849,9684
ENSG00000282278,0,0,0,0
ENSG00000138778|CENPE,9580,17531,7399,9255
ENSG00000156096|UGT2B4,0,0,0,0
ENSG00000138663|COPS4,4582,4644,3452,4279
ENSG00000155011|DKK2,1094,1374,651,816
ENSG00000164096|C4orf3,8716,8308,5712,7459
ENSG00000169429|CXCL8,1781,2065,1434,2179
ENSG00000236699|ARHGEF38,38,21,22,46
ENSG00000124882|EREG,29,23,0,25
ENSG00000174808|BTC,5453,6322,3732,4561
ENSG00000164039|BDH2,2344,2122,1684,2031
ENSG00000174607|UGT8,7179,8710,6558,8162
ENSG00000248144|ADH1C,5,7,0,2
ENSG00000138780|GSTCD,3925,5046,3712,4766
ENSG00000124875|CXCL6,152,188,179,200
ENSG00000138798|EGF,765,902,609,849
ENSG00000174599|TRAM1L1,1780,1822,1102,1269
ENSG00000081051|AFP,71,91,42,88
ENSG00000188517|COL25A1,684,923,697,958
ENSG00000145388|METTL14,4452,4958,3697,4661
ENSG00000138777|PPA2,13171,12540,9118,10699
ENSG00000168772|CXXC4,258,280,188,241
ENSG00000033178|UBA6,8340,11944,9729,11790
ENSG00000138785|INTS12,3660,3888,2557,3171
ENSG00000173376|NDNF,183,345,348,394
ENSG00000163116|STPG2,4,8,12,16
ENSG00000164089|ETNPPL,45,57,64,53
ENSG00000164037|SLC9B1,31,46,23,40
ENSG00000135220|UGT2A3,0,0,0,0
ENSG00000050730|TNIP3,18,17,26,26
ENSG00000138802|SEC24B,7681,9774,6772,8451
ENSG00000138674|SEC31A,21414,23995,17219,21401
ENSG00000172403|SYNPO2,656,891,595,636
ENSG00000171195|MUC7,0,0,3,0
ENSG00000164099|PRSS12,5113,6361,4030,4736
ENSG00000138653|NDST4,20,0,20,20
ENSG00000145390|USP53,3228,4589,3962,4988
ENSG00000168421|RHOH,9,0,0,0
ENSG00000138709|LARP1B,9037,10760,8405,9663
ENSG00000005059|MCUB,794,793,731,736
ENSG00000198856|OSTC,19005,18144,13081,16354
ENSG00000109182|CWH43,0,0,0,0
ENSG00000164100|NDST3,444,524,333,492
ENSG00000150961|SEC24D,3448,4139,2558,3174
ENSG00000142731|PLK4,5406,7258,5694,6664
ENSG00000270394|MTRNR2L13,0,0,3,0
ENSG00000138735|PDE5A,1366,2025,1368,1618
ENSG00000163737|PF4,20,25,16,0
ENSG00000163114|PDHA2,0,0,0,0
ENSG00000164109|MAD2L1,13272,14596,11535,14040
ENSG00000186867|QRFPR,32,31,37,37
ENSG00000138814|PPP3CA,6511,7411,5172,6306
ENSG00000109270|LAMTOR3,5107,5325,3787,5237
ENSG00000109158|GABRA4,0,0,0,0
ENSG00000151012|SLC7A11,3323,5421,3324,4464
ENSG00000249242|TMEM150C,444,440,330,424
ENSG00000134853|PDGFRA,28,43,12,29
ENSG00000164040|PGRMC2,11221,11494,8021,9880
ENSG00000171199|OPRPN,32,23,16,26
ENSG00000169435|RASSF6,178,330,205,304
ENSG00000174799|CEP135,1702,2480,1917,2276
ENSG00000145384|FABP2,0,0,3,7
ENSG00000164035|EMCN,0,0,0,0
ENSG00000145248|SLC10A4,170,140,205,147
ENSG00000163285|GABRG1,332,569,447,588
ENSG00000254535|PABPC4L,1167,1688,1377,1483
ENSG00000145283|SLC10A6,3,0,7,0
ENSG00000197465|GYPE,0,0,0,0
ENSG00000164066|INTU,2380,2900,2421,2766
ENSG00000187758|ADH1A,7,10,7,6
ENSG00000151470|C4orf33,600,728,543,610
ENSG00000163631|ALB,67,104,41,74
ENSG00000145358|DDIT4L,249,295,194,269
ENSG00000198589|LRBA,11617,18824,12993,16357
ENSG00000151466|SCLT1,2859,3355,2717,3186
ENSG00000138769|CDKL2,1169,1614,1273,1516
ENSG00000138639|ARHGAP24,2620,3111,2067,2554
ENSG00000138640|FAM13A,3413,4072,2679,3520
ENSG00000070190|DAPP1,2155,2347,1585,2003
ENSG00000151475|SLC25A31,0,0,0,0
ENSG00000087128|TMPRSS11E,7,6,10,10
ENSG00000138650|PCDH10,871,936,649,700
ENSG00000170006|TMEM154,196,208,226,361
ENSG00000198092|TMPRSS11F,4,7,3,8
ENSG00000179299|NSUN7,2650,2682,1897,2385
ENSG00000250361|GYPB,0,0,0,0
ENSG00000287542,123,0,0,176
ENSG00000170153|RNF150,14171,18837,10954,12935
ENSG00000109452|INPP4B,838,1251,808,1156
ENSG00000109445|ZNF330,5595,5887,4272,5115
ENSG00000145217|SLC26A1,450,403,263,401
ENSG00000163071|SPATA18,8,9,3,11
ENSG00000138641|HERC3,24,148,101,0
ENSG00000059691|GATB,2911,2655,1930,2256
ENSG00000078177|N4BP2,3156,5834,4764,5692
ENSG00000183090|FREM3,0,8,0,8
ENSG00000163106|HPGDS,0,0,0,0
ENSG00000164161|HHIP,71,128,116,160
ENSG00000151962|RBM46,0,5,21,8
ENSG00000151623|NR3C2,1248,1729,966,1335
ENSG00000145425|RPS3A,148210,143240,100027,128170
ENSG00000184305|CCSER1,325,523,396,454
ENSG00000109255|NMU,13410,12666,9395,10777
ENSG00000164124|TMEM144,1885,2012,1611,2019
ENSG00000138764|CCNG2,18004,20909,13043,15902
ENSG00000145428|RNF175,324,291,241,259
ENSG00000164169|PRMT9,2142,2821,1870,2536
ENSG00000177432|NAP1L5,1526,1453,1315,1685
ENSG00000109756|RAPGEF2,10339,14897,9413,12022
ENSG00000171557|FGG,0,0,2,6
ENSG00000151458|ANKRD50,6295,10271,7199,8957
ENSG00000145439|CBR4,4808,5566,4401,5265
ENSG00000164070|HSPA4L,1996,2900,2207,3161
ENSG00000171560|FGA,0,0,0,0
ENSG00000077684|JADE1,5296,5759,4085,5506
ENSG00000196782|MAML3,2032,2409,1111,1394
ENSG00000163629|PTPN13,9482,14140,10163,12883
ENSG00000145451|GLRA3,3,5,16,0
ENSG00000169989|TIGD4,158,267,157,224
ENSG00000164117|FBXO8,1403,1405,990,1335
ENSG00000109738|GLRB,487,536,478,617
ENSG00000127419|TMEM175,2528,2325,1618,2131
ENSG00000154447|SH3RF1,13270,18134,11454,13653
ENSG00000170390|DCLK2,3190,3219,2086,2856
ENSG00000153147|SMARCA5,20149,27098,20711,25163
ENSG00000121210|TMEM131L,2857,3106,2906,3351
ENSG00000109436|TBC1D9,6069,7780,5390,6945
ENSG00000145423|SFRP2,133,131,100,145
ENSG00000285713,86,131,90,94
ENSG00000185477|GPRIN3,220,364,388,565
ENSG00000174780|SRP72,32500,37656,27765,33890
ENSG00000109572|CLCN3,9330,12545,9301,11762
ENSG00000181541|MAB21L2,0,5,4,7
ENSG00000168785|TSPAN5,296,319,237,320
ENSG00000170180|GYPA,0,0,0,0
ENSG00000163644|PPM1K,2217,2358,1571,2218
ENSG00000109458|GAB1,1254,1766,1542,2004
ENSG00000052795|FNIP2,1559,2379,1884,2429
ENSG00000164128|NPY1R,137,143,100,165
ENSG00000198498|TMA16,4468,4721,3820,4536
ENSG00000163110|PDLIM5,9558,11912,7703,9605
ENSG00000178403|NEUROG2,14,12,12,27
ENSG00000145476|CYP4V2,3260,3865,2649,3142
ENSG00000121207|LRAT,925,959,758,935
ENSG00000171566|PLRG1,13117,14386,10647,13006
ENSG00000164118|CEP44,2229,2606,1945,2473
ENSG00000168556|ING2,2843,2712,2241,2661
ENSG00000168843|FSTL5,42,28,26,44
ENSG00000071205|ARHGAP10,1876,1881,1551,1867
ENSG00000174473|GALNTL6,16,25,18,4
ENSG00000129116|PALLD,29357,37344,24800,30229
ENSG00000164303|ENPP6,6,17,4,12
ENSG00000182552|RWDD4,3907,4519,3532,4286
ENSG00000083857|FAT1,17023,26688,19236,23285
ENSG00000164168|TMEM184C,8277,10507,7299,9084
ENSG00000164136|IL15,243,303,203,362
ENSG00000168491|CCDC110,265,363,264,302
ENSG00000187821|HELT,0,0,0,0
ENSG00000109762|SNX25,3001,3901,2702,3371
ENSG00000168310|IRF2,2520,2700,2049,2530
ENSG00000272297,0,1,1,2
ENSG00000164129|NPY5R,4,0,0,2
ENSG00000164123|C4orf45,113,122,72,99
ENSG00000229894|GK3P,15,10,7,2
ENSG00000038295|TLL1,186,399,399,464
ENSG00000164114|MAP9,8337,9961,7215,8771
ENSG00000109576|AADAT,1237,1412,898,968
ENSG00000260596|DUX4,0,0,0,0
ENSG00000168594|ADAM29,9,0,0,4
ENSG00000109670|FBXW7,3009,3898,2890,3553
ENSG00000109674|NEIL3,1536,1923,1429,1631
ENSG00000164122|ASB5,123,205,126,159
ENSG00000150628|SPATA4,30,46,26,19
ENSG00000164344|KLKB1,22,23,0,19
ENSG00000088926|F11,9,10,0,0
ENSG00000145416|MARCHF1,417,628,519,563
ENSG00000150630|VEGFC,579,645,464,486
ENSG00000109586|GALNT7,11203,14678,10796,12903
ENSG00000145414|NAF1,2035,2595,1918,2417
ENSG00000185758|CLDN24,87,85,40,69
ENSG00000154556|SORBS2,1847,2159,1386,1774
ENSG00000164144|ARFIP1,6320,7828,5219,6596
ENSG00000218336|TENM3,87495,124012,64941,78558
ENSG00000173320|STOX2,8195,10112,6781,8077
ENSG00000129128|SPCS3,20187,23941,19097,23806
ENSG00000184108|TRIML1,0,0,0,0
ENSG00000151617|EDNRA,144,218,165,130
ENSG00000164323|CFAP97,7050,9491,7641,9237
ENSG00000196104|SPOCK3,35,26,22,51
ENSG00000198948|MFAP3L,163,311,237,300
ENSG00000109466|KLHL2,3440,3968,2795,3588
ENSG00000151729|SLC25A4,4824,4365,3249,4390
ENSG00000164167|LSM6,2264,2023,1709,2117
ENSG00000250673|REELD1,14,18,16,21
ENSG00000109775|UFSP2,2574,2876,1974,2672
ENSG00000038002|AGA,3380,3473,2704,3250
ENSG00000164164|OTUD4,10277,15383,11825,14834
ENSG00000164031|DNAJB14,5126,7042,5648,7000
ENSG00000145431|PDGFC,6432,7748,4851,6121
ENSG00000189099|PRSS48,8,9,3,1
ENSG00000164162|ANAPC10,1278,1089,744,984
ENSG00000171509|RXFP1,2,0,2,2
ENSG00000056050|HPF1,4094,4673,3740,4722
ENSG00000052802|MSMO1,12390,12913,9885,13343
ENSG00000151612|ZNF827,6396,7132,4919,5930
ENSG00000197410|DCHS2,453,724,575,651
ENSG00000164142|FAM160A1,3895,5592,4257,5147
ENSG00000168564|CDKN2AIP,4905,5415,3629,4992
ENSG00000179059|ZFP42,0,0,0,0
ENSG00000182168|UNC5C,2667,3773,1743,1984
ENSG00000151718|WWC2,14113,19822,15245,18597
ENSG00000164120|HPGD,319,302,241,347
ENSG00000168538|TRAPPC11,7342,9391,6631,8381
ENSG00000151005|TKTL2,5,13,0,5
ENSG00000164024|METAP1,10923,11940,8586,10945
ENSG00000109321|AREG,448,342,352,511
ENSG00000174145|NWD2,0,0,2,0
ENSG00000145293|ENOPH1,6726,7155,5524,7121
ENSG00000186352|ANKRD37,407,468,271,387
ENSG00000164163|ABCE1,20435,24231,18766,22769
ENSG00000169299|PGM2,5157,5758,4615,5557
ENSG00000185149|NPY2R,29,35,18,28
ENSG00000109536|FRG1,1006,1101,796,974
ENSG00000109472|CPE,4546,5111,3950,4843
ENSG00000170088|TMEM192,8438,9343,7193,9157
ENSG00000109794|FAM149A,250,293,232,239
ENSG00000249693|THEGL,25,45,24,34
ENSG00000150625|GPM6A,296,289,268,333
ENSG00000170448|NFXL1,3293,4277,3391,4367
ENSG00000163293|NIPAL1,934,1128,843,1167
ENSG00000074966|TXK,72,54,71,89
ENSG00000109189|USP46,5994,7745,5538,7190
ENSG00000226887|ERVMER34-1,1157,1318,1187,1335
ENSG00000128045|RASL11B,344,466,296,322
ENSG00000164113|ADAD1,0,0,0,0
ENSG00000248771|SMIM31,0,3,8,0
ENSG00000248329|APELA,19,23,39,14
ENSG00000183439|TRIM61,37,41,32,16
ENSG00000176979|TRIM60,0,2,0,0
ENSG00000250374|TRIM75P,0,8,7,0
ENSG00000187689|AMTN,0,0,0,0
ENSG00000178522|AMBN,4,0,0,0
ENSG00000132464|ENAM,16,7,0,6
ENSG00000132467|UTP3,8750,8863,6613,8118
ENSG00000018189|RUFY3,3399,3826,3104,3783
ENSG00000132463|GRSF1,19807,21928,15812,19330
ENSG00000229924|FAM90A26,0,0,0,0
ENSG00000231396|USP17L10,0,0,0,0
ENSG00000233136|USP17L11,2,1,0,0
ENSG00000227551|USP17L12,1,1,0,0
ENSG00000232399|USP17L13,0,1,0,0
ENSG00000249104|USP17L17,0,0,0,0
ENSG00000250844|USP17L18,3,0,0,0
ENSG00000250913|USP17L23,0,0,0,0
ENSG00000227140|USP17L5,0,0,0,0
ENSG00000235780|USP17L27,0,0,0,0
ENSG00000231051|USP17L28,1,0,0,0
ENSG00000231637|USP17L29,1,0,0,0
ENSG00000228856|USP17L30,1,0,0,0
ENSG00000186146|DEFB131A,0,0,0,0
ENSG00000250745|USP17L20,1,0,0,0
ENSG00000249811|USP17L21,0,0,0,0
ENSG00000248933|USP17L22,0,0,0,0
ENSG00000232264|USP17L24,0,0,0,0
ENSG00000230430|USP17L25,0,0,0,0
ENSG00000229579|USP17L26,0,0,0,0
ENSG00000248920|USP17L19,0,0,0,0
ENSG00000250298|GIMD1,0,0,5,0
ENSG00000170917|NUDT6,1073,1266,767,816
ENSG00000138685|FGF2,235,190,300,437
ENSG00000157404|KIT,224,327,199,221
ENSG00000163069|SGCB,2600,3084,2479,3189
ENSG00000145335|SNCA,616,664,477,769
ENSG00000109163|GNRHR,79,216,150,123
ENSG00000109471|IL2,0,0,0,0
ENSG00000120519|SLC10A7,807,989,673,788
ENSG00000138698|RAP1GDS1,6154,6631,4791,5970
ENSG00000137601|NEK1,2157,2850,2399,2895
ENSG00000163626|COX18,3007,3494,2433,2990
ENSG00000196503|ARL9,9,12,4,21
ENSG00000164073|MFSD8,2141,2403,1832,2121
ENSG00000109758|HGFAC,49,39,27,19
ENSG00000164342|TLR3,508,696,504,704
ENSG00000172238|ATOH1,34,13,23,12
ENSG00000172399|MYOZ2,0,11,3,0
ENSG00000159733|ZFYVE28,97,102,64,60
ENSG00000173542|MOB1B,5443,7946,6419,8110
ENSG00000174792|ODAPH,20,15,31,24
ENSG00000164104|HMGB2,29250,33144,19703,24334
ENSG00000164105|SAP30,846,981,515,726
ENSG00000164106|SCRG1,0,0,0,0
ENSG00000164107|HAND2,77,56,62,114
ENSG00000118579|MED28,10378,11108,8192,10010
ENSG00000047662|FAM184B,50,47,45,34
ENSG00000163257|DCAF16,10447,12178,9888,12482
ENSG00000109805|NCAPG,13396,16954,9539,11725
ENSG00000178177|LCORL,2870,4008,2861,3585
ENSG00000151014|NOCT,942,1030,898,1204
ENSG00000109381|ELF2,4276,4707,3856,4484
ENSG00000137463|MGARP,33,39,37,73
ENSG00000109390|NDUFC1,4705,4079,3148,3741
ENSG00000164134|NAA15,18875,22990,16237,20282
ENSG00000172007|RAB33B,1388,1749,1497,1789
ENSG00000163950|SLBP,8258,8560,7170,8939
ENSG00000168936|TMEM129,6694,6538,3990,5456
ENSG00000168924|LETM1,11502,11808,8984,10721
ENSG00000004468|CD38,251,325,235,268
ENSG00000137440|FGFBP1,2046,2198,1511,2047
ENSG00000137441|FGFBP2,0,3,0,13
ENSG00000007062|PROM1,433,525,276,338
ENSG00000169762|TAPT1,3194,3359,2535,2953
ENSG00000145375|SPATA5,2751,3524,2651,4045
ENSG00000164056|SPRY1,2967,3008,1724,2262
ENSG00000128040|SPINK2,30,42,49,69
ENSG00000084092|NOA1,6974,6681,4220,5397
ENSG00000047315|POLR2B,32339,39746,28851,35907
ENSG00000163453|IGFBP7,340,233,167,269
ENSG00000084093|REST,11985,16114,12154,14895
ENSG00000168412|MTNR1A,24,32,29,46
ENSG00000164111|ANXA5,36289,36420,27635,32843
ENSG00000123737|EXOSC9,5987,6386,5007,5973
ENSG00000145386|CCNA2,14936,17232,11152,13557
ENSG00000138686|BBS7,1984,2173,1593,2043
ENSG00000138741|TRPC3,30,27,18,18
ENSG00000118564|FBXL5,6456,7302,4363,5377
ENSG00000237765|FAM200B,4569,4618,3044,3683
ENSG00000109743|BST1,124,146,92,112
ENSG00000284695,7,4,10,0
ENSG00000109193|SULT1E1,191,176,156,210
ENSG00000126545|CSN1S1,0,0,0,0
ENSG00000135222|CSN2,0,0,0,0
ENSG00000126549|STATH,0,0,0,0
ENSG00000126550|HTN1,0,0,0,0
ENSG00000187533|PRR27,0,0,0,0
ENSG00000205649|HTN3,0,0,0,0
ENSG00000132465|JCHAIN,0,0,0,0
ENSG00000186212|SOWAHB,1511,1548,1037,1437
ENSG00000118816|CCNI,47977,50560,38484,49288
ENSG00000134962|KLB,27,22,15,27
ENSG00000121897|LIAS,1360,1607,1110,1290
ENSG00000109814|UGDH,13166,15452,8640,11471
ENSG00000163682|RPL9,51207,45380,33360,41996
ENSG00000145331|TRMT10A,1704,2038,1345,1635
ENSG00000109339|MAPK10,542,544,295,447
ENSG00000151834|GABRA2,6593,9333,6584,6283
ENSG00000159692|CTBP1,23754,20602,15130,24571
ENSG00000128050|PAICS,57279,62309,49860,60207
ENSG00000177300|CLDN22,3,1,1,1
ENSG00000197057|DTHD1,4,12,7,10
ENSG00000137462|TLR2,45,64,115,149
ENSG00000163104|SMARCAD1,8806,12007,9630,11688
ENSG00000169026|SLC49A3,6,11,0,0
ENSG00000198099|ADH4,0,0,8,0
ENSG00000168743|NPNT,824,1039,972,1268
ENSG00000125386|FAM193A,5086,5058,3952,4417
ENSG00000053900|ANAPC4,2856,3689,2867,3199
ENSG00000163145|C1QTNF7,5,6,0,5
ENSG00000197826|CFAP299,6,0,0,0
ENSG00000164116|GUCY1A1,9485,12554,8071,9704
ENSG00000083896|YTHDC1,7460,8616,6826,8223
ENSG00000061918|GUCY1B1,24372,28586,15885,19535
ENSG00000163625|WDFY3,9297,14148,10429,12599
ENSG00000250821|EXOC1L,0,0,0,0
ENSG00000171564|FGB,0,0,0,0
ENSG00000271271|UGT2A2,0,0,0,0
ENSG00000163982|OTOP1,0,0,6,0
ENSG00000196159|FAT4,2740,5170,4758,5340
ENSG00000134851|TMEM165,8258,8422,6211,7804
ENSG00000068078|FGFR3,669,753,597,567
ENSG00000109654|TRIM2,6902,9706,6797,8197
ENSG00000288637,849,2043,1352,1945
ENSG00000121211|MND1,1154,376,646,777
ENSG00000163633|C4orf36,90,105,94,147
ENSG00000285458,264,210,151,200
ENSG00000145332|KLHL8,3047,3891,3360,4044
ENSG00000170509|HSD17B13,22,14,12,8
ENSG00000198189|HSD17B11,3514,3553,2774,3466
ENSG00000151615|POU4F2,0,0,0,0
ENSG00000174137|FAM53A,120,89,73,94
ENSG00000223569|USP17L15,1,0,0,0
ENSG00000198515|CNGA1,90,96,40,79
ENSG00000163291|PAQR3,3597,4648,4204,5571
ENSG00000164305|CASP3,5164,6220,4826,6227
ENSG00000164306|PRIMPOL,1763,1901,1528,2017
ENSG00000151725|CENPU,5932,7236,5795,6946
ENSG00000151726|ACSL1,2788,3048,2424,3358
ENSG00000168769|TET2,4651,7753,5280,6784
ENSG00000138684|IL21,0,0,0,0
ENSG00000181004|BBS12,800,843,523,604
ENSG00000185049|NELFA,5983,5998,4134,4765
ENSG00000185818|NAT8L,610,738,477,661
ENSG00000109685|NSD2,21729,26032,20364,24464
ENSG00000138768|USO1,14899,19294,14170,18178
ENSG00000156194|PPEF2,15,13,15,10
ENSG00000138744|NAAA,543,420,580,693
ENSG00000090316|MAEA,11195,10618,7977,10024
ENSG00000163945|UVSSA,2651,3404,2335,2743
ENSG00000235608|NKX1-1,0,0,0,0
ENSG00000170801|HTRA3,29,42,39,87
ENSG00000163995|ABLIM2,1654,1517,835,996
ENSG00000138642|HERC6,1326,1652,1141,1364
ENSG00000138646|HERC5,930,1153,1169,1275
ENSG00000145337|PYURF,614,2992,302,895
ENSG00000255072|PIGY,5815,3221,3899,4547
ENSG00000133256|PDE6B,69,37,64,75
ENSG00000215203|GRXCR1,0,0,0,0
ENSG00000120251|GRIA2,13,13,0,0
ENSG00000187054|TMPRSS11A,2,21,14,3
ENSG00000164125|GASK1B,286,374,366,490
ENSG00000137449|CPEB2,0,17,25,0
ENSG00000152785|BMP3,949,1085,559,895
ENSG00000205097|FRG2,0,3,7,6
ENSG00000214367|HAUS3,3111,3524,3095,3416
ENSG00000181982|CCDC149,1548,1825,1321,1584
ENSG00000234828|IQCM,0,0,0,0
ENSG00000109686|SH3D19,10972,13558,9652,11917
ENSG00000124406|ATP8A1,1738,2556,1800,2490
ENSG00000109180|OCIAD1,16491,16482,11400,14662
ENSG00000138758|SEPTIN11,19609,25646,20955,24884
ENSG00000138658|ZGRF1,1860,3010,2999,3214
ENSG00000138738|PRDM5,1234,1866,1481,1782
ENSG00000189184|PCDH18,678,848,733,911
ENSG00000180346|TIGD2,1747,2273,1868,2192
ENSG00000138670|RASGEF1B,1834,1881,1396,1590
ENSG00000150627|WDR17,881,972,643,770
ENSG00000138757|G3BP2,31380,40283,31248,39488
ENSG00000138795|LEF1,1397,1430,1168,1230
ENSG00000154553|PDLIM3,79,132,102,134
ENSG00000138696|BMPR1B,1923,2417,1598,1979
ENSG00000080493|SLC4A4,71,126,96,79
ENSG00000157869|RAB28,1925,2053,1351,1650
ENSG00000256394|ASIC5,0,0,0,2
ENSG00000151790|TDO2,12,7,6,14
ENSG00000256043|CTSO,874,974,617,772
ENSG00000170522|ELOVL6,10122,11855,7455,9069
ENSG00000138792|ENPEP,692,726,527,650
ENSG00000164093|PITX2,697,725,638,823
ENSG00000174749|FAM241A,843,951,876,1095
ENSG00000138660|AP1AR,5838,6762,5465,7070
ENSG00000145365|TIFA,1894,2020,1730,2146
ENSG00000073331|ALPK1,3080,3792,2357,2941
ENSG00000138688|KIAA1109,7966,14888,10632,13937
ENSG00000109736|MFSD10,6513,5568,3882,4718
ENSG00000087269|NOP14,10993,10578,8280,10040
ENSG00000125388|GRK4,352,397,321,367
ENSG00000188981|MSANTD1,66,75,61,52
ENSG00000145287|PLAC8,125,98,104,133
ENSG00000173085|COQ2,4045,4201,2892,3612
ENSG00000173083|HPSE,3645,4074,3350,3990
ENSG00000163312|HELQ,1479,1741,1451,1557
ENSG00000163319|MRPS18C,4906,4525,3261,3888
ENSG00000163322|ABRAXAS1,1311,1439,1288,1516
ENSG00000109511|ANXA10,0,0,0,3
ENSG00000137628|DDX60,647,940,781,1069
ENSG00000128052|KDR,3755,5130,3070,3813
ENSG00000163297|ANTXR2,1058,1129,1085,1367
ENSG00000163394|CCKAR,0,18,5,11
ENSG00000168214|RBPJ,8921,10127,7620,9705
ENSG00000128039|SRD5A3,1709,1726,1242,1534
ENSG00000288695,24,14,14,35
ENSG00000153012|LGI2,482,582,527,599
ENSG00000038210|PI4K2B,2842,3870,2773,3570
ENSG00000168228|ZCCHC4,1537,1803,1177,1479
ENSG00000109618|SEPSECS,2007,2789,1899,2322
ENSG00000048342|CC2D2A,3543,4143,2669,3493
ENSG00000153132|CLGN,5494,6687,3993,5288
ENSG00000205301|MGAT4D,0,0,0,0
ENSG00000179387|ELMOD2,6098,8221,6217,7421
ENSG00000109424|UCP1,39,45,52,61
ENSG00000121895|TMEM156,0,0,11,0
ENSG00000138794|CASP6,3248,3429,2557,2998
ENSG00000123739|PLA2G12A,7803,9153,6845,8743
ENSG00000285330,0,0,0,0
ENSG00000109534|GAR1,5910,5906,4659,5278
ENSG00000180245|RRH,62,84,46,52
ENSG00000183423|LRIT3,74,62,28,21
ENSG00000138813|C4orf17,0,0,0,3
ENSG00000138823|MTTP,48,83,48,51
ENSG00000170365|SMAD1,5360,6454,4304,5442
ENSG00000237136|C4orf51,60,56,35,35
ENSG00000151611|MMAA,665,873,492,663
ENSG00000205403|CFI,2908,3180,2082,2438
ENSG00000145242|EPHA5,94,130,116,185
ENSG00000137460|FHDC1,23551,27602,16098,19123
ENSG00000129187|DCTD,12267,12316,9822,12273
ENSG00000137473|TTC29,0,0,0,0
ENSG00000179010|MRFAP1,33897,33445,24352,29022
ENSG00000109475|RPL34,75440,67239,45857,60553
ENSG00000164074|ABHD18,2340,2787,2151,2497
ENSG00000138756|BMP2K,5474,7561,5411,6447
ENSG00000153130|SCOC,6765,7264,5836,7039
ENSG00000109689|STIM2,3279,3788,2936,3480
ENSG00000151247|EIF4E,7475,8500,6613,7478
ENSG00000002549|LAP3,7894,7769,5759,7390
ENSG00000163623|NKX6-1,1192,1131,590,794
ENSG00000152795|HNRNPDL,43168,46039,35038,41182
ENSG00000152583|SPARCL1,55,42,31,29
ENSG00000109771|LRP2BP,300,346,175,210
ENSG00000164112|SMIM43,960,914,576,756
ENSG00000205208|C4orf46,2838,3463,2912,3870
ENSG00000171503|ETFDH,2407,2553,1999,2498
ENSG00000171497|PPID,9296,9868,7670,9364
ENSG00000029559|IBSP,0,0,0,0
ENSG00000152595|MEPE,0,0,0,0
ENSG00000118762|PKD2,4899,6267,5245,6292
ENSG00000118777|ABCG2,81,48,133,94
ENSG00000196526|AFAP1,44856,52294,30078,37363
ENSG00000138772|ANXA3,12827,13121,9685,12051
ENSG00000138759|FRAS1,9605,15428,10864,12357
ENSG00000152591|DSPP,0,0,0,0
ENSG00000155016|CYP2U1,1448,1604,1336,1693
ENSG00000138821|SLC39A8,12241,14360,11382,13863
ENSG00000109320|NFKB1,6618,7090,5256,6323
ENSG00000109323|MANBA,3319,4000,2912,3693
ENSG00000109332|UBE2D3,39169,41889,28896,36873
ENSG00000170185|USP38,6482,8379,6577,7560
ENSG00000145391|SETD7,7559,10020,8452,10679
ENSG00000085871|MGST2,6332,6226,3996,4880
ENSG00000184985|SORCS2,2994,3124,1707,2090
ENSG00000164022|AIMP1,9026,9796,7441,8893
ENSG00000157426|AASDH,2242,2938,1775,2435
ENSG00000128059|PPAT,8565,10271,8547,10490
ENSG00000109265|CRACD,1400,1733,1157,1400
ENSG00000081041|CXCL2,2656,2753,1433,2382
ENSG00000182585|EPGN,1323,1916,1027,1260
ENSG00000138796|HADH,10266,10454,8318,10380
ENSG00000138755|CXCL9,0,0,0,0
ENSG00000156219|ART3,0,0,0,0
ENSG00000169245|CXCL10,62,34,30,41
ENSG00000169248|CXCL11,4,7,5,4
ENSG00000138750|NUP54,6079,6000,4514,5633
ENSG00000189157|FAM47E,261,171,217,182
ENSG00000272414|FAM47E-STBD1,38,774,48,613
ENSG00000118804|STBD1,1336,928,1060,876
ENSG00000138760|SCARB2,12034,14306,11343,13827
ENSG00000151806|GUF1,9056,11235,8534,10552
ENSG00000163281|GNPDA2,4934,5730,4432,5288
ENSG00000163738|MTHFD2L,1556,1600,1183,1495
ENSG00000145362|ANK2,8794,15356,9208,11280
ENSG00000174720|LARP7,9308,8961,6435,7318
ENSG00000145349|CAMK2D,1887,2330,1717,2169
ENSG00000180801|ARSJ,1429,1903,1404,1653
ENSG00000125089|SH3TC1,305,256,191,255
ENSG00000152592|DMP1,5,9,8,0
ENSG00000118785|SPP1,204,210,118,159
ENSG00000109501|WFS1,2825,2657,2010,2438
ENSG00000172493|AFF1,4699,7640,5895,7209
ENSG00000243449|C4orf48,560,389,265,342
ENSG00000138675|FGF5,64,107,69,89
ENSG00000196344|ADH7,0,0,0,0
ENSG00000177752|YIPF7,14,19,23,16
ENSG00000056291|NPFFR2,230,205,289,353
ENSG00000197386|HTT,14954,17927,13422,16412
ENSG00000109790|KLHL5,10704,12610,11044,13254
ENSG00000197894|ADH5,20836,21178,16553,20741
ENSG00000163743|RCHY1,3761,3941,3113,3796
ENSG00000248713|C4orf54,2117,3195,2116,2729
ENSG00000197888|UGT2B17,0,0,0,0
ENSG00000196620|UGT2B15,0,3,0,0
ENSG00000013810|TACC3,24913,24238,16649,19535
ENSG00000188993|LRRC66,20,10,6,12
ENSG00000109205|ODAM,0,0,0,0
ENSG00000181381|DDX60L,775,1004,907,1101
ENSG00000156234|CXCL13,0,0,0,0
ENSG00000179046|TRIML2,0,0,0,0
ENSG00000168824|NSG1,55,75,52,64
ENSG00000087274|ADD1,16632,17185,12123,14881
ENSG00000138669|PRKG2,1252,1774,1052,1272
ENSG00000150471|ADGRL3,3805,5176,2778,3409
ENSG00000205129|C4orf47,323,323,224,263
ENSG00000164023|SGMS2,2669,4255,3415,4474
ENSG00000138767|CNOT6L,2507,3435,2712,2309
ENSG00000163749|CCDC158,0,7,0,0
ENSG00000142319|SLC6A3,16,9,12,9
ENSG00000113504|SLC12A7,4667,4880,3822,4549
ENSG00000164362|TERT,344,327,393,417
ENSG00000049656|CLPTM1L,34645,32593,22323,28004
ENSG00000164151|ICE1,14424,21323,15280,18507
ENSG00000071539|TRIP13,27387,29046,24123,29463
ENSG00000174358|SLC6A19,0,0,9,0
ENSG00000145536|ADAMTS16,0,0,0,0
ENSG00000171421|MRPL36,6403,5583,3644,4488
ENSG00000124279|FASTKD3,2894,2973,2351,2894
ENSG00000164363|SLC6A18,0,0,0,0
ENSG00000078295|ADCY2,0,0,0,0
ENSG00000188818|ZDHHC11,1293,1209,990,1234
ENSG00000183654|MARCHF11,0,0,0,0
ENSG00000145495|MARCHF6,56830,70583,52503,66682
ENSG00000153395|LPCAT1,10223,10819,7554,9384
ENSG00000145491|ROPN1L,234,205,122,153
ENSG00000113430|IRX4,0,0,3,3
ENSG00000028310|BRD9,14717,13752,10671,12767
ENSG00000112902|SEMA5A,13396,21499,11102,13673
ENSG00000145506|NKD2,2833,2396,1288,1413
ENSG00000145555|MYO10,141418,187363,117833,136926
ENSG00000133398|MED10,10418,9970,6968,8512
ENSG00000164237|CMBL,334,347,213,327
ENSG00000284283|TAF11L4,0,1,0,0
ENSG00000124275|MTRR,5818,7035,4918,6309
ENSG00000215217|C5orf49,20,20,20,16
ENSG00000169862|CTNND2,2985,3292,1907,2543
ENSG00000145569|OTULINL,17035,19067,11615,14894
ENSG00000113569|NUP155,26564,34410,28152,34968
ENSG00000183580|FBXL7,19,14,10,12
ENSG00000164236|ANKRD33B,61316,80948,56483,68705
ENSG00000152582|SPEF2,1906,2228,1253,1515
ENSG00000038382|TRIO,26942,37275,26503,31815
ENSG00000113492|AGXT2,3,6,0,0
ENSG00000164327|RICTOR,6755,10857,8298,10582
ENSG00000283740|TAF11L11,0,0,2,6
ENSG00000182836|PLCXD3,16,0,0,0
ENSG00000205765|C5orf51,17360,22153,15557,19120
ENSG00000056097|ZFR,22121,29571,21515,26069
ENSG00000177058|SLC38A9,4224,5387,3849,5107
ENSG00000040731|CDH10,74,140,43,87
ENSG00000284439|TAF11L3,0,0,0,0
ENSG00000112936|C7,0,0,0,0
ENSG00000164294|GPX8,4856,4973,4217,4755
ENSG00000016082|ISL1,4455,4954,3137,3793
ENSG00000154122|ANKH,20545,21580,14342,17858
ENSG00000205838|TTC23L,225,239,185,196
ENSG00000113593|PPWD1,3453,3859,2725,3405
ENSG00000150756|ATPSCKMT,4104,4721,3013,3590
ENSG00000151876|FBXO4,1307,1401,813,1121
ENSG00000113389|NPR3,35589,50346,34617,40568
ENSG00000283967|TAF11L8,0,1,0,0
ENSG00000283988|TAF11L9,0,0,0,0
ENSG00000169271|HSPB3,0,0,6,0
ENSG00000134363|FST,28708,26917,15111,20109
ENSG00000132356|PRKAA1,17661,24062,18652,22699
ENSG00000284465|TAF11L7,0,1,0,0
ENSG00000284373|TAF11L2,3,0,5,4
ENSG00000112996|MRPS30,12823,13916,11015,13826
ENSG00000112964|GHR,38,63,46,34
ENSG00000113100|CDH9,3,0,4,0
ENSG00000151388|ADAMTS12,927,1240,1023,1293
ENSG00000234602|MCIDAS,313,337,275,363
ENSG00000145626|UGT3A1,0,0,13,14
ENSG00000145526|CDH18,12146,14306,7216,8963
ENSG00000039560|RAI14,113641,151700,98013,122100
ENSG00000150753|CCT5,128123,133492,93098,115169
ENSG00000154162|CDH12,343,406,243,299
ENSG00000284234|TAF11L5,0,1,0,0
ENSG00000164346|NSA2,12680,12442,9165,10925
ENSG00000198780|FAM169A,497,824,874,1069
ENSG00000070193|FGF10,0,0,0,0
ENSG00000095015|MAP3K1,3317,4702,3916,4863
ENSG00000152932|RAB3C,0,13,0,0
ENSG00000172244|C5orf34,4307,4898,3826,4886
ENSG00000153015|CWC27,4643,5534,4068,4812
ENSG00000170571|EMB,2351,3069,2565,3288
ENSG00000164181|ELOVL7,1236,1636,1441,1735
ENSG00000067248|DHX29,6605,8383,6069,7627
ENSG00000213949|ITGA1,3619,5037,3972,5090
ENSG00000113448|PDE4D,1916,2139,1169,1331
ENSG00000035499|DEPDC1B,6070,7248,4808,5778
ENSG00000285000,15,41,20,22
ENSG00000049860|HEXB,15328,15690,11871,15176
ENSG00000152380|FAM151B,133,112,100,121
ENSG00000198865|CCDC152,117,210,76,95
ENSG00000039123|MTREX,11757,14062,10491,13283
ENSG00000174695|TMEM167A,24525,29408,21835,27112
ENSG00000172497|ACOT12,0,0,0,0
ENSG00000145681|HAPLN1,7,0,0,0
ENSG00000038427|VCAN,5581,9599,5934,6356
ENSG00000083720|OXCT1,10418,12419,9294,11319
ENSG00000113387|SUB1,32260,33223,25281,30895
ENSG00000152611|CAPSL,401,469,318,365
ENSG00000113597|TRAPPC13,3337,3622,2770,3487
ENSG00000153044|CENPH,5716,5801,5036,6268
ENSG00000113088|GZMK,0,0,0,0
ENSG00000113273|ARSB,3973,4893,3198,3619
ENSG00000123219|CENPK,3310,3473,2984,3767
ENSG00000133401|PDZD2,2192,3047,1966,2876
ENSG00000134480|CCNH,5237,5171,4206,4893
ENSG00000132846|ZBED3,4318,4882,3769,4784
ENSG00000152670|DDX4,6,0,8,4
ENSG00000130449|ZSWIM6,4619,5675,4424,4978
ENSG00000164171|ITGA2,2425,3424,2664,3271
ENSG00000152409|JMY,4287,6552,4716,6322
ENSG00000152359|POC5,1817,1992,1461,1806
ENSG00000168621|GDNF,0,0,3,0
ENSG00000164252|AGGF1,8444,10502,7883,9901
ENSG00000173221|GLRX,607,570,482,690
ENSG00000164300|SERINC5,2400,3517,2449,3102
ENSG00000181104|F2R,4572,5412,3426,4207
ENSG00000176928|GCNT4,42,83,75,45
ENSG00000164190|NIPBL,20781,33571,24323,29642
ENSG00000131730|CKMT2,246,251,184,219
ENSG00000134056|MRPS36,1927,1721,1531,1721
ENSG00000145623|OSMR,770,905,813,991
ENSG00000253251|SHLD3,485,595,424,572
ENSG00000152348|ATG10,1649,1662,1204,1439
ENSG00000113319|RASGRF2,540,499,389,441
ENSG00000197860|SGTB,706,863,604,852
ENSG00000113384|GOLPH3,23037,25654,18366,23176
ENSG00000145592|RPL37,203850,180755,124561,158859
ENSG00000189127|ANKRD34B,14675,20127,10728,12033
ENSG00000169067|ACTBL2,340,391,334,415
ENSG00000112874|NUDT12,3031,4140,2818,3333
ENSG00000153071|DAB2,205,151,171,226
ENSG00000062194|GPBP1,13010,15156,11160,13592
ENSG00000113318|MSH3,5463,6708,4607,5650
ENSG00000164299|SPZ1,0,0,0,0
ENSG00000069020|MAST4,905,1256,951,1058
ENSG00000134061|CD180,0,13,0,0
ENSG00000168685|IL7R,226,299,200,206
ENSG00000127184|COX7C,28934,25415,17241,21492
ENSG00000186479|RGS7BP,90,235,134,177
ENSG00000145777|TSLP,150,93,105,148
ENSG00000134352|IL6ST,9682,14935,13411,17436
ENSG00000133302|SLF1,2722,3652,3457,4105
ENSG00000152669|CCNO,591,484,274,403
ENSG00000164253|WDR41,6217,6802,5187,6468
ENSG00000113494|PRLR,4073,6789,3701,5142
ENSG00000152495|CAMK4,1679,2485,2246,2395
ENSG00000145740|SLC30A5,8106,9357,7148,9026
ENSG00000171495|MROH2B,0,2,0,0
ENSG00000164347|GFM2,7453,8554,5975,7783
ENSG00000250722|SELENOP,6401,6676,4177,5707
ENSG00000113456|RAD1,12294,13209,11792,14214
ENSG00000132357|CARD6,654,656,529,710
ENSG00000164258|NDUFS4,6600,6065,4030,4971
ENSG00000164211|STARD4,4279,5904,4630,5668
ENSG00000249662|LINC02218,0,0,0,0
ENSG00000049192|ADAMTS6,56,66,53,47
ENSG00000175426|PCSK1,48,43,63,48
ENSG00000113391|FAM172A,4693,5687,3667,4613
ENSG00000132837|DMGDH,90,72,83,66
ENSG00000145642|SHISAL2B,0,0,0,0
ENSG00000164309|CMYA5,2394,4814,3331,3786
ENSG00000145703|IQGAP2,11409,17453,11054,12753
ENSG00000067113|PLPP1,866,929,579,818
ENSG00000145782|ATG12,6435,6980,5441,6370
ENSG00000181751|MACIR,5225,6392,4391,5762
ENSG00000196900|TEX43,0,3,0,0
ENSG00000164199|ADGRV1,907,1489,1331,1554
ENSG00000198961|PJA2,9091,12845,8810,11168
ENSG00000157107|FCHO2,9749,13960,9114,11141
ENSG00000134982|APC,7228,11297,8782,11021
ENSG00000175745|NR2F1,2624,2682,1595,1877
ENSG00000170606|HSPA4,43515,52080,36186,44597
ENSG00000178015|GPR150,8,14,21,3
ENSG00000145794|MEGF10,686,971,720,778
ENSG00000181965|NEUROG1,0,0,0,3
ENSG00000164400|CSF2,0,0,0,0
ENSG00000155324|GRAMD2B,3424,3993,2747,3236
ENSG00000113595|TRIM23,2192,2454,1971,2729
ENSG00000164588|HCN1,7,0,6,0
ENSG00000129596|CDO1,13,0,4,13
ENSG00000164318|EGFLAM,0,3,0,18
ENSG00000119048|UBE2B,4881,4844,3807,4945
ENSG00000175471|MCTP1,5790,7644,4987,5716
ENSG00000169570|DTWD2,2039,2446,1576,1789
ENSG00000113460|BRIX1,18769,19317,15685,18908
ENSG00000153914|SREK1,10823,13767,10676,12718
ENSG00000146021|KLHL3,837,1010,612,829
ENSG00000212122|TSSK1B,2,26,3,9
ENSG00000164405|UQCRQ,12548,10896,7333,9519
ENSG00000151292|CSNK1G3,6111,7789,5666,7267
ENSG00000129595|EPB41L4A,7075,8802,5593,6977
ENSG00000069011|PITX1,72,57,38,37
ENSG00000164291|ARSK,1090,1170,1038,1325
ENSG00000113522|RAD50,9525,13266,9837,11811
ENSG00000145687|SSBP2,3411,3352,1832,2420
ENSG00000177879|AP3S1,5223,5517,4060,5044
ENSG00000113369|ARRDC3,15427,20691,14631,21381
ENSG00000164209|SLC25A46,8952,11007,7850,9311
ENSG00000131732|ZCCHC9,3666,3759,3014,3480
ENSG00000113368|LMNB1,21872,25451,16072,21388
ENSG00000134986|NREP,8410,9219,5728,6869
ENSG00000153006|SREK1IP1,3525,3949,2832,3556
ENSG00000217128|FNIP1,2780,3336,2931,3427
ENSG00000145839|IL9,0,0,0,0
ENSG00000120708|TGFBI,410,405,292,329
ENSG00000132840|BHMT2,0,0,0,0
ENSG00000271824|SMIM32,0,0,0,0
ENSG00000164176|EDIL3,56,107,84,96
ENSG00000164902|PHAX,8333,9607,7244,9041
ENSG00000177453|NIM1K,42,16,14,69
ENSG00000113600|C9,0,0,0,0
ENSG00000058729|RIOK2,3718,4174,3043,3945
ENSG00000155542|SETD9,671,748,551,637
ENSG00000134057|CCNB1,34376,34106,18755,22487
ENSG00000250782|TAF11L14,0,1,0,0
ENSG00000170549|IRX1,0,0,0,0
ENSG00000184838|PRR16,1242,1160,635,810
ENSG00000145826|LECT2,0,0,0,0
ENSG00000085365|SCAMP1,10029,13044,9178,12196
ENSG00000178175|ZNF366,0,0,0,0
ENSG00000113361|CDH6,195835,250423,137389,165397
ENSG00000152413|HOMER1,5161,6960,5911,6984
ENSG00000197479|PCDHB11,50,50,54,56
ENSG00000053108|FSTL4,22,17,11,9
ENSG00000113648|MACROH2A1,28716,30578,24053,28753
ENSG00000164251|F2RL1,10529,12694,9467,11953
ENSG00000145743|FBXL17,4107,4951,2931,3887
ENSG00000113296|THBS4,1502,1485,1190,1502
ENSG00000112992|NNT,7914,9761,7572,9599
ENSG00000081059|TCF7,335,359,310,377
ENSG00000006837|CDKL3,462,396,265,328
ENSG00000171643|S100Z,0,10,24,17
ENSG00000112972|HMGCS1,56858,72457,51382,66866
ENSG00000131711|MAP1B,2357,3600,3615,4078
ENSG00000120329|SLC25A2,3,11,0,0
ENSG00000164404|GDF9,73,98,53,83
ENSG00000283782,0,18,22,8
ENSG00000164283|ESM1,0,0,6,0
ENSG00000145708|CRHBP,0,11,0,21
ENSG00000174136|RGMB,10997,13177,7439,9619
ENSG00000151882|CCL28,4673,5093,2953,3920
ENSG00000279686,0,0,0,0
ENSG00000164512|ANKRD55,22,25,15,26
ENSG00000145757|SPATA9,85,55,46,74
ENSG00000185305|ARL15,1752,1974,1418,1723
ENSG00000049883|PTCD2,2486,2805,2072,2482
ENSG00000151422|FER,5078,8048,5879,7151
ENSG00000205571|SMN2,1220,1440,1071,1338
ENSG00000061492|WNT8A,0,0,0,0
ENSG00000173926|MARCHF3,6263,6171,3660,4703
ENSG00000146005|PSD2,19,35,16,24
ENSG00000176788|BASP1,6360,6398,6562,7551
ENSG00000157111|TMEM171,36,55,46,45
ENSG00000113583|C5orf15,11189,11883,9415,11721
ENSG00000164219|PGGT1B,4504,5101,3988,4842
ENSG00000113658|SMAD5,5507,7727,6633,8228
ENSG00000164197|RNF180,2496,3892,2234,2540
ENSG00000237190|CDKN2AIPNL,4696,4386,3273,3843
ENSG00000145649|GZMA,0,0,0,0
ENSG00000155329|ZCCHC10,1932,2025,1570,1919
ENSG00000239642|MEIKIN,0,0,0,0
ENSG00000145692|BHMT,149,158,89,90
ENSG00000047188|YTHDC2,3936,4856,4284,4866
ENSG00000080709|KCNN2,10,7,14,5
ENSG00000131508|UBE2D2,17206,16493,10911,13304
ENSG00000187372|PCDHB13,27,53,58,27
ENSG00000164406|LEAP2,95,44,43,51
ENSG00000146006|LRRTM2,0,34,20,8
ENSG00000145780|FEM1C,3330,4081,3093,4053
ENSG00000284762,7,0,0,0
ENSG00000082068|WDR70,8654,9363,5870,7375
ENSG00000172901|LVRN,15,12,0,31
ENSG00000172239|PAIP1,28555,31476,20955,26543
ENSG00000064652|SNX24,3803,4178,2869,3667
ENSG00000175449|RFESD,208,253,159,190
ENSG00000145721|LIX1,4446,4839,3777,4034
ENSG00000135077|HAVCR2,35,15,12,20
ENSG00000173930|SLCO4C1,525,702,473,631
ENSG00000113532|ST8SIA4,555,700,328,396
ENSG00000213585|VDAC1,26503,27228,19367,23375
ENSG00000113248|PCDHB15,36,53,45,48
ENSG00000134970|TMED7,10715,13472,10036,13041
ENSG00000279983,3,6,0,0
ENSG00000284042|TAF11L6,0,1,0,0
ENSG00000169194|IL13,6,0,0,10
ENSG00000186367|MINAR2,0,0,0,0
ENSG00000112852|PCDHB2,474,565,338,465
ENSG00000272772,1,10,1,10
ENSG00000164308|ERAP2,610,786,667,742
ENSG00000205302|SNX2,9868,11276,8755,10617
ENSG00000112981|NME5,299,235,178,155
ENSG00000120324|PCDHB10,30,41,19,27
ENSG00000169302|STK32A,42,32,19,40
ENSG00000164292|RHOBTB3,27465,36645,30531,36757
ENSG00000113732|ATP6V0E1,5472,5161,3753,4442
ENSG00000044115|CTNNA1,83467,89213,54814,67716
ENSG00000091009|RBM27,8566,12029,9318,11191
ENSG00000178996|SNX18,5452,7192,5264,6510
ENSG00000281938,0,11,0,13
ENSG00000145675|PIK3R1,6373,9471,6126,7401
ENSG00000113272|THG1L,2672,2640,1979,2399
ENSG00000152684|PELO,7801,7478,5549,7125
ENSG00000113249|HAVCR1,0,0,0,0
ENSG00000120137|PANK3,13684,19743,15304,19573
ENSG00000176049|JAKMIP2,1825,2397,1384,1725
ENSG00000145685|LHFPL2,4898,6036,4027,4978
ENSG00000072786|STK10,2141,2609,1876,2258
ENSG00000145911|N4BP3,1168,1263,992,1050
ENSG00000132570|PCBD2,2564,2507,1563,1860
ENSG00000150712|MTMR12,13893,16787,11485,14549
ENSG00000113575|PPP2CA,23209,25157,18282,23009
ENSG00000145736|GTF2H2,2064,2445,1450,1610
ENSG00000113657|DPYSL3,1971,2101,1431,1920
ENSG00000155858|LSM11,1478,2102,1645,2087
ENSG00000214360|EFCAB9,0,4,0,0
ENSG00000072364|AFF4,14165,22450,17102,21744
ENSG00000157510|AFAP1L1,140,144,145,186
ENSG00000145817|YIPF5,9522,9628,7230,9329
ENSG00000171444|MCC,3789,5031,3258,3724
ENSG00000061455|PRDM6,429,553,395,424
ENSG00000164221|CCDC112,2120,2390,1846,2251
ENSG00000205359|SLCO6A1,61,83,63,44
ENSG00000197948|FCHSD1,1927,1756,1412,1642
ENSG00000168938|PPIC,9021,9476,6479,8071
ENSG00000113638|TTC33,1641,2074,1545,1886
ENSG00000113441|LNPEP,9066,14384,11462,14427
ENSG00000165810|BTNL9,141,141,61,69
ENSG00000155846|PPARGC1B,4123,5670,3692,4517
ENSG00000155850|SLC26A2,3123,5137,2674,3771
ENSG00000230178|OR4F3,1,0,0,2
ENSG00000087116|ADAMTS2,0,0,0,0
ENSG00000131507|NDFIP1,17370,17942,12877,16581
ENSG00000120322|PCDHB8,13,18,14,29
ENSG00000164463|CREBRF,1511,2042,1368,2036
ENSG00000178172|SPINK6,0,0,0,0
ENSG00000211445|GPX3,10816,10269,7257,9692
ENSG00000064651|SLC12A2,7862,10612,8339,9810
ENSG00000168246|UBTD2,6591,7506,5297,6110
ENSG00000113302|IL12B,18,24,20,16
ENSG00000170085|SIMC1,2489,2756,2043,2549
ENSG00000145879|SPINK7,0,0,0,0
ENSG00000113552|GNPDA1,20081,19894,14238,18121
ENSG00000164220|F2RL2,170,226,165,212
ENSG00000161021|MAML1,4742,5788,4206,5131
ENSG00000197043|ANXA6,3871,3551,2845,3708
ENSG00000164576|SAP30L,2321,2688,1810,2424
ENSG00000204909|SPINK9,0,0,0,0
ENSG00000158458|NRG2,1850,1808,975,1096
ENSG00000113643|RARS1,21141,23036,16128,19418
ENSG00000146063|TRIM41,10036,9017,6900,7902
ENSG00000221886|ZBED8,1111,1169,986,1117
ENSG00000120129|DUSP1,3309,3560,2186,3147
ENSG00000113212|PCDHB7,13,6,9,4
ENSG00000171604|CXXC5,14535,13781,7808,10762
ENSG00000169230|PRELID1,22740,20774,14535,17904
ENSG00000112984|KIF20A,15175,17100,7116,8201
ENSG00000251201|TMED7-TICAM2,710,1249,738,1450
ENSG00000174132|FAM174A,1905,1561,1121,1612
ENSG00000145781|COMMD10,1762,1967,1125,1372
ENSG00000122203|KIAA1191,19892,20372,14957,18281
ENSG00000145779|TNFAIP8,337,359,321,474
ENSG00000011083|SLC6A7,0,0,0,0
ENSG00000132915|PDE6A,295,286,207,279
ENSG00000228716|DHFR,20189,23890,18957,22044
ENSG00000113194|FAF2,23729,26014,19511,24126
ENSG00000156463|SH3RF2,3195,3614,2346,2649
ENSG00000174705|SH3PXD2B,5268,6820,5363,6550
ENSG00000183775|KCTD16,174,251,166,242
ENSG00000145824|CXCL14,0,0,0,0
ENSG00000145920|CPLX2,0,3,0,3
ENSG00000275740,83,278,220,175
ENSG00000113196|HAND1,0,0,0,6
ENSG00000273217,0,0,0,0
ENSG00000234284|ZNF879,76,87,79,75
ENSG00000188573|FBLL1,31,15,22,35
ENSG00000120328|PCDHB12,20,32,14,17
ENSG00000164611|PTTG1,17700,16462,10357,12110
ENSG00000164399|IL3,0,0,0,0
ENSG00000249156|TAF11L12,0,1,0,0
ENSG00000204628|RACK1,168012,152700,100428,126270
ENSG00000182230|FAM153B,0,6,0,0
ENSG00000120705|ETF1,32500,37885,28410,34763
ENSG00000175414|ARL10,1225,1640,1493,1826
ENSG00000155868|MED7,2145,2356,1795,2113
ENSG00000177932|ZNF354C,481,415,380,419
ENSG00000145916|RMND5B,8664,8430,5388,6923
ENSG00000177839|PCDHB9,9,22,14,15
ENSG00000146083|RNF44,28205,27489,18365,22751
ENSG00000145819|ARHGAP26,3276,4115,2763,3432
ENSG00000164265|SCGB3A2,0,0,0,0
ENSG00000173261|PLAC8L1,87,73,62,81
ENSG00000081791|DELE1,4613,4772,3343,4157
ENSG00000022355|GABRA1,40,50,23,60
ENSG00000113763|UNC5A,0,0,0,0
ENSG00000118985|ELL2,2657,3306,3146,3522
ENSG00000146066|HIGD2A,7463,6784,4486,5628
ENSG00000285476,4,3,0,0
ENSG00000133710|SPINK5,35,22,14,33
ENSG00000131459|GFPT2,11,11,25,22
ENSG00000248109|MARCOL,0,0,0,0
ENSG00000169223|LMAN2,19671,17580,12371,15131
ENSG00000255833|TIFAB,0,0,0,0
ENSG00000037280|FLT4,63,78,54,74
ENSG00000113578|FGF1,0,7,0,14
ENSG00000164284|GRPEL2,4748,5565,4652,5631
ENSG00000120149|MSX2,0,0,0,0
ENSG00000113719|ERGIC1,23542,23223,16783,20898
ENSG00000145919|BOD1,4091,3911,2606,3522
ENSG00000164609|SLU7,12701,13427,10134,12759
ENSG00000120318|ARAP3,964,929,888,976
ENSG00000177733|HNRNPA0,34873,34286,24430,30210
ENSG00000118322|ATP10B,618,732,562,632
ENSG00000204764|RANBP17,758,921,736,889
ENSG00000181867|FTMT,0,0,0,6
ENSG00000170091|NSG2,7,0,0,0
ENSG00000113580|NR3C1,4419,5914,4045,4836
ENSG00000113303|BTNL8,0,0,0,2
ENSG00000113594|LIFR,6033,10423,7210,9206
ENSG00000138829|FBN2,55005,84492,56444,68454
ENSG00000145715|RASA1,4430,5847,4076,4653
ENSG00000160883|HK3,0,0,0,0
ENSG00000285891|MSANTD5,0,0,0,0
ENSG00000082515|MRPL22,3775,3749,2660,3117
ENSG00000186952|TMEM232,191,202,128,202
ENSG00000055163|CYFIP2,5738,6832,4204,5634
ENSG00000164904|ALDH7A1,16424,17149,12666,16312
ENSG00000169220|RGS14,1000,1104,793,944
ENSG00000285978,0,0,0,0
ENSG00000196800|SPINK14,0,0,0,0
ENSG00000185056|C5orf47,0,0,7,3
ENSG00000183072|NKX2-5,0,0,0,0
ENSG00000170214|ADRA1B,362,413,307,358
ENSG00000170613|FAM71B,0,0,0,0
ENSG00000113761|ZNF346,2571,2851,2149,2525
ENSG00000171522|PTGER4,881,928,706,841
ENSG00000183111|ARHGEF37,3295,3640,2593,3019
ENSG00000113749|HRH2,0,0,0,0
ENSG00000123213|NLN,6880,8736,6407,7347
ENSG00000146054|TRIM7,231,250,138,206
ENSG00000213316|LTC4S,18,21,8,17
ENSG00000123643|SLC36A1,2893,3522,2554,3110
ENSG00000184845|DRD1,0,0,0,0
ENSG00000169131|ZNF354A,1848,2182,1551,1835
ENSG00000038274|MAT2B,6942,7501,5478,6641
ENSG00000087206|UIMC1,3285,3420,2560,3117
ENSG00000171992|SYNPO,5811,6332,4802,5349
ENSG00000160867|FGFR4,3822,3544,2789,3548
ENSG00000120725|SIL1,2321,2005,1429,1852
ENSG00000120729|MYOT,21,10,9,14
ENSG00000113300|CNOT6,8821,11407,8166,10307
ENSG00000164332|UBLCP1,5487,6435,4406,5476
ENSG00000127743|IL17B,0,0,12,12
ENSG00000094755|GABRP,1117,1276,806,1092
ENSG00000013561|RNF14,5354,6119,4207,5510
ENSG00000214357|NEURL1B,611,751,398,418
ENSG00000184584|STING1,958,845,734,917
ENSG00000164330|EBF1,252,294,212,244
ENSG00000039319|ZFYVE16,11081,15880,12136,15177
ENSG00000168903|BTNL3,0,0,0,0
ENSG00000248483|POU5F2,32,24,11,21
ENSG00000161013|MGAT4B,6132,5384,4197,4735
ENSG00000146067|FAM193B,3822,3401,2440,2853
ENSG00000039600|SOX30,70,107,67,81
ENSG00000161010|MRNIP,1793,1465,1136,1398
ENSG00000164466|SFXN1,10348,11613,9033,11609
ENSG00000113328|CCNG1,9814,10935,8904,11041
ENSG00000187658|C5orf52,0,0,0,0
ENSG00000226650|KIF4B,116,265,126,200
ENSG00000134516|DOCK2,8,0,0,5
ENSG00000113262|GRM6,0,5,0,3
ENSG00000178913|TAF7,12451,12941,8793,11393
ENSG00000198108|CHSY3,3,8,10,0
ENSG00000153347|FAM81B,66,68,31,58
ENSG00000178776|C5orf46,20,19,2,0
ENSG00000161055|SCGB3A1,0,0,0,0
ENSG00000237693|IRGM,9,2,0,12
ENSG00000081818|PCDHB4,5,6,14,10
ENSG00000198944|SOWAHA,180,261,211,193
ENSG00000168724|DNAJC21,13140,16063,12245,15585
ENSG00000164402|SEPTIN8,12502,13485,11267,13798
ENSG00000113742|CPEB4,3309,5464,4030,5159
ENSG00000070614|NDST1,82721,93114,58157,69320
ENSG00000113269|RNF130,16619,16782,10084,12088
ENSG00000145850|TIMD4,0,0,0,0
ENSG00000161011|SQSTM1,9580,8920,6207,7892
ENSG00000145882|PCYOX1L,2529,2585,2301,2449
ENSG00000204767|INSYN2B,0,0,0,0
ENSG00000152377|SPOCK1,13450,17231,11292,12682
ENSG00000113520|IL4,0,0,0,0
ENSG00000152705|CATSPER3,25,29,8,19
ENSG00000283776|TAF11L13,0,1,0,0
ENSG00000155511|GRIA1,0,7,6,0
ENSG00000170584|NUDCD2,4566,4153,2881,3684
ENSG00000145934|TENM2,26,33,32,30
ENSG00000133706|LARS1,36510,42339,32804,40081
ENSG00000184840|TMED9,17357,16555,11768,14464
ENSG00000197451|HNRNPAB,35295,35003,25726,31542
ENSG00000186335|SLC36A2,0,0,0,0
ENSG00000169228|RAB24,2556,2065,1640,2103
ENSG00000146090|RASGEF1C,203,243,72,127
ENSG00000198939|ZFP2,3,7,0,3
ENSG00000040275|SPDL1,7172,8134,5486,6832
ENSG00000113209|PCDHB5,9,23,5,7
ENSG00000249751|ECSCR,0,0,0,0
ENSG00000145861|C1QTNF2,224,278,306,307
ENSG00000196743|GM2A,6277,6934,5420,6430
ENSG00000086589|RBM22,8833,9192,6696,8001
ENSG00000164574|GALNT10,6431,7605,5533,6163
ENSG00000213347|MXD3,1648,1757,1207,1485
ENSG00000198624|CCDC69,457,483,501,630
ENSG00000122012|SV2C,217,222,221,246
ENSG00000214510|SPINK13,0,0,0,0
ENSG00000072571|HMMR,9253,10795,6300,7440
ENSG00000284356|TAF11L10,0,1,0,0
ENSG00000178338|ZNF354B,734,840,800,916
ENSG00000031003|FAM13B,7969,10091,8169,9844
ENSG00000154124|OTULIN,8277,10385,8292,9950
ENSG00000027847|B4GALT7,1925,2175,1264,1575
ENSG00000175309|PHYKPL,2579,2150,1643,2115
ENSG00000164325|TMEM174,0,0,0,0
ENSG00000151883|PARP8,4079,4960,3675,4732
ENSG00000170074|FAM153A,10,6,0,0
ENSG00000131183|SLC34A1,3,0,0,0
ENSG00000196570|PFN3,0,0,0,0
ENSG00000198055|GRK6,7849,7286,5532,6208
ENSG00000131188|PRR7,1316,1228,814,1053
ENSG00000113758|DBN1,31920,31069,21826,26294
ENSG00000196923|PDLIM7,8675,8096,5960,7244
ENSG00000183258|DDX41,8412,7955,5755,7300
ENSG00000164296|TIGD6,764,749,566,684
ENSG00000113716|HMGXB3,9226,9194,7554,9061
ENSG00000182578|CSF1R,10,16,22,28
ENSG00000113721|PDGFRB,127,125,158,155
ENSG00000113722|CDX1,0,0,0,0
ENSG00000164307|ERAP1,4307,5340,4022,5088
ENSG00000185028|LRRC14B,0,5,3,4
ENSG00000164366|CCDC127,4939,4925,3635,4775
ENSG00000073578|SDHA,17979,17778,13132,15947
ENSG00000286001,2666,2627,1569,3150
ENSG00000249915|PDCD6,20812,20632,15676,18328
ENSG00000180104|EXOC3,17946,17756,12381,15061
ENSG00000066230|SLC9A3,953,1265,636,796
ENSG00000112877|CEP72,2781,3148,2523,2984
ENSG00000171368|TPPP,745,645,574,678
ENSG00000153404|PLEKHG4B,1935,1966,1873,2034
ENSG00000280987|MATR3,21213,33836,26248,28759
ENSG00000015479|MATR3,19963,20440,12491,19261
ENSG00000120727|PAIP2,13809,14349,10924,13609
ENSG00000170482|SLC23A1,96,61,42,64
ENSG00000170476|MZB1,14,20,5,21
ENSG00000228672|PROB1,970,904,502,661
ENSG00000170464|DNAJC18,877,884,712,867
ENSG00000178394|HTR1A,2,11,3,20
ENSG00000164270|HTR4,0,0,0,0
ENSG00000164398|ACSL6,4,0,0,3
ENSG00000269466|H3Y1,8,3,0,0
ENSG00000177034|MTX3,8536,11102,9190,11222
ENSG00000170231|FABP6,822,665,474,638
ENSG00000081189|MEF2C,625,740,524,614
ENSG00000184347|SLIT3,5,0,1,0
ENSG00000152422|XRCC4,2139,2009,1402,1767
ENSG00000132842|AP3B1,6276,7175,5442,6619
ENSG00000113231|PDE8B,373,461,288,356
ENSG00000112977|DAP,28136,26816,18867,24441
ENSG00000249437|NAIP,173,189,127,139
ENSG00000145494|NDUFS6,20302,18580,12565,15735
ENSG00000113263|ITK,0,7,3,0
ENSG00000198677|TTC37,11083,14576,10274,13306
ENSG00000048162|NOP16,12820,11688,8574,10743
ENSG00000145912|NHP2,12559,10966,7818,9710
ENSG00000132911|NMUR2,0,3,0,0
ENSG00000164256|PRDM9,45,25,38,34
ENSG00000069018|TRPC7,0,0,0,0
ENSG00000243414|TICAM2,240,127,230,31
ENSG00000205572|SERF1B,379,372,272,334
ENSG00000051596|THOC3,6767,6732,5514,6562
ENSG00000135074|ADAM19,2653,3200,2364,2789
ENSG00000113558|SKP1,29855,27971,21050,25791
ENSG00000145868|FBXO38,5635,6916,5038,6269
ENSG00000215218|UBE2QL1,0,3,0,0
ENSG00000037474|NSUN2,38059,42602,31563,37958
ENSG00000145545|SRD5A1,1991,2159,1762,1905
ENSG00000112941|TENT4A,10001,11232,7304,9379
ENSG00000188725|SMIM15,8977,10102,7563,9467
ENSG00000169567|HINT1,11882,10545,7724,9665
ENSG00000186687|LYRM7,6486,7512,5974,6951
ENSG00000169247|SH3TC2,327,311,406,480
ENSG00000145863|GABRA6,0,0,0,0
ENSG00000164185|ZNF474,22,19,13,18
ENSG00000250803,5,2,3,3
ENSG00000064692|SNCAIP,321,290,149,231
ENSG00000113073|SLC4A9,13,8,25,29
ENSG00000131503|ANKHD1,6534,6109,6530,9115
ENSG00000254996|ANKHD1-EIF4EBP3,7300,11035,6042,6172
ENSG00000243056|EIF4EBP3,10,10,6,11
ENSG00000170458|CD14,258,210,115,146
ENSG00000131495|NDUFA2,5471,4593,3413,4194
ENSG00000113141|IK,24046,25861,18979,22702
ENSG00000256453|DND1,106,76,76,107
ENSG00000112855|HARS2,4922,4984,3849,4746
ENSG00000146007|ZMAT2,8106,8003,6141,7682
ENSG00000204970|PCDHA1,25,2,3,9
ENSG00000204969|PCDHA2,0,5,3,2
ENSG00000255408|PCDHA3,9,8,8,29
ENSG00000204967|PCDHA4,210,151,51,294
ENSG00000204965|PCDHA5,5,13,9,5
ENSG00000081842|PCDHA6,2,9,2,0
ENSG00000204963|PCDHA7,6,0,10,14
ENSG00000204962|PCDHA8,0,0,3,0
ENSG00000204961|PCDHA9,1,0,1,4
ENSG00000250120|PCDHA10,2,13,8,9
ENSG00000249158|PCDHA11,0,0,0,0
ENSG00000251664|PCDHA12,12,31,5,26
ENSG00000239389|PCDHA13,0,2,68,3
ENSG00000243232|PCDHAC2,599,580,549,457
ENSG00000171815|PCDHB1,8,7,10,12
ENSG00000164438|TLX3,112,107,77,88
ENSG00000156427|FGF18,10250,9494,6051,7895
ENSG00000288639,1,1,1,1
ENSG00000168269|FOXI1,0,0,0,6
ENSG00000234511|C5orf58,61,72,67,79
ENSG00000145936|KCNMB1,0,6,0,0
ENSG00000043462|LCP2,8,0,0,10
ENSG00000170445|HARS1,14928,14637,11424,13790
ENSG00000185129|PURA,4404,5328,3898,4868
ENSG00000182700|IGIP,425,479,412,490
ENSG00000120306|CYSTM1,3525,3284,2304,3011
ENSG00000113068|PFDN1,8064,7498,5302,7058
ENSG00000113070|HBEGF,553,508,594,657
ENSG00000258864,0,0,0,0
ENSG00000153037|SRP19,6557,6883,5273,5981
ENSG00000129625|REEP5,14214,15247,9663,12420
ENSG00000145700|ANKRD31,170,196,123,132
ENSG00000251380|DCANP1,0,0,3,0
ENSG00000176055|MBLAC2,1286,1458,1133,1353
ENSG00000113356|POLR3G,904,1077,890,1091
ENSG00000176018|LYSMD3,2735,3484,2894,3588
ENSG00000113327|GABRG2,890,972,676,762
ENSG00000168944|CEP120,2205,3002,2091,2568
ENSG00000155506|LARP1,56751,65053,46771,55753
ENSG00000170271|FAXDC2,269,262,227,318
ENSG00000082516|GEMIN5,5784,6747,4935,5857
ENSG00000186105|LRRC70,35,35,20,0
ENSG00000145864|GABRB2,1618,2309,1204,1564
ENSG00000068796|KIF2A,14813,19359,14261,17947
ENSG00000288643,0,0,0,0
ENSG00000205089|CCNI2,39,46,54,62
ENSG00000187678|SPRY4,358,490,272,325
ENSG00000196670|ZFP62,4700,6103,4385,5475
ENSG00000178187|ZNF454,0,0,0,0
ENSG00000145725|PPIP5K2,9340,13290,10299,12935
ENSG00000078795|PKD2L2,19,2,0,21
ENSG00000131446|MGAT1,12866,12233,8190,10358
ENSG00000153140|CETN3,2568,2740,2044,2460
ENSG00000171530|TBCA,10448,9871,7184,8637
ENSG00000182132|KCNIP1,235,275,73,104
ENSG00000113282|CLINT1,21648,25828,18436,22650
ENSG00000086200|IPO11,6307,7428,5980,7418
ENSG00000113555|PCDH12,101,130,111,115
ENSG00000113119|TMCO6,1161,1105,759,827
ENSG00000112983|BRD8,9797,10117,6983,8659
ENSG00000186334|SLC36A3,0,8,0,0
ENSG00000244234|GMCL2,0,0,10,6
ENSG00000113712|CSNK1A1,27870,31064,22991,27355
ENSG00000113645|WWC1,21311,22364,14998,18062
ENSG00000158987|RAPGEF6,2590,4256,2987,3631
ENSG00000092421|SEMA6A,2835,3252,2009,2463
ENSG00000165671|NSD1,13852,20383,13121,15938
ENSG00000164188|RANBP3L,55,58,39,61
ENSG00000113734|BNIP1,816,708,572,774
ENSG00000152503|TRIM36,112,187,200,162
ENSG00000173210|ABLIM3,793,845,617,827
ENSG00000132912|DCTN4,7940,9831,7044,8671
ENSG00000145860|RNF145,16082,17197,12703,15837
ENSG00000164591|MYOZ3,70,98,75,98
ENSG00000037241|RPL26L1,3400,3349,2462,3030
ENSG00000164180|TMEM161B,3330,4221,3365,4030
ENSG00000131187|F12,184,95,119,146
ENSG00000155545|MIER3,4434,6563,5005,6367
ENSG00000135083|CCNJL,4590,4867,3883,4453
ENSG00000145901|TNIP1,7261,6835,4975,6156
ENSG00000113048|MRPS27,13796,14240,9644,12422
ENSG00000248383|PCDHAC1,206,460,191,253
ENSG00000268799|H3Y2,0,0,0,0
ENSG00000171540|OTP,6,6,3,0
ENSG00000153922|CHD1,8716,13085,10757,13052
ENSG00000039537|C6,23,15,9,11
ENSG00000113407|TARS1,71436,80423,57305,71304
ENSG00000172062|SMN1,1676,1948,1357,1768
ENSG00000153113|CAST,25286,30852,23302,29335
ENSG00000268223|ARL14EPL,0,0,6,0
ENSG00000113013|HSPA9,43816,48467,33246,42126
ENSG00000251493|FOXD1,5492,4951,3854,4496
ENSG00000164331|ANKRA2,1138,1369,846,1226
ENSG00000164338|UTP15,3790,4239,3241,3826
ENSG00000145741|BTF3,60576,60173,41573,51525
ENSG00000152700|SAR1B,5907,6133,4687,5726
ENSG00000113615|SEC24A,4266,6007,4551,5827
ENSG00000164615|CAMLG,3017,3307,2271,3153
ENSG00000145833|DDX46,20128,22859,17401,20987
ENSG00000181904|C5orf24,6459,8502,6595,8532
ENSG00000113621|TXNDC15,3693,4038,2601,3496
ENSG00000113140|SPARC,623,651,464,485
ENSG00000177556|ATOX1,2931,2743,1771,2278
ENSG00000145888|GLRA1,0,0,10,0
ENSG00000182631|RXFP3,1,0,3,1
ENSG00000164175|SLC45A2,3,12,16,16
ENSG00000242110|AMACR,3006,3085,2551,2965
ENSG00000273294|C1QTNF3-AMACR,33,6,4,14
ENSG00000082196|C1QTNF3,730,628,400,428
ENSG00000169258|GPRIN1,5015,4934,4049,4671
ENSG00000074317|SNCB,2089,2026,882,974
ENSG00000175766|EIF4E1B,52,75,41,42
ENSG00000048140|TSPAN17,12019,11429,6896,8959
ENSG00000074276|CDHR2,100,162,121,97
ENSG00000151304|SRFBP1,2568,3344,2429,2877
ENSG00000113083|LOX,2424,3023,1710,1918
ENSG00000181163|NPM1,137533,142630,96836,118831
ENSG00000164182|NDUFAF2,2356,2300,1742,2099
ENSG00000168671|UGT3A2,1136,1177,1037,1366
ENSG00000164187|LMBRD2,3340,5586,4160,5049
ENSG00000152620|NADK2,4532,5191,3802,4820
ENSG00000145604|SKP2,16452,19667,15403,19589
ENSG00000145907|G3BP1,39911,48518,35987,44134
ENSG00000170561|IRX2,0,0,0,0
ENSG00000169252|ADRB2,96,117,146,155
ENSG00000164287|CDC20B,52,35,44,13
ENSG00000164403|SHROOM1,592,542,578,660
ENSG00000112851|ERBIN,10413,15802,12440,15837
ENSG00000131437|KIF3A,3786,5098,4223,5403
ENSG00000155508|CNOT8,8876,9118,6639,8854
ENSG00000158985|CDC42SE2,5401,6326,5071,6170
ENSG00000164266|SPINK1,0,0,0,0
ENSG00000050748|MAPK9,3156,3466,2404,3220
ENSG00000175325|PROP1,0,0,0,0
ENSG00000175416|CLTB,4995,4413,3184,3752
ENSG00000197226|TBC1D9B,10449,10787,7087,9066
ENSG00000113205|PCDHB3,85,81,46,71
ENSG00000151881|TMEM267,6764,6996,4508,5880
ENSG00000172058|SERF1A,360,339,253,322
ENSG00000156453|PCDH1,2694,2730,1973,2334
ENSG00000170469|SPATA24,489,632,410,427
ENSG00000082074|FYB1,0,0,9,5
ENSG00000164172|MOCS2,10766,11177,8767,10910
ENSG00000131435|PDLIM4,30,37,24,25
ENSG00000197208|SLC22A4,70,64,49,51
ENSG00000082213|C5orf22,14162,17599,13556,17246
ENSG00000072682|P4HA2,3962,4210,3599,4108
ENSG00000091010|POU4F3,10,11,0,16
ENSG00000113360|DROSHA,30857,39382,29523,36033
ENSG00000156475|PPP2R2B,23,17,3,9
ENSG00000285868,0,10,0,9
ENSG00000172568|FNDC9,0,0,0,0
ENSG00000172548|NIPAL4,19,8,30,56
ENSG00000113161|HMGCR,17598,21739,16650,21797
ENSG00000050767|COL23A1,3453,3012,1832,2236
ENSG00000113240|CLK4,1033,1244,902,1216
ENSG00000176783|RUFY1,2516,2397,1718,1946
ENSG00000169045|HNRNPH1,29045,31628,23652,28269
ENSG00000204659|CBY3,1,0,4,0
ENSG00000127022|CANX,41492,54234,37633,46986
ENSG00000183876|ARSI,301,289,241,260
ENSG00000070814|TCOF1,34087,36091,28546,34106
ENSG00000019582|CD74,8383,7812,6014,8085
ENSG00000164587|RPS14,107956,94168,62921,81640
ENSG00000079215|SLC1A3,11098,13025,7612,10120
ENSG00000094880|CDC23,8452,9540,7404,8876
ENSG00000146013|GFRA3,129,176,122,160
ENSG00000158402|CDC25C,2059,2149,1362,1673
ENSG00000120709|FAM53C,13488,14063,12109,14878
ENSG00000120733|KDM3B,20627,26437,15825,19209
ENSG00000132563|REEP2,921,807,612,820
ENSG00000120738|EGR1,61010,88228,30166,51913
ENSG00000197603|CPLANE1,3730,6570,6280,7535
ENSG00000185662|SMIM23,0,0,2,0
ENSG00000072803|FBXW11,13385,16114,11589,14944
ENSG00000113525|IL5,17,14,20,23
ENSG00000197375|SLC22A5,1555,1643,1384,1755
ENSG00000055147|FAM114A2,3274,3728,2633,3335
ENSG00000037749|MFAP3,8662,10718,8065,10211
ENSG00000125347|IRF1,2486,2323,1663,2303
ENSG00000176087|SLC35A4,10981,9868,6853,8896
ENSG00000231989|PPP1R2B,58,111,70,71
ENSG00000170624|SGCD,182,264,113,148
ENSG00000086189|DIMT1,3817,3968,2711,3472
ENSG00000184349|EFNA5,3145,3292,2292,2679
ENSG00000164244|PRRC1,7637,8729,6622,8347
ENSG00000205279|CTXN3,9,5,0,6
ENSG00000204928|GRXCR2,54,43,29,20
ENSG00000134058|CDK7,2407,2525,1953,2339
ENSG00000183323|CCDC125,1242,1462,1091,1257
ENSG00000085231|AK6,1309,1184,931,1086
ENSG00000273841|TAF9,3918,3981,3271,3904
ENSG00000152942|RAD17,2845,3037,2237,3013
ENSG00000152939|MARVELD2,2518,2882,2087,2574
ENSG00000183474|GTF2H2C,1772,1850,1545,1961
ENSG00000197822|OCLN,2470,3031,2605,3309
ENSG00000113396|SLC27A6,353,418,409,490
ENSG00000066583|ISOC1,4227,4600,3579,4287
ENSG00000206077|ZDHHC11B,827,885,734,766
ENSG00000173545|ZNF622,8719,8284,6322,7626
ENSG00000288622|PDCD6-AHRR,914,539,0,8
ENSG00000171617|ENC1,8497,10488,8799,11212
ENSG00000256235|SMIM3,1308,1398,1073,1135
ENSG00000112893|MAN2A1,4166,5782,4594,5297
ENSG00000113739|STC2,5094,5491,4186,5119
ENSG00000272674|PCDHB16,10,12,14,11
ENSG00000120327|PCDHB14,77,87,57,63
ENSG00000134987|WDR36,5371,7388,6034,7516
ENSG00000113211|PCDHB6,64,45,30,26
ENSG00000182613|OR2V2,0,0,0,0
ENSG00000177721|ANXA2R,59,63,32,31
ENSG00000113108|APBB3,1334,1124,894,1057
ENSG00000169777|TAS2R1,9,19,15,2
ENSG00000146094|DOK3,282,228,169,249
ENSG00000186468|RPS23,85549,77228,54934,69152
ENSG00000172795|DCP2,8817,11601,9444,10912
ENSG00000168916|ZNF608,4540,5399,3386,3646
ENSG00000113312|TTC1,12223,12377,9218,11111
ENSG00000170234|PWWP2A,3922,4381,3234,4022
ENSG00000145808|ADAMTS19,0,0,0,11
ENSG00000145632|PLK2,64708,74351,45978,64444
ENSG00000175857|GAPT,0,0,0,3
ENSG00000145723|GIN1,893,976,646,783
ENSG00000185372|OR2V1,0,0,0,0
ENSG00000113163|CERT1,8135,10672,6652,8354
ENSG00000122008|POLK,1379,1897,1574,2013
ENSG00000189045|ANKDD1B,16,13,14,7
ENSG00000039139|DNAH5,493,733,481,622
ENSG00000070808|CAMK2A,15,38,15,25
ENSG00000049167|ERCC8,2532,3419,2729,3371
ENSG00000145734|BDP1,2388,4139,3457,4077
ENSG00000164326|CARTPT,0,0,0,0
ENSG00000164334|FAM170A,3,3,5,0
ENSG00000133835|HSD17B4,13689,15327,11353,14263
ENSG00000154153|RETREG1,3454,3559,2366,2859
ENSG00000083312|TNPO1,24253,34407,27585,33939
ENSG00000213523|SRA1,5444,5294,3785,4616
ENSG00000043143|JADE2,2902,3137,2447,3143
ENSG00000120314|WDR55,10246,9616,7570,8775
ENSG00000283288|SMIM33,3,0,0,0
ENSG00000158497|HMHB1,0,0,0,0
ENSG00000230561|CCDC192,31,23,25,30
ENSG00000164509|IL31RA,42,21,53,50
ENSG00000174339|OR2Y1,0,0,0,0
ENSG00000173250|GPR151,3,0,5,1
ENSG00000113649|TCERG1,12171,16079,11360,13579
ENSG00000204956|PCDHGA1,36,18,32,21
ENSG00000081853|PCDHGA2,43,83,46,88
ENSG00000254245|PCDHGA3,3,6,7,8
ENSG00000254221|PCDHGB1,172,237,309,312
ENSG00000262576|PCDHGA4,42,124,60,56
ENSG00000253910|PCDHGB2,64,78,48,75
ENSG00000253485|PCDHGA5,33,36,25,32
ENSG00000262209|PCDHGB3,48,31,33,24
ENSG00000253731|PCDHGA6,35,66,53,45
ENSG00000253537|PCDHGA7,15,23,8,9
ENSG00000253953|PCDHGB4,435,778,493,551
ENSG00000253767|PCDHGA8,37,52,26,25
ENSG00000261934|PCDHGA9,79,24,17,39
ENSG00000253305|PCDHGB6,165,155,71,91
ENSG00000253846|PCDHGA10,124,50,22,24
ENSG00000254122|PCDHGB7,280,267,210,154
ENSG00000253873|PCDHGA11,26,5,8,20
ENSG00000253159|PCDHGA12,0,0,3,6
ENSG00000240184|PCDHGC3,2095,1743,1242,1860
ENSG00000242419|PCDHGC4,29,45,26,68
ENSG00000240764|PCDHGC5,6,0,3,3
ENSG00000131504|DIAPH1,24827,28856,20844,26529
ENSG00000171720|HDAC3,6873,6665,5204,6212
ENSG00000164620|RELL2,237,227,201,210
ENSG00000276547|PCDHGB5,39,42,39,34
ENSG00000063438|AHRR,176,616,1035,1047
ENSG00000145730|PAM,10507,12672,9897,11971
ENSG00000172262|ZNF131,14242,16799,12912,15973
ENSG00000164241|C5orf63,817,938,824,888
ENSG00000183718|TRIM52,2944,3383,2624,3081
ENSG00000214944|ARHGEF28,5370,6699,4857,6001
ENSG00000172869|DMXL1,3383,5801,4261,5320
ENSG00000145908|ZNF300,434,496,377,498
ENSG00000086570|FAT2,43600,60211,33363,38244
ENSG00000145832|SLC25A48,27,19,5,17
ENSG00000185261|KIAA0825,162,220,141,172
ENSG00000186314|PRELID2,1720,1928,1488,1857
ENSG00000164329|TENT2,3579,4260,3120,3792
ENSG00000131844|MCCC2,16271,16989,12096,15080
ENSG00000112699|GMDS,1842,1733,1030,1389
ENSG00000112685|EXOC2,3440,4383,3173,3714
ENSG00000137265|IRF4,5,0,11,9
ENSG00000145945|FAM50B,267,270,126,128
ENSG00000124802|EEF1E1,3383,3228,2482,3159
ENSG00000188996|HUS1B,0,5,0,11
ENSG00000188428|BLOC1S5,1528,1475,1147,1317
ENSG00000205269|TMEM170B,882,1100,968,1088
ENSG00000265818|EEF1E1-BLOC1S5,0,0,0,0
ENSG00000172179|PRL,0,0,0,0
ENSG00000165097|KDM1B,6005,7510,5492,6658
ENSG00000146109|ABT1,2813,3050,2044,2555
ENSG00000259040|BLOC1S5-TXNDC5,0,0,0,0
ENSG00000112799|LY86,5,15,8,0
ENSG00000153162|BMP6,92,58,52,68
ENSG00000137414|FAM8A1,4052,4951,3171,4276
ENSG00000239264|TXNDC5,17947,18286,14328,17339
ENSG00000181315|ZNF322,2080,2754,2123,2576
ENSG00000260286|ARMH2,2,0,0,0
ENSG00000112273|HDGFL1,0,0,0,0
ENSG00000164379|FOXQ1,761,786,381,573
ENSG00000180537|RNF182,238,196,156,248
ENSG00000124787|RPP40,1179,1220,869,1194
ENSG00000124795|DEK,24310,28049,22549,26904
ENSG00000079689|SCGN,0,0,0,0
ENSG00000079691|CARMIL1,3076,4067,3002,3369
ENSG00000230873|STMND1,96,113,65,123
ENSG00000196787|H2AC11,763,844,595,637
ENSG00000112763|BTN2A1,1860,1900,1324,1791
ENSG00000095951|HIVEP1,2467,3544,2627,3165
ENSG00000198704|GPX6,0,0,0,0
ENSG00000189298|ZKSCAN3,911,1018,759,945
ENSG00000145990|GFOD1,8449,8816,5886,7369
ENSG00000152954|NRSN1,5,0,3,3
ENSG00000008083|JARID2,3270,4165,2472,3103
ENSG00000276180|H4C9,3738,3335,1485,1973
ENSG00000197977|ELOVL2,85,87,74,97
ENSG00000124782|RREB1,8396,10857,6147,7663
ENSG00000204713|TRIM27,637,677,508,679
ENSG00000187626|ZKSCAN4,851,965,711,779
ENSG00000189134|NKAPL,6,0,0,0
ENSG00000232040|ZBED9,516,774,575,698
ENSG00000078401|EDN1,930,926,409,639
ENSG00000224586|GPX5,0,0,0,0
ENSG00000224531|SMIM13,2346,3433,2449,3096
ENSG00000204703|OR2B3,0,0,0,0
ENSG00000204599|TRIM39,273,277,234,244
ENSG00000112183|RBM24,193,237,127,197
ENSG00000185130|H2BC13,34,12,19,31
ENSG00000124783|SSR1,12153,13522,9835,12758
ENSG00000137273|FOXF2,39,39,50,29
ENSG00000187987|ZSCAN23,116,316,235,201
ENSG00000124766|SOX4,6506,6528,4823,5988
ENSG00000145996|CDKAL1,2294,2590,1908,2231
ENSG00000146038|DCDC2,8836,11128,7051,8765
ENSG00000196747|H2AC13,179,239,121,108
ENSG00000172201|ID4,9720,11133,7291,8444
ENSG00000206503|HLA-A,198,215,162,186
ENSG00000248167|TRIM39-RPP21,0,79,0,60
ENSG00000112242|E2F3,5620,7168,5707,6932
ENSG00000137177|KIF13A,12162,16283,10140,12595
ENSG00000153157|SYCP2L,51,34,39,40
ENSG00000137364|TPMT,6396,7023,5708,6845
ENSG00000112812|PRSS16,569,596,445,546
ENSG00000164304|CAGE1,47,57,53,45
ENSG00000145949|MYLK4,52,53,72,46
ENSG00000161904|LEMD2,5857,5537,3655,4532
ENSG00000054598|FOXC1,2414,2553,1899,2229
ENSG00000282804,0,0,0,0
ENSG00000278828|H3C10,955,741,448,484
ENSG00000137168|PPIL1,5987,6034,4211,5386
ENSG00000244476|ERVFRD-1,2,2,5,4
ENSG00000187566|NHLRC1,41,21,22,39
ENSG00000153046|CDYL,4376,4586,3105,4151
ENSG00000124615|MOCS1,1299,1199,1029,1317
ENSG00000124602|UNC5CL,136,193,104,108
ENSG00000112212|TSPO2,0,11,3,0
ENSG00000124493|GRM4,72,46,27,35
ENSG00000172197|MBOAT1,5596,5508,3396,3906
ENSG00000007944|MYLIP,2037,1956,1298,1615
ENSG00000234127|TRIM26,369,337,273,384
ENSG00000156639|ZFAND3,7540,7861,4966,6271
ENSG00000168477|TNXB,34,30,24,21
ENSG00000065060|UHRF1BP1,4231,5844,4345,5623
ENSG00000124721|DNAH8,11,22,8,14
ENSG00000186577|SMIM29,599,541,278,472
ENSG00000124784|RIOK1,3882,3958,3043,3613
ENSG00000124772|CPNE5,20,14,17,15
ENSG00000164530|PI16,39,60,28,47
ENSG00000112164|GLP1R,0,0,0,0
ENSG00000112186|CAP2,1426,1490,1199,1352
ENSG00000096433|ITPR3,4836,5490,4745,5358
ENSG00000111859|NEDD9,2895,3286,2379,2595
ENSG00000096063|SRPK1,9476,11201,9069,11040
ENSG00000198502|HLA-DRB5,0,0,0,0
ENSG00000124574|ABCC10,2163,1977,1460,1755
ENSG00000112053|SLC26A8,0,5,13,0
ENSG00000270800|RPS10-NUDT3,1832,3350,2877,8323
ENSG00000255587|RAB44,3,0,0,0
ENSG00000112078|KCTD20,3993,4770,3716,4774
ENSG00000179344|HLA-DQB1,0,0,0,0
ENSG00000096395|MLN,0,0,3,0
ENSG00000171467|ZNF318,2040,2871,2314,2915
ENSG00000137288|UQCC2,3238,2913,2268,2737
ENSG00000272442,0,0,14,13
ENSG00000146122|DAAM2,848,1056,961,984
ENSG00000196284|SUPT3H,694,576,382,510
ENSG00000146085|MMUT,5217,5654,3991,4872
ENSG00000065308|TRAM2,8301,10472,7109,8675
ENSG00000112079|STK38,5138,5885,4574,5828
ENSG00000172738|TMEM217,188,176,191,184
ENSG00000183826|BTBD9,2191,2432,1519,1924
ENSG00000170950|PGK2,0,0,0,0
ENSG00000112149|CD83,827,883,966,1073
ENSG00000196126|HLA-DRB1,0,0,0,0
ENSG00000137392|CLPS,0,0,0,0
ENSG00000065491|TBC1D22B,1840,2089,1539,1878
ENSG00000012660|ELOVL5,7905,9723,8228,10616
ENSG00000164626|KCNK5,1120,1173,938,1039
ENSG00000146221|TCTE1,9,16,10,0
ENSG00000137309|HMGA1,12581,11392,8296,10108
ENSG00000286105,0,0,26,5
ENSG00000112130|RNF8,1945,2149,1583,1949
ENSG00000031691|CENPQ,1352,1631,1439,1762
ENSG00000124813|RUNX2,325,363,366,440
ENSG00000161896|IP6K3,27,14,0,0
ENSG00000196748|CLPSL2,10,18,5,27
ENSG00000146243|IRAK1BP1,2618,3001,1512,2073
ENSG00000112624|BICRAL,2165,3090,2015,2482
ENSG00000124678|TCP11,0,2,0,0
ENSG00000188056|TREML4,0,0,0,0
ENSG00000030110|BAK1,3645,3185,2364,2737
ENSG00000112309|B3GAT2,197,114,182,151
ENSG00000112167|SAYSD1,978,977,701,864
ENSG00000171462|DLK2,158,160,115,141
ENSG00000096401|CDC5L,6561,7882,6176,7642
ENSG00000161911|TREML1,19,8,4,11
ENSG00000137221|TJAP1,4078,3935,3017,3696
ENSG00000124490|CRISP2,0,0,0,0
ENSG00000170927|PKHD1,68,57,49,61
ENSG00000146166|LGSN,567,632,456,503
ENSG00000112759|SLC29A1,1614,1541,1454,1903
ENSG00000154079|SDHAF4,1273,1165,846,1019
ENSG00000079841|RIMS1,2401,4749,2684,3036
ENSG00000146147|MLIP,48,22,8,23
ENSG00000146247|PHIP,18572,24647,19683,25207
ENSG00000157593|SLC35B2,5211,4484,2813,3583
ENSG00000065615|CYB5R4,1559,1812,1461,1683
ENSG00000065833|ME1,5535,6224,4683,5387
ENSG00000146143|PRIM2,7519,7977,6166,7292
ENSG00000124664|SPDEF,5,12,0,0
ENSG00000156564|LRFN2,0,0,0,0
ENSG00000184486|POU3F2,8,7,18,6
ENSG00000204140|CLPSL1,0,0,7,0
ENSG00000203877|RIPPLY2,0,0,0,0
ENSG00000146192|FGD2,15,35,22,17
ENSG00000137193|PIM1,1029,1164,702,1003
ENSG00000083099|LYRM2,7429,7949,5604,6737
ENSG00000135324|MRAP2,8,4,9,4
ENSG00000013375|PGM3,5421,6212,4518,5532
ENSG00000112200|ZNF451,10217,13771,11282,14945
ENSG00000124614|RPS10,43878,38523,24670,27132
ENSG00000057657|PRDM1,17,39,34,13
ENSG00000272325|NUDT3,10173,11224,7389,8665
ENSG00000170915|PAQR8,604,665,621,697
ENSG00000203972|GLYATL3,0,0,3,0
ENSG00000156535|CD109,4677,7296,5232,7164
ENSG00000135315|CEP162,1879,2580,2005,2580
ENSG00000249481|SPATS1,22,18,0,7
ENSG00000164627|KIF6,272,270,186,190
ENSG00000124507|PACSIN1,274,315,351,394
ENSG00000112081|SRSF3,39251,40884,28073,35735
ENSG00000272514|CFAP206,570,619,393,501
ENSG00000118407|FILIP1,2356,3049,1866,2121
ENSG00000112218|GPR63,516,631,558,688
ENSG00000096092|TMEM14A,3413,3443,2758,3330
ENSG00000124731|TREM1,0,0,0,0
ENSG00000112182|BACH2,592,705,590,843
ENSG00000146233|CYP39A1,401,438,304,370
ENSG00000281613,0,0,0,0
ENSG00000112159|MDN1,11496,19589,14765,17638
ENSG00000005700|IBTK,2144,3099,2391,2808
ENSG00000124608|AARS2,2661,2827,1920,2265
ENSG00000013392|RWDD2A,502,504,386,472
ENSG00000025796|SEC63,15408,19296,13152,16871
ENSG00000080546|SESN1,1278,1581,1164,1637
ENSG00000065609|SNAP91,5,9,3,8
ENSG00000188994|ZNF292,4770,7727,5846,7308
ENSG00000272398|CD24,112189,120144,76115,95087
ENSG00000196911|KPNA5,1548,1824,1382,1823
ENSG00000135535|CD164,29572,33489,24661,31464
ENSG00000111850|SMIM8,1058,1086,705,871
ENSG00000111860|CEP85L,300,451,266,387
ENSG00000112796|ENPP5,1071,1125,917,1149
ENSG00000244067|GSTA2,140,193,113,131
ENSG00000112077|RHAG,0,0,0,0
ENSG00000152034|MCHR2,3,0,0,0
ENSG00000135341|MAP3K7,14722,17936,14216,18132
ENSG00000197261|C6orf141,0,0,0,3
ENSG00000135338|LCA5,570,899,731,892
ENSG00000096384|HSP90AB1,130299,135724,92064,114598
ENSG00000173214|MFSD4B,4093,4275,3320,4186
ENSG00000187189|TSPYL4,3431,3904,2835,3550
ENSG00000187871|GFRAL,0,0,4,0
ENSG00000137269|LRRC1,4153,4621,3195,3999
ENSG00000008196|TFAP2B,0,0,0,0
ENSG00000082293|COL19A1,18,22,9,16
ENSG00000111912|NCOA7,3578,5056,3735,5246
ENSG00000130349|MTRES1,1720,1724,1194,1456
ENSG00000262179|MYMX,0,0,0,0
ENSG00000146250|PRSS35,621,736,500,512
ENSG00000146352|CLVS2,3,0,0,0
ENSG00000282218,0,0,0,0
ENSG00000146232|NFKBIE,432,350,302,438
ENSG00000186439|TRDN,5,0,0,0
ENSG00000112305|SMAP1,6100,6312,4352,5401
ENSG00000118402|ELOVL4,1893,2192,1605,2071
ENSG00000170162|VGLL2,32,19,9,24
ENSG00000001084|GCLC,5350,6381,4709,6204
ENSG00000197753|LHFPL5,194,275,302,280
ENSG00000009413|REV3L,16936,29009,17608,21285
ENSG00000152661|GJA1,24441,28921,16265,20371
ENSG00000079950|STX7,4711,5382,4090,5178
ENSG00000146410|MTFR2,1212,1334,1027,1143
ENSG00000001561|ENPP4,1933,2354,1960,2637
ENSG00000153989|NUS1,10920,13439,9868,12565
ENSG00000112701|SENP6,12777,16240,11330,14152
ENSG00000124496|TRERF1,2634,3263,2331,2683
ENSG00000198087|CD2AP,11906,17092,12000,14860
ENSG00000112234|FBXL4,2032,2504,1689,2238
ENSG00000198833|UBE2J1,6679,8087,5938,7051
ENSG00000118690|ARMC2,243,311,174,246
ENSG00000146285|SCML4,0,0,0,0
ENSG00000178033|CALHM5,0,20,6,5
ENSG00000064999|ANKS1A,7607,8862,5940,7082
ENSG00000085382|HACE1,1370,1699,1385,1764
ENSG00000112773|TENT5A,917,1202,1003,1241
ENSG00000112276|BVES,497,552,382,476
ENSG00000285446,0,0,0,0
ENSG00000203778|FAM229B,1138,1120,781,1053
ENSG00000214338|SOGA3,4,19,9,18
ENSG00000111879|FAM184A,66,73,83,107
ENSG00000009844|VTA1,15925,17741,13431,16611
ENSG00000178425|NT5DC1,6511,6857,4977,6365
ENSG00000111907|TPD52L1,8755,9117,6279,7834
ENSG00000178233|TMEM151B,49,43,46,25
ENSG00000153292|ADGRF1,6993,8016,4818,6934
ENSG00000066651|TRMT11,2461,2787,2287,2831
ENSG00000124780|KCNK17,0,0,0,0
ENSG00000093134|VNN3,14,12,7,12
ENSG00000124749|COL21A1,1652,1732,1080,1579
ENSG00000137413|TAF8,2889,3114,2259,2771
ENSG00000112339|HBS1L,9590,10875,8450,10565
ENSG00000187772|LIN28B,3050,4301,3357,4125
ENSG00000164434|FABP7,27,22,13,12
ENSG00000179165|PXT1,0,0,0,6
ENSG00000111911|HINT3,3988,4458,3159,3613
ENSG00000112116|IL17F,0,0,0,0
ENSG00000213204,185,105,62,64
ENSG00000025039|RRAGD,1646,1800,1830,2289
ENSG00000079819|EPB41L2,13072,16191,13712,16700
ENSG00000034693|PEX3,2885,2718,1996,2762
ENSG00000025156|HSF2,2565,2721,2019,2609
ENSG00000137251|TINAG,0,7,0,5
ENSG00000168830|HTR1E,0,0,0,0
ENSG00000112837|TBX18,0,0,0,2
ENSG00000146386|ABRACL,3528,3592,2706,3098
ENSG00000095970|TREM2,0,0,0,0
ENSG00000196591|HDAC2,23462,26770,19828,23712
ENSG00000029363|BCLAF1,25220,35150,25329,30458
ENSG00000112118|MCM3,18021,19880,18305,22805
ENSG00000112299|VNN1,0,0,7,0
ENSG00000112414|ADGRG6,3140,4930,4002,5526
ENSG00000172461|FUT9,753,1178,1303,1805
ENSG00000111906|HDDC2,7273,7007,5055,5961
ENSG00000164485|IL22RA2,27,21,24,13
ENSG00000188580|NKAIN2,36,30,22,19
ENSG00000188820|CALHM6,0,0,0,6
ENSG00000203756|TMEM244,0,0,0,0
ENSG00000112175|BMP5,817,858,646,819
ENSG00000168143|FAM83B,6876,9278,7008,9244
ENSG00000124562|SNRPC,8176,7526,5205,6319
ENSG00000118508|RAB32,3128,2798,2211,2620
ENSG00000123500|COL10A1,11,8,11,15
ENSG00000056972|TRAF3IP2,5238,5828,3239,4163
ENSG00000079931|MOXD1,1552,1755,1359,1722
ENSG00000112249|ASCC3,9141,14707,10321,12968
ENSG00000198729|PPP1R14C,503,501,405,430
ENSG00000188107|EYS,39,15,10,18
ENSG00000251258|RFPL4B,0,0,0,3
ENSG00000096093|EFHC1,2583,2748,2359,2695
ENSG00000112282|MED23,4661,6005,4332,5857
ENSG00000112335|SNX3,16222,15879,11830,14669
ENSG00000146350|TBC1D32,1041,1235,927,1160
ENSG00000146383|TAAR6,0,0,0,0
ENSG00000198225|FKBP1C,1572,1532,1067,1397
ENSG00000198523|PLN,6,3,2,0
ENSG00000135549|PKIB,197,181,136,185
ENSG00000111885|MAN1A1,7987,10529,6736,8026
ENSG00000111961|SASH1,5285,7050,4919,6185
ENSG00000047932|GOPC,4576,6247,4466,5527
ENSG00000155111|CDK19,3347,4593,2817,3319
ENSG00000168216|LMBRD1,4080,4336,3010,3951
ENSG00000277443|MARCKS,37211,42885,24631,29988
ENSG00000172594|SMPDL3A,515,518,418,560
ENSG00000112406|HECA,2998,3853,3104,4238
ENSG00000055208|TAB2,10018,12621,8949,11170
ENSG00000173626|TRAPPC3L,0,6,3,0
ENSG00000111834|RSPH4A,40,60,55,48
ENSG00000146409|SLC18B1,4919,5352,4085,5223
ENSG00000146281|PM20D2,5046,6834,6075,7177
ENSG00000164451|CALHM4,0,0,0,0
ENSG00000146072|TNFRSF21,5748,6151,4552,5826
ENSG00000118514|ALDH8A1,11,22,15,19
ENSG00000135604|STX11,62,39,56,100
ENSG00000111880|RNGTT,4017,5227,3780,4704
ENSG00000119900|OGFRL1,1968,2476,2233,2891
ENSG00000135569|TAAR5,0,0,0,0
ENSG00000196586|MYO6,10251,13821,10216,13157
ENSG00000112419|PHACTR2,9883,13657,11275,14208
ENSG00000071242|RPS6KA2,3241,3736,2475,3117
ENSG00000135547|HEY2,2924,2905,1830,2308
ENSG00000124596|OARD1,3290,3721,2512,3171
ENSG00000285976,17453,1644,16941,21398
ENSG00000120278|PLEKHG1,7492,9754,5817,7100
ENSG00000146378|TAAR2,0,0,0,0
ENSG00000123545|NDUFAF4,3111,2930,1848,2337
ENSG00000189007|ADAT2,1546,1705,1429,1617
ENSG00000132429|POPDC3,1163,1240,935,1272
ENSG00000112195|TREML2,0,0,10,0
ENSG00000111817|DSE,849,1186,990,1088
ENSG00000135299|ANKRD6,1662,1903,1440,1635
ENSG00000050393|MCUR1,3865,4606,3613,4711
ENSG00000164494|PDSS2,1704,1649,1013,1380
ENSG00000124743|KLHL31,218,181,173,171
ENSG00000135540|NHSL1,8088,10566,6301,7458
ENSG00000215712|TMEM242,1230,1309,902,1143
ENSG00000285733,37,62,26,52
ENSG00000196735|HLA-DQA1,0,0,0,0
ENSG00000112115|IL17A,0,0,0,0
ENSG00000057663|ATG5,5468,5718,3881,4873
ENSG00000111832|RWDD1,4577,4404,3055,3952
ENSG00000185250|PPIL6,300,370,219,263
ENSG00000185345|PRKN,147,188,113,124
ENSG00000010818|HIVEP2,5630,8752,6195,7513
ENSG00000203872|C6orf163,192,174,104,178
ENSG00000112378|PERP,24317,25325,17430,22844
ENSG00000111962|UST,2174,2612,1537,1988
ENSG00000146276|GABRR1,0,0,7,0
ENSG00000131019|ULBP3,1869,2126,1811,2118
ENSG00000164414|SLC35A1,3800,4432,3340,3873
ENSG00000051620|HEBP2,7822,7618,5082,5917
ENSG00000131016|AKAP12,58316,86662,63740,74941
ENSG00000155918|RAET1L,40,38,28,52
ENSG00000112742|TTK,9091,11182,7215,9044
ENSG00000049618|ARID1B,9696,12594,7402,9235
ENSG00000189367|KIAA0408,2,37,11,39
ENSG00000135587|SMPD2,1088,999,697,875
ENSG00000112306|RPS12,85921,72662,52347,66709
ENSG00000164411|GJB7,218,272,119,138
ENSG00000177688|SUMO4,18,13,3,11
ENSG00000153721|CNKSR3,2268,2673,1892,2167
ENSG00000118689|FOXO3,10175,13424,9378,11804
ENSG00000168438|CDC40,5191,6623,4881,6281
ENSG00000169976|SF3B5,8963,7948,5531,6841
ENSG00000146425|DYNLT1,6864,6786,4556,5882
ENSG00000112038|OPRM1,14,16,19,13
ENSG00000112769|LAMA4,397,488,278,372
ENSG00000235272|RAMACL,878,909,617,797
ENSG00000178199|ZC3H12D,7,3,13,18
ENSG00000255330,89,104,98,91
ENSG00000111816|FRK,3220,4519,3289,4000
ENSG00000146469|VIP,0,0,0,0
ENSG00000146282|RARS2,7404,7644,5460,6893
ENSG00000081087|OSTM1,2634,3134,2586,3284
ENSG00000111886|GABRR2,51,48,36,25
ENSG00000198719|DLL1,79,68,93,107
ENSG00000186231|KLHL32,89,63,40,49
ENSG00000135596|MICAL1,1681,1460,1324,1420
ENSG00000085511|MAP3K4,2038,2510,1689,2144
ENSG00000083123|BCKDHB,2650,2758,1924,2214
ENSG00000118495|PLAGL1,1457,1720,2063,2324
ENSG00000164483|SAMD3,0,0,3,0
ENSG00000112531|QKI,8155,10858,7455,9192
ENSG00000153975|ZUP1,1853,2153,1838,2156
ENSG00000112706|IMPG1,42,57,48,33
ENSG00000112031|MTRF1L,3901,4311,3181,3746
ENSG00000146278|PNRC1,7859,7618,5709,6792
ENSG00000164440|TXLNB,50,88,35,59
ENSG00000152822|GRM1,1540,1871,1051,1054
ENSG00000146374|RSPO3,0,0,8,3
ENSG00000198478|SH3BGRL2,4178,5064,3835,4648
ENSG00000112379|ARFGEF3,891,1403,1018,1454
ENSG00000001036|FUCA2,8304,8209,6043,7642
ENSG00000119899|SLC17A5,2987,3342,2275,2671
ENSG00000280148,0,0,0,0
ENSG00000146477|SLC22A3,0,0,0,0
ENSG00000237110|TAAR9,0,0,0,0
ENSG00000112290|WASF1,6685,7415,6167,7410
ENSG00000112029|FBXO5,2559,3004,2153,2622
ENSG00000131013|PPIL4,2837,3682,2960,3314
ENSG00000130023|ERMARD,733,780,538,641
ENSG00000118503|TNFAIP3,4129,5075,4170,4846
ENSG00000118491|ZC2HC1B,0,0,0,0
ENSG00000055211|GINM1,3463,3597,2396,3245
ENSG00000203727|SAMD5,5913,7688,5327,6651
ENSG00000118520|ARG1,12,8,12,12
ENSG00000008018|PSMB1,16367,15708,10837,13385
ENSG00000146411|SLC2A12,25962,31545,15177,20271
ENSG00000111897|SERINC1,18632,23223,17104,22173
ENSG00000111981|ULBP1,348,327,329,432
ENSG00000146376|ARHGAP18,1419,1684,1355,1686
ENSG00000112320|SOBP,878,938,718,892
ENSG00000026652|AGPAT4,1683,1990,1430,1937
ENSG00000184465|WDR27,2482,2773,2440,2597
ENSG00000122335|SERAC1,1125,1435,967,1288
ENSG00000112499|SLC22A2,0,0,0,0
ENSG00000175048|ZDHHC14,170,162,144,166
ENSG00000203733|GJE1,0,0,0,0
ENSG00000288520,0,0,0,0
ENSG00000184530|C6orf58,16,18,9,25
ENSG00000112761|CCN6,0,3,2,0
ENSG00000171408|PDE7B,356,434,320,363
ENSG00000185127|C6orf120,3051,3481,2276,2881
ENSG00000154548|SRSF12,649,725,686,865
ENSG00000130338|TULP4,4157,5577,3871,4983
ENSG00000152818|UTRN,9162,14586,8680,10184
ENSG00000130024|PHF10,4730,5289,4329,5666
ENSG00000146416|AIG1,5251,5196,4055,4913
ENSG00000186625|KATNA1,1653,1983,1298,1644
ENSG00000118418|HMGN3,19217,19145,13348,16147
ENSG00000112530|PACRG,66,90,33,43
ENSG00000074935|TUBE1,1649,1686,1282,1535
ENSG00000146385|TAAR8,0,0,0,0
ENSG00000272047|GTF2H5,2356,2127,1593,1862
ENSG00000135521|LTV1,7296,7851,6059,7083
ENSG00000146414|SHPRH,2182,3089,2540,3049
ENSG00000164694|FNDC1,18,23,31,37
ENSG00000135537|AFG1L,779,919,667,788
ENSG00000184786|DYNLT2,200,140,132,146
ENSG00000118420|UBE3D,832,661,555,794
ENSG00000257065,38,51,47,4
ENSG00000112303|VNN2,18,27,32,49
ENSG00000071994|PDCD2,9477,9012,6396,7902
ENSG00000074706|IPCEF1,59,75,102,120
ENSG00000196821|ILRUN,11657,12392,9275,11470
ENSG00000112208|BAG2,3768,4016,3586,4227
ENSG00000064995|TAF11,4755,4633,3203,4257
ENSG00000198945|L3MBTL3,2199,2599,1736,2064
ENSG00000112394|SLC16A10,273,293,196,308
ENSG00000177468|OLIG3,28,50,9,22
ENSG00000124767|GLO1,27432,28797,21163,26657
ENSG00000112210|RAB23,4425,5671,4197,5220
ENSG00000131023|LATS1,4479,6524,5155,6732
ENSG00000091844|RGS17,160,233,172,151
ENSG00000164488|DACT2,2349,1961,1010,1191
ENSG00000196376|SLC35F1,9,7,6,5
ENSG00000112592|TBP,2414,2642,1918,2342
ENSG00000164506|STXBP5,3628,5468,4366,5240
ENSG00000164442|CITED2,12934,12534,9788,13608
ENSG00000010810|FYN,3981,4203,2703,3566
ENSG00000154269|ENPP3,128,163,100,103
ENSG00000135355|GJA10,0,0,0,0
ENSG00000118412|CASP8AP2,1656,2757,2687,3250
ENSG00000118496|FBXO30,1323,1891,1453,1806
ENSG00000028839|TBPL1,7945,8247,5713,6593
ENSG00000288529,1,1,1,1
ENSG00000118526|TCF21,7,0,0,0
ENSG00000174156|GSTA3,0,0,0,0
ENSG00000170899|GSTA4,851,851,718,915
ENSG00000288614,1,1,1,1
ENSG00000137270|GCM1,7,10,7,0
ENSG00000124657|OR2B6,59,52,26,27
ENSG00000213066|CEP43,2352,2549,1930,2231
ENSG00000166984|TCP10L2,0,0,0,0
ENSG00000112494|UNC93A,0,3,0,0
ENSG00000120440|TTLL2,5,0,6,3
ENSG00000124762|CDKN1A,692,627,462,594
ENSG00000027697|IFNGR1,7670,8061,5424,7020
ENSG00000135312|HTR1B,5,12,10,6
ENSG00000219607|PPP1R3G,127,78,74,77
ENSG00000112562|SMOC2,230,219,253,225
ENSG00000111913|RIPOR2,36,60,40,55
ENSG00000197903|H2BC12,13349,12260,5392,6641
ENSG00000164465|DCBLD1,783,948,844,909
ENSG00000118482|PHF3,19113,28337,21445,26729
ENSG00000146242|TPBG,2215,2270,1695,2182
ENSG00000112333|NR2E1,70,90,97,112
ENSG00000189241|TSPYL1,13319,14086,10551,12199
ENSG00000273703|H2BC14,5,13,8,6
ENSG00000273542|H4C12,139,95,87,93
ENSG00000112246|SIM1,12625,19841,12298,14238
ENSG00000124789|NUP153,10022,13421,10262,13004
ENSG00000120436|GPR31,0,0,0,2
ENSG00000198670|LPA,0,0,0,0
ENSG00000145982|FARS2,897,861,637,724
ENSG00000112365|ZBTB24,2835,3278,2668,3341
ENSG00000124635|H2BC11,996,779,564,616
ENSG00000276368|H2AC14,29,24,22,25
ENSG00000112238|PRDM13,187,182,190,177
ENSG00000197238|H4C11,82,90,69,65
ENSG00000047579|DTNBP1,1325,1361,831,1094
ENSG00000274997|H2AC12,19,17,3,18
ENSG00000146047|H2BC1,0,0,0,0
ENSG00000164508|H2AC1,0,0,0,0
ENSG00000008197|TFAP2D,0,0,0,0
ENSG00000137393|RNF144B,4353,5361,3915,4735
ENSG00000168994|PXDC1,6614,6031,4020,4856
ENSG00000009765|IYD,7,6,9,12
ENSG00000004809|SLC22A16,14,7,6,5
ENSG00000203797|DDO,0,8,6,0
ENSG00000124535|WRNIP1,5347,5388,4127,4937
ENSG00000021355|SERPINB1,2331,2588,1743,2421
ENSG00000170542|SERPINB9,104,110,133,195
ENSG00000124570|SERPINB6,6840,6780,5610,6843
ENSG00000137274|BPHL,1382,1356,1021,1093
ENSG00000146049|KAAG1,99,101,50,73
ENSG00000112293|GPLD1,365,334,315,343
ENSG00000112294|ALDH5A1,2427,2786,2198,2754
ENSG00000111802|TDP2,3824,3759,2739,3317
ENSG00000112304|ACOT13,2269,2369,1566,1835
ENSG00000145979|TBC1D7,3254,2955,2173,2692
ENSG00000112425|EPM2A,1232,1343,992,1222
ENSG00000112367|FIG4,3675,4088,2901,3891
ENSG00000137198|GMPR,153,148,127,163
ENSG00000237988|OR2I1P,0,0,0,0
ENSG00000213886|UBD,0,0,0,0
ENSG00000204681|GABBR1,201,203,150,174
ENSG00000204655|MOG,0,0,0,0
ENSG00000204642|HLA-F,0,0,0,0
ENSG00000111845|PAK1IP1,2153,1932,1389,1681
ENSG00000111843|TMEM14C,3419,3099,2431,3014
ENSG00000137210|TMEM14B,7726,7284,5228,6981
ENSG00000272162,0,0,0,0
ENSG00000111837|MAK,75,70,62,48
ENSG00000124827|GCM2,0,0,3,0
ENSG00000204644|ZFP57,0,0,0,0
ENSG00000112096|SOD2,8077,9899,6735,8734
ENSG00000146457|WTAP,7353,7653,6041,7206
ENSG00000120437|ACAT2,5774,5922,4599,5692
ENSG00000120438|TCP1,27337,28277,21731,27244
ENSG00000112110|MRPL18,5698,5394,4023,4843
ENSG00000146453|PNLDC1,0,9,0,0
ENSG00000146223|RPL7L1,20491,21919,16382,20875
ENSG00000221821|C6orf226,131,135,85,91
ENSG00000171611|PTCRA,0,0,0,0
ENSG00000137161|CNPY3,2873,2449,1957,2257
ENSG00000124713|GNMT,6,21,18,22
ENSG00000124587|PEX6,2450,2098,1630,1929
ENSG00000112640|PPP2R5D,4005,3937,2973,3606
ENSG00000124733|MEA1,7883,7245,5489,6749
ENSG00000124702|KLHDC3,17542,15955,11772,14850
ENSG00000124541|RRP36,5148,5086,3494,4314
ENSG00000137171|KLC4,1507,1389,1000,1265
ENSG00000112651|MRPL2,2653,2419,1601,1974
ENSG00000112655|PTK7,9928,9692,7040,9002
ENSG00000112658|SRF,7696,8057,5130,6476
ENSG00000112659|CUL9,2944,3109,2395,2794
ENSG00000112667|DNPH1,944,756,479,630
ENSG00000146216|TTBK1,52,53,42,31
ENSG00000243501,16,2,8,8
ENSG00000256980|KHDC1L,13,6,14,1
ENSG00000135314|KHDC1,1102,1213,998,1153
ENSG00000203909|DPPA5,0,0,0,0
ENSG00000203908|KHDC3L,0,0,0,0
ENSG00000080007|DDX43,0,0,0,8
ENSG00000112232|KHDRBS2,90,119,80,135
ENSG00000188112|C6orf132,9596,9443,7252,9316
ENSG00000112599|GUCA1B,92,72,66,33
ENSG00000048544|MRPS10,6366,6739,4831,6106
ENSG00000112297|CRYBG1,1681,2198,1649,2011
ENSG00000130347|RTN4IP1,1562,1373,902,1210
ENSG00000130348|QRSL1,3650,3577,2658,2918
ENSG00000123505|AMD1,21268,25399,19189,22537
ENSG00000155115|GTF3C6,6698,6388,4807,5812
ENSG00000197498|RPF2,9001,9437,7397,9020
ENSG00000029639|TFB1M,729,727,508,671
ENSG00000171217|CLDN20,14,6,7,4
ENSG00000074771|NOX3,0,0,0,0
ENSG00000213780|GTF2H4,259,182,216,177
ENSG00000196260|SFTA2,0,3,0,1
ENSG00000168631|MUCL3,1,2,0,2
ENSG00000204544|MUC21,0,0,0,0
ENSG00000261272|MUC22,0,0,0,0
ENSG00000204542|C6orf15,2,2,0,0
ENSG00000204540|PSORS1C1,87,84,63,78
ENSG00000204539|CDSN,3,0,4,11
ENSG00000204538|PSORS1C2,0,0,2,0
ENSG00000204536|CCHCR1,713,535,464,637
ENSG00000137310|TCF19,535,575,377,521
ENSG00000204531|POU5F1,30,20,36,46
ENSG00000137411|VARS2,332,120,90,81
ENSG00000176381|PRR18,10,2,10,0
ENSG00000198818|SFT2D1,3216,3092,2546,2949
ENSG00000060762|MPC1,1631,1507,1145,1407
ENSG00000164458|TBXT,0,0,0,0
ENSG00000157343|ARMC12,44,54,46,51
ENSG00000198663|C6orf89,17904,20921,14343,18313
ENSG00000124532|MRS2,5998,6441,4985,5990
ENSG00000178409|BEND3,3107,3634,2544,3213
ENSG00000085377|PREP,7216,7217,5051,6130
ENSG00000213079|SCAF8,9488,12302,8817,11028
ENSG00000112144|CILK1,2984,4053,2182,3102
ENSG00000091831|ESR1,7,10,22,19
ENSG00000203760|CENPW,2688,2437,2046,2337
ENSG00000095981|KCNK16,0,0,0,0
ENSG00000164484|TMEM200A,48,68,44,39
ENSG00000135597|REPS1,7928,8755,5906,7576
ENSG00000137185|ZSCAN9,1252,1381,971,1054
ENSG00000112584|FAM120B,2727,3188,2168,2669
ENSG00000096060|FKBP5,2374,2987,2988,3829
ENSG00000196569|LAMA2,531,678,549,622
ENSG00000241370|RPP21,234,165,166,199
ENSG00000146151|HMGCLL1,732,848,782,952
ENSG00000111863|ADTRP,8,25,0,0
ENSG00000135346|CGA,0,0,0,0
ENSG00000122194|PLG,0,0,0,0
ENSG00000262543|SMIM28,0,0,0,0
ENSG00000214113|LYRM4,2593,2398,1730,2018
ENSG00000124785|NRN1,775,927,681,865
ENSG00000124491|F13A1,0,1,0,0
ENSG00000288564,0,0,0,0
ENSG00000276302,10,11,4,10
ENSG00000024862|CCDC28A,1792,1805,1341,1684
ENSG00000092820|EZR,106784,116912,66555,82270
ENSG00000172673|THEMIS,0,0,0,4
ENSG00000243955|GSTA1,55,82,48,66
ENSG00000182793|GSTA5,53,28,21,63
ENSG00000096264|NCR2,0,0,0,0
ENSG00000112486|CCR6,0,0,0,0
ENSG00000146039|SLC17A4,0,6,0,0
ENSG00000124568|SLC17A1,0,0,0,0
ENSG00000124564|SLC17A3,0,0,0,0
ENSG00000112343|TRIM38,2797,3201,2470,2863
ENSG00000124610|H1-1,0,5,0,0
ENSG00000275714|H3C1,28,48,29,36
ENSG00000278637|H4C1,8,13,13,4
ENSG00000286522|H3C2,84,68,94,70
ENSG00000278463|H2AC4,29,12,10,11
ENSG00000276410|H2BC3,2,3,3,7
ENSG00000287080|H3C3,0,0,0,3
ENSG00000187837|H1-2,12773,11186,4982,6612
ENSG00000187475|H1-6,45,56,20,43
ENSG00000180596|H2BC4,4159,4493,2303,2586
ENSG00000168298|H1-4,434,570,212,240
ENSG00000158373|H2BC5,2432,2814,1507,1922
ENSG00000274290|H2BC6,630,720,314,491
ENSG00000277157|H4C4,84,91,31,37
ENSG00000204516|MICB,33,38,39,69
ENSG00000204511|MCCD1,1,0,2,0
ENSG00000198563|DDX39B,6635,6093,4881,4828
ENSG00000254870|ATP6V1G2-DDX39B,927,1254,379,1454
ENSG00000204498|NFKBIL1,307,261,204,276
ENSG00000226979|LTA,0,0,0,0
ENSG00000232810|TNF,3,2,1,0
ENSG00000227507|LTB,0,0,2,0
ENSG00000204482|LST1,1,0,3,4
ENSG00000204475|NCR3,0,2,0,0
ENSG00000204472|AIF1,0,0,0,1
ENSG00000204444|APOM,81,71,43,46
ENSG00000204439|C6orf47,751,734,536,614
ENSG00000204438|GPANK1,431,473,381,402
ENSG00000263020,170,188,117,154
ENSG00000240053|LY6G5B,301,226,197,213
ENSG00000204428|LY6G5C,26,32,17,24
ENSG00000204427|ABHD16A,225,100,153,176
ENSG00000204422,0,73,0,0
ENSG00000204424|LY6G6F,0,0,0,0
ENSG00000250641|LY6G6F-LY6G6D,0,0,0,0
ENSG00000255552|LY6G6E,3,0,0,3
ENSG00000244355|LY6G6D,0,0,0,0
ENSG00000204421|LY6G6C,3,3,2,2
ENSG00000213719|CLIC1,669,664,484,564
ENSG00000204410|MSH5,268,217,197,187
ENSG00000255152|MSH5-SAPCD1,142,139,88,116
ENSG00000228727|SAPCD1,21,13,19,19
ENSG00000204396|VWA7,193,255,138,175
ENSG00000204463|BAG6,11058,10970,7411,9612
ENSG00000213722|DDAH2,1385,1172,964,1099
ENSG00000024048|UBR2,3211,4621,2862,3692
ENSG00000112619|PRPH2,3,12,11,7
ENSG00000124659|TBCC,2585,2336,1831,2089
ENSG00000197442|MAP3K5,1687,2152,1353,1818
ENSG00000112357|PEX7,1318,1361,861,1005
ENSG00000182747|SLC35D3,24,14,9,8
ENSG00000242574|HLA-DMB,2,2,2,3
ENSG00000248993,0,0,0,0
ENSG00000204257|HLA-DMA,40,60,47,38
ENSG00000204256|BRD2,6822,7199,4823,6018
ENSG00000180992|MRPL14,2970,2703,2124,2692
ENSG00000137216|TMEM63B,3104,3138,2107,2491
ENSG00000137225|CAPN11,0,0,9,0
ENSG00000204052|LRRC73,36,26,23,25
ENSG00000171453|POLR1C,3626,3568,2668,2860
ENSG00000137207|YIPF3,6898,6373,4146,5139
ENSG00000124571|XPO5,11735,12209,9572,12156
ENSG00000170734|POLH,4096,4316,3332,4065
ENSG00000172432|GTPBP2,4209,4479,3092,4110
ENSG00000124688|MAD2L1BP,2106,1928,1439,1861
ENSG00000172426|RSPH9,81,207,117,149
ENSG00000112715|VEGFA,4801,5000,3609,4683
ENSG00000096088|PGC,113,79,36,56
ENSG00000137218|FRS3,394,435,321,421
ENSG00000124593,1511,886,730,1246
ENSG00000278224|PRICKLE4,11,23,10,13
ENSG00000156508|EEF1A1,940311,946113,651302,836932
ENSG00000204394|VARS1,7593,7159,4633,5999
ENSG00000204392|LSM2,741,687,369,610
ENSG00000204390|HSPA1L,175,181,98,137
ENSG00000204389|HSPA1A,12510,12284,7925,9419
ENSG00000204388|HSPA1B,6473,6269,4237,5167
ENSG00000204371|EHMT2,2152,2004,1319,1677
ENSG00000204366|ZBTB12,396,418,279,332
ENSG00000204435|CSNK2B,5220,4784,3484,4475
ENSG00000130368|MAS1,0,0,3,5
ENSG00000197081|IGF2R,155043,185220,138322,150761
ENSG00000175003|SLC22A1,0,0,0,0
ENSG00000112561|TFEB,139,128,72,135
ENSG00000112539|C6orf118,0,0,0,3
ENSG00000204386|NEU1,2746,2503,2020,2588
ENSG00000288646,1,1,1,1
ENSG00000135316|SYNCRIP,48573,53705,39199,48491
ENSG00000204592|HLA-E,734,702,497,632
ENSG00000204576|PRR3,238,233,139,181
ENSG00000204569|PPP1R10,1177,1238,769,1062
ENSG00000204568|MRPS18B,224,287,178,255
ENSG00000137343|ATAT1,135,126,92,79
ENSG00000204564|C6orf136,29,22,12,24
ENSG00000204560|DHX16,1088,1118,748,999
ENSG00000204574|ABCF1,2037,2132,1525,1706
ENSG00000204525|HLA-C,6261,5536,4195,5553
ENSG00000082269|FAM135A,2283,3492,2513,3022
ENSG00000172348|RCAN2,758,860,878,1105
ENSG00000183137|CEP57L1,1626,2271,1719,2059
ENSG00000124786|SLC35B3,1579,1692,1229,1595
ENSG00000047936|ROS1,10,0,0,0
ENSG00000214736|TOMM6,7030,6755,4423,5512
ENSG00000197935|ZNF311,34,49,32,41
ENSG00000152894|PTPRK,6876,8794,5077,6459
ENSG00000112559|MDFI,126,108,101,123
ENSG00000096006|CRISP3,0,0,0,0
ENSG00000120254|MTHFD1L,6194,6859,4346,5253
ENSG00000096080|MRPS18A,3824,3617,2411,3399
ENSG00000185760|KCNQ5,2438,3011,1712,2270
ENSG00000112146|FBXO9,7625,7854,5740,7296
ENSG00000213760|ATP6V1G2,10,13,13,17
ENSG00000204420|MPIG6B,4,0,0,2
ENSG00000137203|TFAP2A,13855,15417,9696,11971
ENSG00000112782|CLIC5,5237,6161,4180,4816
ENSG00000112137|PHACTR1,365,326,214,296
ENSG00000111846|GCNT2,306,305,215,255
ENSG00000137275|RIPK1,3976,4414,3607,4374
ENSG00000225921|NOL7,7058,6668,5030,5936
ENSG00000010017|RANBP9,4935,5762,4245,5395
ENSG00000130340|SNX9,4900,5357,3900,4756
ENSG00000078269|SYNJ2,1885,2148,1828,2194
ENSG00000112818|MEP1A,0,0,0,0
ENSG00000112062|MAPK14,5106,5304,3815,4838
ENSG00000156711|MAPK13,1187,1226,1015,1270
ENSG00000096070|BRPF3,5791,6592,5492,6645
ENSG00000189325|BNIP5,0,0,0,0
ENSG00000010030|ETV7,72,48,33,25
ENSG00000118492|ADGB,3,3,0,0
ENSG00000137200|CMTR1,4456,4742,3381,4115
ENSG00000198937|CCDC167,1329,1109,827,972
ENSG00000112139|MDGA1,106,91,71,73
ENSG00000124523|SIRT5,2404,2497,1724,2070
ENSG00000180316|PNPLA1,10,0,6,12
ENSG00000237541|HLA-DQA2,0,0,0,0
ENSG00000232629|HLA-DQB2,0,0,0,0
ENSG00000241106|HLA-DOB,28,11,9,12
ENSG00000250264,0,0,0,1
ENSG00000204267|TAP2,493,498,416,489
ENSG00000204264|PSMB8,83,78,70,23
ENSG00000240065|PSMB9,29,17,14,13
ENSG00000164430|CGAS,5,0,32,23
ENSG00000010704|HFE,455,286,188,191
ENSG00000153294|ADGRF4,114,135,120,97
ENSG00000124818|OPN5,0,0,0,0
ENSG00000118513|MYB,416,489,499,592
ENSG00000135541|AHI1,1814,2396,1743,2179
ENSG00000135334|AKIRIN2,10035,10321,6302,7692
ENSG00000118434|SPACA1,0,0,0,0
ENSG00000135336|ORC3,5852,6456,5129,6585
ENSG00000137261|KIAA0319,108,146,126,142
ENSG00000112308|C6orf62,13930,14589,11686,14557
ENSG00000112312|GMNN,3006,3447,2833,3416
ENSG00000182952|HMGN4,6799,7326,5956,7252
ENSG00000233822|H2BC15,525,604,403,422
ENSG00000275221|H2AC15,0,0,0,0
ENSG00000276903|H2AC16,23,48,21,26
ENSG00000184357|H1-5,26,26,18,18
ENSG00000275379|H3C11,1,0,0,0
ENSG00000275126|H4C13,0,0,0,0
ENSG00000197153|H3C12,21,16,17,25
ENSG00000278677|H2AC17,113,138,72,72
ENSG00000274641|H2BC17,62,77,38,27
ENSG00000168131|OR2B2,0,0,0,0
ENSG00000066379|POLR1H,370,318,289,281
ENSG00000204619|PPP1R11,1153,1153,797,1000
ENSG00000204616|TRIM31,5,8,3,5
ENSG00000204614|TRIM40,0,0,0,0
ENSG00000204613|TRIM10,16,16,21,22
ENSG00000204610|TRIM15,26,25,17,19
ENSG00000234745|HLA-B,1796,1503,1679,1787
ENSG00000204385|SLC44A4,7,4,4,5
ENSG00000213676|ATF6B,2168,1963,1313,1545
ENSG00000204315|FKBPL,162,196,132,159
ENSG00000204314|PRRT1,0,0,2,10
ENSG00000285085,8,1,2,1
ENSG00000221988|PPT2,33,19,44,53
ENSG00000258388|PPT2-EGFL8,54,88,55,62
ENSG00000241404|EGFL8,9,2,5,4
ENSG00000204310|AGPAT1,1588,1598,1201,1459
ENSG00000204308|RNF5,607,633,440,599
ENSG00000204305|AGER,144,106,71,86
ENSG00000204304|PBX2,3196,3171,2359,2762
ENSG00000213654|GPSM3,14,10,11,11
ENSG00000204301|NOTCH4,7,10,5,10
ENSG00000204296|TSBP1,0,0,0,0
ENSG00000204290|BTNL2,0,0,0,0
ENSG00000204287|HLA-DRA,13,8,7,8
ENSG00000048545|GUCA1A,0,10,0,4
ENSG00000146112|PPP1R18,206,173,165,196
ENSG00000137337|MDC1,1466,1809,1350,1709
ENSG00000196230|TUBB,7657,7477,6498,7954
ENSG00000137312|FLOT1,1415,1471,917,1133
ENSG00000137331|IER3,427,384,296,407
ENSG00000137285|TUBB2B,9446,9229,8527,10676
ENSG00000180822|PSMG4,1162,1081,845,998
ENSG00000137266|SLC22A23,3154,3301,1837,2292
ENSG00000137267|TUBB2A,5824,5616,4885,5743
ENSG00000287363|GUCA1ANB,0,0,0,0
ENSG00000112541|PDE10A,0,0,5,0
ENSG00000111799|COL12A1,27859,45801,36424,45201
ENSG00000112697|TMEM30A,26252,32858,25230,32070
ENSG00000146197|SCUBE3,977,1275,823,1036
ENSG00000065029|ZNF76,5364,4681,3264,4170
ENSG00000023892|DEF6,541,475,336,404
ENSG00000112033|PPARD,7040,6758,4388,5190
ENSG00000112039|FANCE,1297,1272,1193,1343
ENSG00000198755|RPL10A,71556,62753,44897,56731
ENSG00000007866|TEAD3,3742,3844,2575,3272
ENSG00000112041|TULP1,0,11,10,2
ENSG00000130363|RSPH3,2675,3493,2290,3085
ENSG00000164691|TAGAP,11,0,0,9
ENSG00000146267|FAXC,690,720,727,889
ENSG00000132423|COQ3,2053,2013,1366,1582
ENSG00000132424|PNISR,14714,16416,12990,14885
ENSG00000123552|USP45,1484,1904,1484,1796
ENSG00000279170|TSTD3,1434,1455,1076,1132
ENSG00000112237|CCNC,11857,14108,10563,13023
ENSG00000153291|SLC25A27,454,448,453,464
ENSG00000180113|TDRD6,38,71,63,74
ENSG00000146070|PLA2G7,102,88,68,127
ENSG00000069122|ADGRF5,46,73,36,40
ENSG00000166278|C2,24,26,19,20
ENSG00000244255,0,32,1,12
ENSG00000243649|CFB,176,147,96,124
ENSG00000204356|NELFE,3050,2893,1893,2417
ENSG00000204351|SKIV2L,2388,2311,1785,2040
ENSG00000204348|DXO,382,351,256,322
ENSG00000244731|C4A,31,22,16,27
ENSG00000224389|C4B,23,22,8,14
ENSG00000231852|CYP21A2,0,0,0,0
ENSG00000180573|H2AC6,6262,5697,2631,3393
ENSG00000282988,678,601,313,355
ENSG00000197409|H3C4,2,2,1,2
ENSG00000196866|H2AC7,20,31,10,19
ENSG00000277224|H2BC7,535,419,190,178
ENSG00000276966|H4C5,843,596,444,539
ENSG00000273802|H2BC8,288,209,96,144
ENSG00000277075|H2AC8,220,222,74,96
ENSG00000124575|H1-3,21,43,6,3
ENSG00000274618|H4C6,0,0,0,0
ENSG00000275663|H4C7,0,0,0,2
ENSG00000277775|H3C7,49,30,8,29
ENSG00000275713|H2BC9,902,802,626,622
ENSG00000273983|H3C8,319,365,233,245
ENSG00000278588|H2BC10,19,28,23,15
ENSG00000186470|BTN3A2,992,1041,834,937
ENSG00000124508|BTN2A2,993,1135,919,1089
ENSG00000026950|BTN3A1,1147,1082,859,1085
ENSG00000111801|BTN3A3,626,642,502,560
ENSG00000111875|ASF1A,3868,3947,2545,3216
ENSG00000111877|MCM9,1576,2233,1640,2142
ENSG00000135333|EPHA7,1523,2194,1888,2314
ENSG00000135297|MTO1,2913,3209,2474,2969
ENSG00000124588|NQO2,544,449,325,461
ENSG00000151917|BEND6,467,533,380,516
ENSG00000168116|KIAA1586,1963,2693,2259,2914
ENSG00000137166|FOXP4,7684,7125,4933,6019
ENSG00000197062|ZSCAN26,863,877,638,819
ENSG00000124613|ZNF391,558,706,572,700
ENSG00000203734|ECT2L,33,58,29,56
ENSG00000164674|SYTL3,768,796,455,597
ENSG00000186340|THBS2,0,0,0,0
ENSG00000112337|SLC17A2,0,0,0,0
ENSG00000137252|HCRTR2,28,21,13,6
ENSG00000204632|HLA-G,0,0,0,0
ENSG00000204701|OR2J3,0,0,0,0
ENSG00000204657|OR2H2,4,4,5,4
ENSG00000137409|MTCH1,20264,18175,13476,16633
ENSG00000203907|OOEP,3,0,0,0
ENSG00000256162|SMLR1,0,0,0,0
ENSG00000124701|APOBEC2,24,23,26,14
ENSG00000204520|MICA,233,365,290,327
ENSG00000112739|PRPF4B,10861,12334,9252,11232
ENSG00000145975|FAM217A,9,11,0,7
ENSG00000198721|ECI2,2075,2078,1531,1854
ENSG00000204469|PRRC2A,16311,17177,12330,14721
ENSG00000249141,47,0,0,0
ENSG00000026297|RNASET2,1229,970,720,935
ENSG00000181472|ZBTB2,2728,3139,2389,2865
ENSG00000155906|RMND1,2985,2859,2128,2618
ENSG00000146476|ARMT1,2652,3447,2711,3307
ENSG00000120262|CCDC170,28,51,37,47
ENSG00000197061|H4C3,17,23,12,28
ENSG00000164393|ADGRF2,63,34,30,58
ENSG00000183807|FAM162B,0,0,0,0
ENSG00000173612|GPRC6A,0,0,0,0
ENSG00000185002|RFX6,22,24,16,11
ENSG00000153303|FRMD1,15,19,15,17
ENSG00000180658|OR2A4,27,31,32,40
ENSG00000236761|CTAGE9,105,96,90,110
ENSG00000118523|CCN2,70515,81711,39763,64050
ENSG00000130396|AFDN,29180,39057,25983,31912
ENSG00000118507|AKAP7,473,598,426,587
ENSG00000118518|RNF146,3625,4179,3055,3603
ENSG00000093144|ECHDC1,5512,6047,4296,5309
ENSG00000124812|CRISP1,0,0,0,0
ENSG00000177684|DEFB114,0,0,0,0
ENSG00000214642|DEFB113,0,0,0,0
ENSG00000203970|DEFB110,0,0,0,0
ENSG00000180872|DEFB112,0,0,0,0
ENSG00000168394|TAP1,20,18,18,19
ENSG00000254440|PBOV1,0,0,0,0
ENSG00000244694|PTCHD4,6,0,16,15
ENSG00000196812|ZSCAN16,806,789,477,547
ENSG00000198315|ZKSCAN8,5148,6939,5315,6904
ENSG00000197279|ZNF165,782,939,412,578
ENSG00000135298|ADGRB3,146,218,156,167
ENSG00000288712,1,1,1,1
ENSG00000120279|MYCT1,0,0,2,0
ENSG00000280236|OR12D2,0,0,0,0
ENSG00000204694|OR11A1,0,0,0,0
ENSG00000204687|MAS1L,0,0,0,0
ENSG00000112695|COX7A2,19639,17979,12462,15717
ENSG00000243729|OR5V1,0,0,0,0
ENSG00000112462|OR12D3,0,0,0,0
ENSG00000118432|CNR1,2125,2413,1406,1906
ENSG00000204252|HLA-DOA,1,0,0,0
ENSG00000231389|HLA-DPA1,3,1,2,2
ENSG00000223865|HLA-DPB1,5,0,3,6
ENSG00000204248|COL11A2,82,75,73,75
ENSG00000204231|RXRB,975,948,711,787
ENSG00000112473|SLC39A7,2545,2468,1838,2113
ENSG00000204228|HSD17B8,236,193,158,169
ENSG00000204227|RING1,720,706,524,631
ENSG00000223501|VPS52,916,823,573,808
ENSG00000231500|RPS18,24767,21649,15152,19580
ENSG00000235863|B3GALT4,35,32,19,25
ENSG00000227057|WDR46,2102,1986,1339,1662
ENSG00000204220|PFDN6,978,886,576,755
ENSG00000237441|RGL2,848,763,576,710
ENSG00000231925|TAPBP,1830,1671,1382,1700
ENSG00000236104|ZBTB22,227,187,146,170
ENSG00000204209|DAXX,1922,1708,1350,1748
ENSG00000285064,0,0,0,0
ENSG00000286920|SMIM40,0,1,0,0
ENSG00000204695|OR14J1,0,0,0,0
ENSG00000044090|CUL7,7683,7421,5500,6529
ENSG00000137204|SLC22A7,0,0,0,0
ENSG00000146215|CRIP3,0,0,8,0
ENSG00000197594|ENPP1,1048,1342,1364,1454
ENSG00000237649|KIFC1,3098,3222,1952,2515
ENSG00000112511|PHF1,1058,966,732,942
ENSG00000112514|CUTA,2597,2314,1538,2125
ENSG00000197283|SYNGAP1,2021,1848,1604,2117
ENSG00000213588|ZBTB9,1551,1393,1029,1240
ENSG00000120253|NUP43,6506,7272,5542,7067
ENSG00000120265|PCMT1,5615,5454,4082,5017
ENSG00000164520|RAET1E,3,0,0,0
ENSG00000285991,1,88,7,5
ENSG00000120256|LRP11,2328,2205,1776,2156
ENSG00000203722|RAET1G,41,30,20,13
ENSG00000131015|ULBP2,367,286,358,311
ENSG00000112319|EYA4,11499,14797,9138,11282
ENSG00000112280|COL9A1,1040,1060,682,647
ENSG00000135317|SNX14,9122,9139,7308,9829
ENSG00000164418|GRIK2,99,129,104,173
ENSG00000124788|ATXN1,2611,3167,1904,2111
ENSG00000278705|H4C2,58,28,17,27
ENSG00000288708,1,1,1,1
ENSG00000096696|DSP,51771,80191,58887,73220
ENSG00000168566|SNRNP48,2359,2532,2063,2385
ENSG00000124641|MED20,3087,3165,2274,2956
ENSG00000112578|BYSL,3199,3167,2273,2658
ENSG00000112576|CCND3,2597,2455,1979,2438
ENSG00000230062|ANKRD66,0,0,0,0
ENSG00000249853|HS3ST5,227,194,174,159
ENSG00000001167|NFYA,3963,4991,3616,4735
ENSG00000083097|DOP1A,1669,2463,1778,2050
ENSG00000158406|H4C8,2453,2301,972,1098
ENSG00000204618|RNF39,31,24,22,26
ENSG00000204702|OR2J1,0,0,0,0
ENSG00000204688|OR2H1,0,0,0,0
ENSG00000204700|OR2J2,0,0,0,0
ENSG00000112679|DUSP22,1620,1571,1264,1491
ENSG00000146373|RNF217,2214,2895,2403,2937
ENSG00000204580|DDR1,5450,5293,3535,4359
ENSG00000125337|KIF25,0,0,0,0
ENSG00000206474|OR10C1,0,0,0,0
ENSG00000204704|OR2W1,0,0,0,0
ENSG00000235109|ZSCAN31,2117,2385,1365,1624
ENSG00000053328|METTL24,103,173,84,74
ENSG00000135525|MAP7,5988,6935,5078,6212
ENSG00000016402|IL20RA,4722,5029,2708,3658
ENSG00000118515|SGK1,2165,2316,1782,2269
ENSG00000204590|GNL1,987,1037,687,867
ENSG00000158553|POM121L2,0,0,6,3
ENSG00000151914|DST,13756,24011,17192,21661
ENSG00000131018|SYNE1,1259,1964,1216,1628
ENSG00000172469|MANEA,2447,3340,2744,3273
ENSG00000135318|NT5E,897,1034,639,815
ENSG00000271793,405,4050,1489,417
ENSG00000135577|NMBR,19,21,6,0
ENSG00000137338|PGBD1,848,1131,853,1004
ENSG00000204344|STK19,211,165,149,153
ENSG00000137404|NRM,7,6,6,7
ENSG00000146263|MMS22L,4005,5197,4921,5995
ENSG00000124557|BTN1A1,0,0,11,15
ENSG00000155085|AK9,631,795,471,712
ENSG00000274750|H3C6,459,442,173,230
ENSG00000146399|TAAR1,0,0,0,0
ENSG00000137434|C6orf52,53,65,49,66
ENSG00000112245|PTP4A1,9693,30886,6599,8952
ENSG00000146426|TIAM2,664,674,833,866
ENSG00000158691|ZSCAN12,332,319,237,294
ENSG00000269964|MEI4,0,0,6,0
ENSG00000146433|TMEM181,4664,6040,5079,6485
ENSG00000096654|ZNF184,1292,1562,1197,1543
ENSG00000146360|GPR6,0,0,0,0
ENSG00000164663|USP49,1436,1609,1692,1813
ENSG00000288721,42,77,51,91
ENSG00000014123|UFL1,4026,5377,4031,5068
ENSG00000112214|FHL5,0,0,0,0
ENSG00000106003|LFNG,2797,2696,1833,2088
ENSG00000164853|UNCX,0,0,0,0
ENSG00000239857|GET4,5517,5209,3734,4423
ENSG00000164880|INTS1,34383,34362,24028,29828
ENSG00000248767|FOXL3,0,0,0,0
ENSG00000157927|RADIL,93,105,52,84
ENSG00000086232|EIF2AK1,37203,38686,27970,35486
ENSG00000197461|PDGFA,776,671,545,732
ENSG00000178381|ZFAND2A,804,750,560,739
ENSG00000122512|PMS2,5553,6758,4614,5691
ENSG00000164654|MIOS,4186,4912,3620,4704
ENSG00000106009|BRAT1,4283,3562,2758,3241
ENSG00000106511|MEOX2,0,0,0,0
ENSG00000177706|FAM20C,0,0,1,3
ENSG00000164916|FOXK1,5859,7161,5607,7254
ENSG00000146540|C7orf50,6760,6564,4601,5640
ENSG00000136295|TTYH3,33399,32561,20368,25845
ENSG00000106305|AIMP2,4347,4534,2797,3326
ENSG00000164828|SUN1,17411,19036,13948,18027
ENSG00000146555|SDK1,1341,1708,949,1159
ENSG00000146576|C7orf26,3300,2942,1959,2301
ENSG00000106012|IQCE,3786,3966,2525,3120
ENSG00000003147|ICA1,3628,3863,2790,3467
ENSG00000106537|TSPAN13,5781,6223,4785,6004
ENSG00000106399|RPA3,3379,3260,2724,3394
ENSG00000122584|NXPH1,5,5,1,3
ENSG00000005108|THSD7A,109,166,76,71
ENSG00000157999|ANKRD61,95,108,133,143
ENSG00000218823|PAPOLB,0,6,0,0
ENSG00000155026|RSPH10B,27,24,28,30
ENSG00000157778|PSMG3,4154,3684,2839,3305
ENSG00000106392|C1GALT1,3165,4020,2800,3810
ENSG00000188191|PRKAR1B,4231,3764,2791,3407
ENSG00000169402|RSPH10B2,42,53,30,38
ENSG00000157954|WIPI2,11315,10939,8262,10586
ENSG00000242802|AP5Z1,2173,1750,1435,1543
ENSG00000189043|NDUFA4,17404,14817,10341,13216
ENSG00000006747|SCIN,83,110,63,92
ENSG00000164877|MICALL2,1612,1382,1138,1329
ENSG00000240230|COX19,3396,3302,2454,2927
ENSG00000122585|NPY,62,78,35,30
ENSG00000122644|ARL4A,1330,1454,1053,1318
ENSG00000283321,18,0,19,47
ENSG00000164849|GPR146,34,135,112,41
ENSG00000006468|ETV1,72,142,99,55
ENSG00000229937|PRPS1L1,0,0,2,0
ENSG00000105954|NPVF,0,0,0,0
ENSG00000106066|CPVL,7665,8181,5878,7740
ENSG00000105963|ADAP1,1688,1479,1036,1307
ENSG00000164818|DNAAF5,9067,8827,5752,7196
ENSG00000105928|GSDME,1577,1702,1310,1663
ENSG00000070882|OSBPL3,3993,5015,3295,4303
ENSG00000071189|SNX13,3800,5774,4421,5526
ENSG00000122550|KLHL7,3477,3433,2506,3219
ENSG00000106546|AHR,4524,6034,4630,5715
ENSG00000136261|BZW2,8627,8830,6645,8164
ENSG00000122691|TWIST1,1969,1994,1628,2165
ENSG00000156928|MALSU1,4899,4319,2776,3567
ENSG00000153790|C7orf31,1102,1229,786,1097
ENSG00000106541|AGR2,1759,1592,926,1151
ENSG00000106100|NOD1,1017,973,935,1148
ENSG00000008256|CYTH3,41197,45295,30180,37500
ENSG00000198517|MAFK,3737,3204,2824,3543
ENSG00000105866|SP4,2418,3624,2672,3376
ENSG00000105855|ITGB8,49311,68931,48731,60791
ENSG00000173467|AGR3,21,13,5,22
ENSG00000136231|IGF2BP3,27585,35412,21389,25917
ENSG00000122679|RAMP3,0,0,0,0
ENSG00000078967|UBE2D4,2692,2774,2123,2474
ENSG00000106415|GLCCI1,3127,3618,2681,3557
ENSG00000136243|NUP42,2120,2230,1516,1866
ENSG00000164649|CDCA7L,7165,8048,6888,8448
ENSG00000179869|ABCA13,11,0,11,15
ENSG00000146592|CREB5,1411,1976,1615,2048
ENSG00000105877|DNAH11,4214,6145,3625,4654
ENSG00000002746|HECW1,1200,1572,818,879
ENSG00000164548|TRA2A,9162,9251,6864,8417
ENSG00000011426|ANLN,20007,27176,17626,21559
ENSG00000042813|ZPBP,0,0,0,0
ENSG00000180354|MTURN,4443,4945,3430,4704
ENSG00000164619|BMPER,2111,2036,1233,1456
ENSG00000136205|TNS3,11633,13514,7344,9255
ENSG00000164850|GPER1,69,41,43,45
ENSG00000185811|IKZF1,0,0,0,0
ENSG00000187258|NPSR1,4,0,1,0
ENSG00000241644|INMT,0,3,0,0
ENSG00000164742|ADCY1,139,167,210,230
ENSG00000062582|MRPS24,6866,6220,4237,5334
ENSG00000164855|TMEM184A,2324,2640,2138,2555
ENSG00000188730|VWC2,0,0,0,0
ENSG00000164532|TBX20,84,151,140,147
ENSG00000073067|CYP2W1,18,12,15,5
ENSG00000106483|SFRP4,0,0,0,0
ENSG00000136270|TBRG4,8792,8249,5454,6687
ENSG00000078053|AMPH,9,14,0,16
ENSG00000218305|CDC14C,28,51,30,27
ENSG00000221900|POM121L12,0,0,0,0
ENSG00000106609|TMEM248,10912,12021,8870,11503
ENSG00000126522|ASL,3478,3088,2105,2418
ENSG00000106524|ANKMY2,1785,1775,1688,2334
ENSG00000146731|CCT6A,40793,44483,32706,40395
ENSG00000106346|USP42,4101,5020,3067,4123
ENSG00000255690|TRIL,931,1092,812,1049
ENSG00000136274|NACAD,106,119,202,167
ENSG00000188732|FAM221A,340,309,262,329
ENSG00000106635|BCL7B,4421,3913,2807,3738
ENSG00000154997|SEPTIN14,3,0,0,0
ENSG00000146729|NIPSNAP2,10130,10384,5981,7611
ENSG00000146733|PSPH,3813,4016,2721,3583
ENSG00000178665|ZNF713,543,729,581,743
ENSG00000178809|TRIM73,148,114,117,101
ENSG00000164744|SUN3,9,7,19,12
ENSG00000136250|AOAH,42,24,17,30
ENSG00000127952|STYXL1,3173,3236,2070,2815
ENSG00000152926|ZNF117,1643,2176,1953,2149
ENSG00000106070|GRB10,3807,4733,3214,3656
ENSG00000281593,10,12,8,24
ENSG00000223614|ZNF735,0,0,0,0
ENSG00000005020|SKAP2,7563,9984,7316,8849
ENSG00000164543|STK17A,9085,10749,7457,8649
ENSG00000106078|COBL,337,286,226,270
ENSG00000187546|AGMO,24,39,22,36
ENSG00000058404|CAMK2B,100,88,125,112
ENSG00000106638|TBL2,3857,3734,2491,3003
ENSG00000249773,14,20,37,43
ENSG00000182348|ZNF804B,7,8,0,6
ENSG00000126524|SBDS,6673,6549,4945,6328
ENSG00000015676|NUDCD3,9326,9351,6271,7578
ENSG00000214652|ZNF727,0,0,0,0
ENSG00000075213|SEMA3A,7337,9326,6639,8129
ENSG00000105784|RUNDC3B,42,21,28,50
ENSG00000146701|MDH2,48909,45639,31123,39077
ENSG00000196715|VKORC1L1,8243,9195,6237,8102
ENSG00000136273|HUS1,3831,4296,3013,3673
ENSG00000176532|PRR15,1276,1157,694,1010
ENSG00000183696|UPP1,2174,1988,1559,2020
ENSG00000106605|BLVRA,1631,1596,1362,1558
ENSG00000185290|NUPR2,0,3,0,0
ENSG00000157259|GATAD1,7870,7944,5629,6825
ENSG00000164647|STEAP1,1398,1465,824,958
ENSG00000154978|VOPP1,8369,8554,6380,8200
ENSG00000270617|URGCP-MRPS24,55,0,277,388
ENSG00000158560|DYNC1I1,549,613,579,698
ENSG00000272391|POM121C,10829,11879,8642,10932
ENSG00000213462|ERV3-1,496,1093,891,1035
ENSG00000170092|SPDYE5,95,151,132,131
ENSG00000105829|BET1,2703,2790,2227,2534
ENSG00000169193|CCDC126,791,853,624,898
ENSG00000196636|SDHAF3,1863,1619,1326,1569
ENSG00000132437|DDC,37,25,11,15
ENSG00000164715|LMTK2,7455,9623,6846,8518
ENSG00000009950|MLXIPL,132,159,159,215
ENSG00000122547|EEPD1,1284,1272,830,1018
ENSG00000177409|SAMD9L,880,1141,973,1299
ENSG00000241149|ZNF722P,0,0,0,0
ENSG00000164746|C7orf57,57,74,42,47
ENSG00000186472|PCLO,1256,1788,1428,1537
ENSG00000122507|BBS9,1253,1422,932,1238
ENSG00000205413|SAMD9,2229,3455,2537,3507
ENSG00000005981|ASB4,9,20,6,6
ENSG00000106351|AGFG2,1138,1150,932,1094
ENSG00000127993|RBM48,2103,2365,1644,2172
ENSG00000127989|MTERF1,2017,2554,1850,2234
ENSG00000106236|NPTX2,7,13,16,13
ENSG00000242950|ERVW-1,8,37,22,25
ENSG00000164645|TEX47,0,0,0,0
ENSG00000106261|ZKSCAN1,14622,20100,14563,18194
ENSG00000006128|TAC1,7,10,0,8
ENSG00000132432|SEC61G,5668,4807,3634,4323
ENSG00000128581|IFT22,7371,7031,5085,6244
ENSG00000185040|SPDYE16,41,45,42,43
ENSG00000086288|NME8,0,0,0,0
ENSG00000239789|MRPS17,3943,3762,2435,3014
ENSG00000172115|CYCS,32805,32595,24265,29515
ENSG00000164692|COL1A2,1683,1781,1064,1415
ENSG00000169919|GUSB,4600,4148,3401,4197
ENSG00000127980|PEX1,3797,4697,3283,3908
ENSG00000004766|VPS50,2704,3460,2683,3151
ENSG00000188175|HEPACAM2,0,0,3,0
ENSG00000106384|MOGAT3,0,0,0,0
ENSG00000249319,15,44,13,16
ENSG00000006715|VPS41,8698,10772,7695,9711
ENSG00000001629|ANKIB1,9339,13012,9507,11290
ENSG00000105825|TFPI2,1289,1365,1284,1476
ENSG00000157214|STEAP2,3098,3539,2683,3268
ENSG00000164659|ELAPOR2,2538,3170,2384,3118
ENSG00000284292,11,2542,86,28
ENSG00000158528|PPP1R9A,2774,4355,2769,3773
ENSG00000127946|HIP1,7696,9535,7458,8851
ENSG00000105849|POLR1F,5214,5350,4312,5456
ENSG00000106336|FBXO24,59,62,37,45
ENSG00000106244|PDAP1,23405,21989,16344,19681
ENSG00000105852|PON3,3,0,0,0
ENSG00000106366|SERPINE1,42,80,77,120
ENSG00000005421|PON1,13,35,12,19
ENSG00000019991|HGF,0,0,0,0
ENSG00000180233|ZNRF2,3765,4303,2946,3657
ENSG00000136206|SPDYE1,70,176,61,151
ENSG00000241685|ARPC1A,24429,22899,17443,22111
ENSG00000234545|FAM133B,2064,1972,1485,1774
ENSG00000169902|TPST1,2001,2196,1639,2233
ENSG00000070669|ASNS,12490,13288,11412,14126
ENSG00000242265|PEG10,29277,45199,41339,53356
ENSG00000091129|NRCAM,7022,9094,7332,9075
ENSG00000135249|RINT1,5114,5812,4475,5522
ENSG00000205307|SAP25,46,13,19,10
ENSG00000154678|PDE1C,0,0,0,0
ENSG00000161040|FBXL13,119,207,139,170
ENSG00000004799|PDK4,278,369,237,338
ENSG00000205356|TECPR1,2620,2394,1725,2168
ENSG00000177683|THAP5,4582,5258,4350,5240
ENSG00000135185|TMEM243,1361,1401,1125,1478
ENSG00000106355|LSM5,6038,6355,5009,5850
ENSG00000106367|AP1S1,6588,6245,4590,6005
ENSG00000106397|PLOD3,10601,9970,7403,9655
ENSG00000135218|CD36,141,205,112,104
ENSG00000248919|ATP5MF-PTCD1,15,342,14,7
ENSG00000160862|AZGP1,14,10,10,32
ENSG00000127995|CASD1,3078,3751,3074,3874
ENSG00000005483|KMT2E,9666,11136,8090,9796
ENSG00000173114|LRRN3,8,0,8,10
ENSG00000127920|GNG11,701,767,586,865
ENSG00000075223|SEMA3C,3186,4898,3244,3979
ENSG00000106245|BUD31,7726,7392,5474,6745
ENSG00000146802|TMEM168,3642,4105,2839,3747
ENSG00000135269|TES,6949,7824,6276,8622
ENSG00000128564|VGF,51,43,53,40
ENSG00000182111|ZNF716,0,0,0,0
ENSG00000086289|EPDR1,32,55,43,22
ENSG00000135241|PNPLA8,3971,4928,3812,4768
ENSG00000105854|PON2,13266,12940,9566,11806
ENSG00000127990|SGCE,4111,4495,3456,4147
ENSG00000158604|TMED4,9888,9983,7872,10124
ENSG00000146856|AGBL3,130,83,100,152
ENSG00000105971|CAV2,2969,2671,2202,2751
ENSG00000153956|CACNA2D1,950,1375,1321,1383
ENSG00000127922|SEM1,9185,8169,6200,7414
ENSG00000128590|DNAJB9,2428,2798,2236,2702
ENSG00000174697|LEP,0,0,2,0
ENSG00000214415|GNAT3,0,0,0,1
ENSG00000158321|AUTS2,12049,14770,9973,11490
ENSG00000198874|TYW1,4138,4455,3021,3653
ENSG00000179562|GCC1,3984,4484,3183,3948
ENSG00000106331|PAX4,0,0,0,0
ENSG00000106013|ANKRD7,234,263,210,264
ENSG00000091128|LAMB4,35,17,23,22
ENSG00000091127|PUS7,3863,4240,3389,4100
ENSG00000198839|ZNF277,2104,2550,1823,2258
ENSG00000185274|GALNT17,7324,7503,3978,4560
ENSG00000167011|NAT16,0,10,4,10
ENSG00000184408|KCND2,42,49,53,58
ENSG00000184903|IMMP2L,1031,1135,702,758
ENSG00000146955|RAB19,1006,1050,781,1175
ENSG00000285162,571,424,554,564
ENSG00000198420|TCAF1,2252,3016,2478,3143
ENSG00000197157|SND1,28015,29059,18096,22211
ENSG00000077063|CTTNBP2,2499,3254,1958,2241
ENSG00000105880|DLX5,1012,953,828,852
ENSG00000004059|ARF5,9834,9101,6243,7189
ENSG00000196937|FAM3C,9629,12080,8667,10981
ENSG00000230268|SSU72P8,2,0,0,0
ENSG00000081800|SLC13A1,0,0,0,0
ENSG00000179603|GRM8,12,18,14,18
ENSG00000214194|SMIM30,3871,3848,2644,3383
ENSG00000166924|NYAP1,178,136,115,161
ENSG00000105989|WNT2,17,6,4,9
ENSG00000183166|CALN1,0,0,4,1
ENSG00000128536|CDHR3,92,124,76,89
ENSG00000006453|BAIAP2L1,10900,10531,7798,9155
ENSG00000128534|LSM8,5403,5676,4757,5539
ENSG00000048405|ZNF800,2289,2824,2116,3083
ENSG00000106086|PLEKHA8,3076,4110,3192,3719
ENSG00000269955|FMC1-LUC7L2,0,0,0,0
ENSG00000105967|TFEC,5,5,0,9
ENSG00000165076|PRSS37,0,0,0,0
ENSG00000106049|HIBADH,2882,3092,1972,2691
ENSG00000235631|RNF148,23,14,17,21
ENSG00000170632|ARMC10,3055,3109,2243,2904
ENSG00000243317|STMP1,13317,12634,9247,11309
ENSG00000204983|PRSS1,431,528,243,321
ENSG00000059378|PARP12,1746,1628,1360,1612
ENSG00000128567|PODXL,38599,47419,24809,29615
ENSG00000126870|DYNC2I1,2727,2972,1770,2149
ENSG00000133606|MKRN1,19341,21633,15062,19000
ENSG00000155530|LRGUK,129,143,92,100
ENSG00000188883|KLRG2,724,622,589,722
ENSG00000127955|GNAI1,7339,8155,6421,7319
ENSG00000133574|GIMAP4,0,0,0,0
ENSG00000188050|RNF133,3,13,4,10
ENSG00000128607|KLHDC10,16926,20976,13231,17005
ENSG00000170381|SEMA3E,29,41,85,118
ENSG00000128578|STRIP2,762,741,655,777
ENSG00000006377|DLX6,1049,1031,874,985
ENSG00000127928|GNGT1,8,7,0,0
ENSG00000196335|STK31,338,381,312,421
ENSG00000128513|POT1,3749,4388,3128,3930
ENSG00000105879|CBLL1,6384,7784,5606,7080
ENSG00000105887|MTPN,30727,38152,29189,36798
ENSG00000165120|SSMEM1,0,0,0,8
ENSG00000005486|RHBDD2,5544,4801,3183,4057
ENSG00000164603|BMT2,1388,1781,1233,1503
ENSG00000009954|BAZ1B,15049,18945,15176,18551
ENSG00000160963|COL26A1,12580,12269,6788,7601
ENSG00000170260|ZNF212,1815,1781,1159,1421
ENSG00000001626|CFTR,23,36,23,22
ENSG00000091138|SLC26A3,9,14,0,8
ENSG00000106153|CHCHD2,23953,20582,14682,18868
ENSG00000106328|FSCN3,51,37,31,20
ENSG00000146842|TMEM209,8414,10632,8399,10507
ENSG00000214102|WEE2,6,2,3,4
ENSG00000130226|DPP6,0,0,0,0
ENSG00000105851|PIK3CG,0,0,0,7
ENSG00000222011|FAM185A,572,507,350,434
ENSG00000105993|DNAJB6,17470,18152,12626,15572
ENSG00000105929|ATP6V0A4,20,8,16,0
ENSG00000128594|LRRC4,93,98,98,76
ENSG00000205060|SLC35B4,4901,6450,4775,5991
ENSG00000182158|CREB3L2,4872,6278,4445,5233
ENSG00000127948|POR,12371,11091,7141,9372
ENSG00000146918|NCAPG2,10286,13143,11399,13527
ENSG00000204946|ZNF783,1328,1182,746,988
ENSG00000185055|EFCAB10,147,118,113,84
ENSG00000158467|AHCYL2,2695,2873,2003,2387
ENSG00000236279|CLEC2L,10,9,2,3
ENSG00000105778|AVL9,6912,9128,6593,8267
ENSG00000117868|ESYT2,13074,15817,10929,14119
ENSG00000133561|GIMAP6,0,0,0,0
ENSG00000270672|MTRNR2L6,2,3,3,2
ENSG00000106028|SSBP1,12216,11808,8803,10617
ENSG00000155093|PTPRN2,0,7,0,3
ENSG00000009335|UBE3C,17109,19785,14750,17728
ENSG00000064393|HIPK2,8746,14378,9723,11979
ENSG00000106436|MYL10,0,0,0,0
ENSG00000197362|ZNF786,1513,1500,969,1118
ENSG00000128519|TAS2R16,0,0,0,0
ENSG00000214253|FIS1,6714,5761,4451,5669
ENSG00000257093|DENND11,3876,5046,3863,4653
ENSG00000127362|TAS2R3,8,6,11,0
ENSG00000196511|TPK1,1861,2022,1196,1470
ENSG00000133619|KRBA1,1535,1444,1100,1279
ENSG00000135175|OCM2,0,0,0,2
ENSG00000257743|MGAM2,0,4,3,4
ENSG00000106025|TSPAN12,10213,11094,8673,10637
ENSG00000005249|PRKAR2B,2992,3561,2542,3174
ENSG00000128512|DOCK4,2153,3289,2614,2927
ENSG00000181444|ZNF467,2042,1883,1059,1313
ENSG00000186591|UBE2H,38963,46140,28896,35536
ENSG00000106278|PTPRZ1,169,320,125,161
ENSG00000164713|BRI3,4023,3661,2420,3103
ENSG00000227471|AKR1B15,2,12,0,4
ENSG00000179144|GIMAP7,0,0,3,0
ENSG00000157800|SLC37A3,9244,10328,7772,9641
ENSG00000189077|TMEM120A,681,703,440,532
ENSG00000081803|CADPS2,963,1198,791,1017
ENSG00000241258|CRCP,7863,7876,6020,7248
ENSG00000106034|CPED1,207,228,103,190
ENSG00000146963|LUC7L2,13379,15477,11333,13556
ENSG00000258223|PRSS58,0,0,0,0
ENSG00000131558|EXOC4,9625,11368,6908,8744
ENSG00000154438|ASZ1,14,0,0,3
ENSG00000106615|RHEB,10927,11130,8254,9997
ENSG00000136286|MYO1G,32,36,25,30
ENSG00000122787|AKR1D1,0,0,4,0
ENSG00000071243|ING3,1762,1893,1302,1583
ENSG00000240204|SMKR1,498,508,342,491
ENSG00000091137|SLC26A4,84,125,130,102
ENSG00000196584|XRCC2,5253,7423,8111,9123
ENSG00000106617|PRKAG2,5182,5839,4175,4845
ENSG00000127366|TAS2R5,38,60,30,20
ENSG00000002745|WNT16,19,29,27,42
ENSG00000106479|ZNF862,2157,2098,1274,1585
ENSG00000105894|PTN,839,913,505,705
ENSG00000234224|TMEM229A,0,0,0,0
ENSG00000135250|SRPK2,9117,10991,7659,9119
ENSG00000172331|BPGM,2473,2273,1837,2149
ENSG00000006530|AGK,3437,3705,2803,3367
ENSG00000186480|INSIG1,3811,4674,3110,4053
ENSG00000288558|DUS4L-BCAP29,1891,870,1124,1219
ENSG00000133627|ACTR3B,2025,2112,1562,1865
ENSG00000157212|PAXIP1,2898,3342,2338,2905
ENSG00000085662|AKR1B1,13957,12900,9068,11502
ENSG00000214128|TMEM213,0,0,3,0
ENSG00000122779|TRIM24,4682,5734,4369,5400
ENSG00000196453|ZNF777,3920,3827,2332,2975
ENSG00000006459|KDM7A,2027,2941,1777,2230
ENSG00000106648|GALNTL5,0,0,0,0
ENSG00000183742|MACC1,14704,20419,13727,17322
ENSG00000198074|AKR1B10,53,69,75,47
ENSG00000204947|ZNF425,1226,1206,741,900
ENSG00000091732|ZC3HC1,5209,4961,3687,4553
ENSG00000261115|TMEM178B,25,30,13,10
ENSG00000164898|FMC1,1343,1232,799,980
ENSG00000181220|ZNF746,2883,2811,1728,2224
ENSG00000106554|CHCHD3,11637,11480,7653,9156
ENSG00000106459|NRF1,3199,3312,2009,2495
ENSG00000106400|ZNHIT1,8897,7781,5079,6528
ENSG00000170265|ZNF282,5191,5029,3718,4581
ENSG00000146966|DENND2A,3920,4005,3141,3650
ENSG00000105953|OGDH,15448,16297,11699,14075
ENSG00000197024|ZNF398,1726,1965,1283,1694
ENSG00000122515|ZMIZ2,7896,7826,5629,7104
ENSG00000157703|SVOPL,213,180,111,109
ENSG00000128585|MKLN1,6733,9709,7273,8980
ENSG00000153814|JAZF1,1543,1650,1209,1492
ENSG00000158623|COPG2,5914,6862,4063,5157
ENSG00000189320|FAM180A,0,0,0,11
ENSG00000128606|LRRC17,675,829,643,787
ENSG00000059377|TBXAS1,72,88,59,90
ENSG00000106018|VIPR2,0,0,0,0
ENSG00000215018|COL28A1,229,250,171,216
ENSG00000077454|LRCH4,4510,3938,3200,3738
ENSG00000168303|MPLKIP,2918,2598,1842,2263
ENSG00000105856|HBP1,2763,3065,2206,2706
ENSG00000172209|GPR22,8,0,4,3
ENSG00000154415|PPP1R3A,0,3,7,9
ENSG00000128573|FOXP2,402,407,295,387
ENSG00000135272|MDFIC,2349,3143,2522,2974
ENSG00000164778|EN2,6,0,3,0
ENSG00000065883|CDK13,9621,10968,8383,9977
ENSG00000175600|SUGCT,254,245,145,194
ENSG00000258227|CLEC5A,0,0,0,0
ENSG00000257138|TAS2R38,0,0,0,0
ENSG00000170775|GPR37,1344,1413,1214,1479
ENSG00000272968|RBAK-RBAKDN,0,0,0,0
ENSG00000168090|COPS6,13942,13369,9362,11142
ENSG00000166508|MCM7,31493,31154,25861,31623
ENSG00000221838|AP4M1,2586,2671,1848,2316
ENSG00000106290|TAF6,8867,8051,5887,7308
ENSG00000166997|CNPY4,514,529,462,468
ENSG00000214309|MBLAC1,240,216,185,188
ENSG00000188186|LAMTOR4,4192,3593,2420,3085
ENSG00000146826|TRAPPC14,3639,3173,2167,2786
ENSG00000197093|GAL3ST4,228,162,154,177
ENSG00000213420|GPC2,316,304,224,296
ENSG00000213413|PVRIG,0,0,0,0
ENSG00000214300|SPDYE3,53,56,46,85
ENSG00000121716|PILRB,2351,2533,1915,1815
ENSG00000085514|PILRA,195,179,152,185
ENSG00000146834|MEPCE,16580,15991,11796,14715
ENSG00000160813|PPP1R35,2154,1865,1194,1370
ENSG00000185955|C7orf61,125,95,87,76
ENSG00000166925|TSC22D4,6062,5449,3557,4521
ENSG00000166529|ZSCAN21,1769,1840,1296,1534
ENSG00000166526|ZNF3,5584,5867,4407,5652
ENSG00000196367|TRRAP,17023,22886,16565,19524
ENSG00000001630|CYP51A1,12870,14848,11503,14897
ENSG00000285772,3,0,3,6
ENSG00000285953,44,120,129,35
ENSG00000001631|KRIT1,5358,7183,5180,6599
ENSG00000122786|CALD1,24838,29601,22402,26331
ENSG00000105810|CDK6,29122,43951,34209,41278
ENSG00000164500|SPATA48,0,0,0,0
ENSG00000122778|KIAA1549,6786,8580,5830,6987
ENSG00000173452|TMEM196,11,7,0,0
ENSG00000136235|GPNMB,918,977,659,870
ENSG00000106069|CHN2,352,522,255,448
ENSG00000086300|SNX10,1090,1257,1158,1489
ENSG00000004864|SLC25A13,10501,11694,8299,10571
ENSG00000106246|PTCD1,4662,4182,2954,3794
ENSG00000127364|TAS2R4,34,60,56,38
ENSG00000136280|CCM2,4007,3792,2713,3293
ENSG00000127377|CRYGN,6,18,5,4
ENSG00000146757|ZNF92,1783,2401,2116,2406
ENSG00000253276|CCDC71L,2846,2935,1957,2445
ENSG00000187260|WDR86,31,49,7,12
ENSG00000006652|IFRD1,4789,5077,4277,5128
ENSG00000288634,1,1,1,1
ENSG00000181016|LSMEM1,36,97,13,45
ENSG00000164867|NOS3,85,92,54,112
ENSG00000181652|ATG9B,53,49,22,20
ENSG00000213199|ASIC3,128,64,91,78
ENSG00000164885|CDK5,2407,2309,1599,2114
ENSG00000288608,1,1,1,1
ENSG00000164896|FASTK,7637,6877,5109,5978
ENSG00000164897|TMUB1,3716,3077,2319,2843
ENSG00000133612|AGAP3,4331,4044,3441,4045
ENSG00000146926|ASB10,0,0,0,3
ENSG00000278685|IQCA1L,0,12,0,3
ENSG00000285292|ABCF2-H2BE1,25,16,37,6
ENSG00000033050|ABCF2,11511,11426,8811,10426
ENSG00000033100|CHPF2,4583,4466,3130,3796
ENSG00000122557|HERPUD2,3561,3641,2706,3373
ENSG00000187257|RSBN1L,6439,6667,5230,6498
ENSG00000135211|TMEM60,1334,1290,901,1321
ENSG00000006576|PHTF2,6163,8424,6580,8370
ENSG00000187391|MAGI2,426,431,264,329
ENSG00000006625|GGCT,7784,8459,6939,8506
ENSG00000281039,81,0,0,0
ENSG00000106113|CRHR2,0,0,5,0
ENSG00000106105|GARS1,21146,23346,17112,20704
ENSG00000241127|YAE1,1999,1881,1415,1671
ENSG00000006451|RALA,10236,10849,7371,9723
ENSG00000004948|CALCR,0,0,0,0
ENSG00000257335|MGAM,0,0,1,0
ENSG00000106536|POU6F2,3,8,0,0
ENSG00000130429|ARPC1B,14193,11379,8613,10633
ENSG00000271321|CTAGE6,47,49,42,44
ENSG00000284461,103,77,57,78
ENSG00000106560|GIMAP2,8,0,6,8
ENSG00000213203|GIMAP1,0,0,0,0
ENSG00000281887|GIMAP1-GIMAP5,0,0,0,0
ENSG00000106565|TMEM176B,0,0,0,0
ENSG00000002933|TMEM176A,0,0,0,0
ENSG00000198898|CAPZA2,9254,10204,7866,10007
ENSG00000288635,0,4,0,0
ENSG00000133597|ADCK2,2417,2340,1572,2081
ENSG00000090266|NDUFB2,6041,5323,3430,4532
ENSG00000157764|BRAF,4016,5066,4176,5092
ENSG00000090263|MRPS33,5025,4890,3210,4146
ENSG00000105865|DUS4L,632,935,608,756
ENSG00000158516|CPA2,41,46,21,32
ENSG00000128510|CPA4,166,177,106,190
ENSG00000091704|CPA1,9,0,0,0
ENSG00000106484|MEST,28502,29576,19834,25428
ENSG00000178234|GALNT11,4606,5030,3899,5145
ENSG00000160917|CPSF4,5009,4562,3402,4263
ENSG00000241468|ATP5MF,14754,13536,9536,11589
ENSG00000198556|ZNF789,1823,1652,1422,1736
ENSG00000160908|ZNF394,3499,3498,2933,3323
ENSG00000221909|FAM200A,2370,2766,1931,2417
ENSG00000197343|ZNF655,4910,6071,4626,5657
ENSG00000272647,0,0,0,0
ENSG00000244219|TMEM225B,3,14,9,9
ENSG00000197037|ZSCAN25,2229,2511,1769,2236
ENSG00000106258|CYP3A5,637,685,616,597
ENSG00000160870|CYP3A7,31,38,16,48
ENSG00000160868|CYP3A4,10,6,8,21
ENSG00000021461|CYP3A43,0,0,0,0
ENSG00000176402|GJC3,41,32,8,34
ENSG00000174469|CNTNAP2,624,806,723,841
ENSG00000177679|SRRM3,196,161,136,188
ENSG00000170027|YWHAG,44679,54166,39362,49887
ENSG00000146700|SSC4D,4021,3917,2818,3373
ENSG00000188372|ZP3,271,234,207,221
ENSG00000106211|HSPB1,28964,25777,15789,18978
ENSG00000214960|CRPPA,433,569,461,599
ENSG00000171243|SOSTDC1,1887,2073,1434,1938
ENSG00000205858|LRRC72,0,0,0,0
ENSG00000075624|ACTB,459543,460540,280910,356731
ENSG00000075618|FSCN1,4677,4363,4065,4532
ENSG00000082014|SMARCD3,1651,1591,1236,1539
ENSG00000015520|NPC1L1,81,66,96,67
ENSG00000135164|DMTF1,7499,8861,7547,8775
ENSG00000173852|DPY19L1,4243,5175,4409,5501
ENSG00000106178|CCL24,0,0,0,0
ENSG00000106404|CLDN15,592,480,399,566
ENSG00000213265|TSGA13,1,0,9,3
ENSG00000158683|PKD1L1,69,67,66,59
ENSG00000196652|ZKSCAN5,4963,5773,4287,5342
ENSG00000166448|TMEM130,538,557,402,529
ENSG00000002726|AOC1,5,0,0,0
ENSG00000164776|PHKG1,114,90,49,77
ENSG00000129103|SUMF2,9861,8808,6062,7589
ENSG00000011275|RNF216,8127,8830,6317,7657
ENSG00000164542|KIAA0895,1569,2134,1608,2075
ENSG00000106443|PHF14,12540,14195,9999,12064
ENSG00000157219|HTR5A,3,0,0,0
ENSG00000106608|URGCP,5795,5816,4224,5129
ENSG00000106477|CEP41,2454,2699,1847,2173
ENSG00000091140|DLD,9894,10979,7884,9669
ENSG00000091136|LAMB1,18459,24461,18275,22468
ENSG00000188707|ZBED6CL,389,301,356,315
ENSG00000127399|LRRC61,115,56,35,70
ENSG00000106538|RARRES2,397,357,264,302
ENSG00000080802|CNOT4,3333,3913,2858,3706
ENSG00000155561|NUP205,18490,24012,18733,23014
ENSG00000122574|WIPF3,927,1014,747,980
ENSG00000136193|SCRN1,34475,41242,28212,35663
ENSG00000106080|FKBP14,1646,1941,1577,1928
ENSG00000106624|AEBP1,3202,2997,3150,3623
ENSG00000106631|MYL7,0,0,0,0
ENSG00000176428|VPS37D,354,341,163,221
ENSG00000176410|DNAJC30,1590,1540,1026,1284
ENSG00000071462|BUD23,6825,6121,4268,5371
ENSG00000106089|STX1A,608,573,570,613
ENSG00000165215|CLDN3,9071,7507,3900,5411
ENSG00000165171|METTL27,164,116,77,109
ENSG00000175877|TMEM270,25,18,11,20
ENSG00000106344|RBM28,8811,10201,8099,9466
ENSG00000224940|PRRT4,29,20,13,24
ENSG00000106348|IMPDH1,4620,4308,3411,3876
ENSG00000135245|HILPDA,2364,2323,2013,2361
ENSG00000165055|METTL2B,9009,9101,6872,8189
ENSG00000160993|ALKBH4,1767,1700,1185,1399
ENSG00000161036|LRWD1,6316,5837,3927,4855
ENSG00000005075|POLR2J,6795,6102,4161,5165
ENSG00000170667|RASA4B,967,1079,913,1092
ENSG00000168255|POLR2J3,4511,3701,2696,3193
ENSG00000270249,1,3,0,0
ENSG00000285437|POLR2J3,1177,1381,1042,1221
ENSG00000105808|RASA4,865,828,897,906
ENSG00000205236,1604,914,202,946
ENSG00000267368|UPK3BL1,139,306,1091,287
ENSG00000267645,3733,3326,1756,2698
ENSG00000173678|SPDYE2B,244,312,308,304
ENSG00000228049|POLR2J2,640,559,476,559
ENSG00000284981|UPK3BL2,852,532,387,456
ENSG00000105792|CFAP69,306,351,172,256
ENSG00000283267|FAM237B,7,0,0,11
ENSG00000105793|GTPBP10,3498,4072,3052,3896
ENSG00000157224|CLDN12,6763,7534,5728,7116
ENSG00000058091|CDK14,1734,2205,1707,1875
ENSG00000157240|FZD1,1640,1687,1198,1622
ENSG00000251154|PTTG1IP2,0,0,0,0
ENSG00000221866|PLXNA4,0,10,0,0
ENSG00000105974|CAV1,6868,7268,6327,7586
ENSG00000105976|MET,2225,3256,3488,4144
ENSG00000050344|NFE2L3,4127,5083,4305,4779
ENSG00000122565|CBX3,38243,39766,30129,35944
ENSG00000136197|C7orf25,1846,1947,1171,1358
ENSG00000256646,565,423,418,757
ENSG00000106588|PSMA2,17567,16665,12478,14833
ENSG00000106591|MRPL32,6952,6715,5006,5944
ENSG00000105821|DNAJC2,8749,9141,6676,8236
ENSG00000170615|SLC26A5,0,0,0,0
ENSG00000049540|ELN,0,0,0,6
ENSG00000106683|LIMK1,5009,5035,3511,4207
ENSG00000105819|PMPCB,10053,10139,7392,8901
ENSG00000161057|PSMC2,14870,15164,11353,14070
ENSG00000005469|CROT,941,983,873,958
ENSG00000005471|ABCB4,68,51,59,53
ENSG00000085563|ABCB1,13,0,33,15
ENSG00000196262|PPIA,102763,97559,68936,86861
ENSG00000105968|H2AZ2,16852,18253,12347,16291
ENSG00000146676|PURB,16596,22506,16784,21709
ENSG00000136279|DBNL,13007,12550,9656,11306
ENSG00000164708|PGAM2,1,1,1,1
ENSG00000122678|POLM,1799,1496,1109,1379
ENSG00000106636|YKT6,26290,25989,18833,23355
ENSG00000127951|FGL2,0,10,10,8
ENSG00000146535|GNA12,5176,5302,3922,4749
ENSG00000086730|LAT2,26,40,45,44
ENSG00000049541|RFC2,5922,5572,4687,5452
ENSG00000106665|CLIP2,745,799,557,804
ENSG00000198286|CARD11,0,12,0,10
ENSG00000122641|INHBA,10,0,16,10
ENSG00000106123|EPHB6,533,463,326,356
ENSG00000165125|TRPV6,138,142,134,115
ENSG00000127412|TRPV5,9,12,0,5
ENSG00000197993|KEL,35,37,20,27
ENSG00000159763|PIP,0,0,0,0
ENSG00000165131|LLCFC1,5,2,0,0
ENSG00000164675|IQUB,103,146,75,123
ENSG00000128609|NDUFA5,9637,10224,7335,8906
ENSG00000146809|ASB15,0,0,0,0
ENSG00000170807|LMOD2,2,0,0,8
ENSG00000106299|WASL,8042,10703,7907,9924
ENSG00000106302|HYAL4,3,0,6,0
ENSG00000106333|PCOLCE,433,341,317,359
ENSG00000106330|MOSPD3,1294,1209,845,1117
ENSG00000106327|TFR2,136,139,81,106
ENSG00000077080|ACTL6B,0,0,0,2
ENSG00000172354|GNB2,18782,17301,12391,14992
ENSG00000172336|POP7,3486,3123,2420,2995
ENSG00000130427|EPO,5,10,10,8
ENSG00000146839|ZAN,7,4,5,0
ENSG00000196411|EPHB4,10993,10525,7574,9162
ENSG00000146828|SLC12A9,4307,3876,2638,3203
ENSG00000087077|TRIP6,3173,2927,2218,2760
ENSG00000087087|SRRT,24153,22936,18081,21234
ENSG00000176125|UFSP1,32,41,14,22
ENSG00000146830|GIGYF1,7853,7441,5463,6685
ENSG00000186645|SPDYE17,15,22,24,21
ENSG00000178397|FAM220A,4883,5021,3614,4731
ENSG00000286075,1,1,1,1
ENSG00000136238|RAC1,48171,47188,34112,42168
ENSG00000164535|DAGLB,11784,11812,7722,9316
ENSG00000136240|KDELR2,20715,20715,16157,20150
ENSG00000215045|GRID2IP,43,58,32,53
ENSG00000164889|SLC4A2,17199,16744,11436,14366
ENSG00000135248|FAM71F1,17,4,7,6
ENSG00000128595|CALU,33808,40253,30639,37955
ENSG00000128596|CCDC136,134,203,232,294
ENSG00000128524|ATP6V1F,6704,6173,4508,5491
ENSG00000272899|ATP6V1FNB,112,135,135,106
ENSG00000128604|IRF5,179,147,186,149
ENSG00000230626,23,27,21,20
ENSG00000158457|TSPAN33,501,605,415,470
ENSG00000128602|SMO,3718,3683,2752,3712
ENSG00000135253|KCP,107,138,128,109
ENSG00000106571|GLI3,10824,14671,8875,9949
ENSG00000136247|ZDHHC4,6942,6529,4779,6067
ENSG00000170419|VSTM2A,0,0,0,0
ENSG00000105926|MPP6,4945,5539,4607,5707
ENSG00000243566|UPK3B,714,523,343,512
ENSG00000136267|DGKB,16,18,15,25
ENSG00000004866|ST7,3413,3585,2340,2941
ENSG00000006606|CCL26,4,0,0,0
ENSG00000128591|FLNC,1403,1798,1580,1791
ENSG00000122566|HNRNPA2B1,136311,148578,108171,128106
ENSG00000275896|PRSS2,3253,2773,1598,2006
ENSG00000006704|GTF2IRD1,5453,5256,3571,4308
ENSG00000164597|COG5,3479,3930,2636,3303
ENSG00000197150|ABCB8,2172,1916,1414,1673
ENSG00000154710|RABGEF1,5613,5813,4263,5055
ENSG00000075790|BCAP29,484,1707,763,1102
ENSG00000010270|STARD3NL,5630,5484,4270,4833
ENSG00000146833|TRIM4,1387,1459,1215,1482
ENSG00000158525|CPA5,25,23,12,18
ENSG00000266265|KLF14,220,192,144,146
ENSG00000243335|KCTD7,772,865,780,946
ENSG00000180535|BHLHA15,531,514,397,513
ENSG00000198742|SMURF1,5525,6419,4090,5300
ENSG00000164651|SP8,711,766,637,799
ENSG00000146574|CCZ1B,15561,16665,11862,14842
ENSG00000136297|MMD2,0,0,0,0
ENSG00000136237|RAPGEF5,3205,4095,2553,3303
ENSG00000136244|IL6,433,457,350,665
ENSG00000087085|ACHE,39,35,35,33
ENSG00000257923|CUX1,11935,15211,9756,11127
ENSG00000196683|TOMM7,11100,9449,7043,8446
ENSG00000105889|STEAP1B,109,97,102,166
ENSG00000008282|SYPL1,8777,9612,6660,8580
ENSG00000048052|HDAC9,5559,9146,6875,8639
ENSG00000105835|NAMPT,8645,10168,9984,11855
ENSG00000181072|CHRM2,11,5,3,16
ENSG00000146858|ZC3HAV1L,1403,2076,1795,2090
ENSG00000105939|ZC3HAV1,6173,7902,6733,8994
ENSG00000105948|TTC26,2985,3507,2274,3040
ENSG00000157741|UBN2,3542,6086,4705,5726
ENSG00000128610|FEZF1,10,19,11,14
ENSG00000008311|AASS,1138,1453,1064,1361
ENSG00000160999|SH2B2,672,620,380,410
ENSG00000260097|SPDYE6,245,285,274,266
ENSG00000128563|PRKRIP1,3513,3125,2385,2778
ENSG00000189056|RELN,168,220,222,241
ENSG00000164815|ORC5,4330,4791,3125,4068
ENSG00000128617|OPN1SW,13,9,3,17
ENSG00000225968|ELFN1,18,7,0,7
ENSG00000122687|MRM2,7466,6964,5671,7126
ENSG00000106266|SNX8,4624,5028,3334,4367
ENSG00000106263|EIF3B,33003,32761,23824,29193
ENSG00000136213|CHST12,3101,2852,2051,2497
ENSG00000275572|GRIFIN,8,4,0,0
ENSG00000002822|MAD1L1,3081,2887,2040,2280
ENSG00000286192,12,132,17,22
ENSG00000122543|OCM,19,17,7,20
ENSG00000122674|CCZ1,12223,12839,9404,11465
ENSG00000155034|FBXL18,8480,8719,6351,7590
ENSG00000254959|INMT-MINDY4,0,0,0,0
ENSG00000106125|MINDY4,896,835,675,642
ENSG00000250424,0,0,0,0
ENSG00000240583|AQP1,90,47,51,27
ENSG00000106128|GHRHR,5,0,0,0
ENSG00000078549|ADCYAP1R1,0,0,0,0
ENSG00000185467|KPNA7,0,3,0,0
ENSG00000106628|POLD2,18940,17098,12814,16044
ENSG00000013374|NUB1,8507,9041,6971,8316
ENSG00000236398|TAS2R39,0,0,0,0
ENSG00000221937|TAS2R40,0,0,0,0
ENSG00000197448|GSTK1,8143,7766,5751,7371
ENSG00000178826|TMEM139,4041,3976,2397,3002
ENSG00000106144|CASP2,7585,7976,6725,8730
ENSG00000159784|FAM131B,128,119,85,129
ENSG00000159840|ZYX,13141,12021,8672,10807
ENSG00000146904|EPHA1,2826,2950,1920,2249
ENSG00000185899|TAS2R60,0,1,2,3
ENSG00000221855|TAS2R41,0,3,1,0
ENSG00000271079|CTAGE15,72,65,67,67
ENSG00000283528|TCAF2C,0,0,3,3
ENSG00000188037|CLCN1,19,14,12,20
ENSG00000127914|AKAP9,12792,18863,14871,18159
ENSG00000157680|DGKI,47,94,58,62
ENSG00000066923|STAG3,1253,1725,1183,1407
ENSG00000288640,94,0,65,119
ENSG00000122591|FAM126A,1601,2575,2424,2993
ENSG00000164604|GPR85,365,370,270,390
ENSG00000106268|NUDT1,3072,2794,2295,3168
ENSG00000136271|DDX56,10122,8896,6752,8043
ENSG00000106682|EIF4H,37489,37444,26853,32818
ENSG00000164638|SLC29A4,1246,1163,973,1180
ENSG00000155849|ELMO1,163,198,85,121
ENSG00000189143|CLDN4,21412,17743,10895,14694
ENSG00000258083|OR9A4,0,0,0,0
ENSG00000213215|OR2F1,0,0,1,0
ENSG00000196329|GIMAP5,0,0,0,0
ENSG00000240720|LRRD1,10,16,10,7
ENSG00000146776|ATXN7L1,908,1198,748,1033
ENSG00000161048|NAPEPLD,783,913,649,793
ENSG00000132434|LANCL2,3197,3261,2410,3098
ENSG00000282301|CYP3A7-CYP3A51P,3,1,27,2
ENSG00000055609|KMT2C,10717,19135,12647,15442
ENSG00000283247|CCDC201,10,0,0,0
ENSG00000146678|IGFBP1,0,0,0,6
ENSG00000146674|IGFBP3,26775,27830,21567,26283
ENSG00000170852|KBTBD2,5533,6616,5002,6211
ENSG00000122642|FKBP9,13018,14124,9797,12286
ENSG00000122643|NT5C3A,2135,2684,1998,2451
ENSG00000164610|RP9,2170,1986,1562,1865
ENSG00000197008|ZNF138,1543,1728,1409,1566
ENSG00000205085|FAM71F2,70,52,52,50
ENSG00000187416|LHFPL3,0,5,7,3
ENSG00000075303|SLC25A40,1683,2214,1839,2219
ENSG00000006634|DBF4,6732,8512,5362,6627
ENSG00000075142|SRI,5764,5476,3806,4534
ENSG00000127954|STEAP4,487,535,441,609
ENSG00000008277|ADAM22,1622,2029,1734,1975
ENSG00000186088|GSAP,968,1100,755,963
ENSG00000127947|PTPN12,10432,12534,9280,11671
ENSG00000221813|OR6B1,0,0,0,0
ENSG00000146618|FERD3L,0,0,0,0
ENSG00000122783|CYREN,4288,4624,3286,4127
ENSG00000146859|TMEM140,1966,2378,1815,2138
ENSG00000105875|WDR91,1921,1965,1309,1653
ENSG00000146857|STRA8,0,0,0,0
ENSG00000106460|TMEM106B,5809,7435,5084,6544
ENSG00000146530|VWDE,854,1142,881,1051
ENSG00000160991|ORAI2,9222,9069,6537,8727
ENSG00000225932|CTAGE4,243,256,210,233
ENSG00000213214|ARHGEF35,925,963,776,887
ENSG00000212807|OR2A42,2,5,3,5
ENSG00000243896|OR2A7,42,46,52,59
ENSG00000244693|CTAGE8,136,164,121,136
ENSG00000221970|OR2A1,3,5,3,11
ENSG00000050327|ARHGEF5,2350,2583,1866,2276
ENSG00000106410|NOBOX,0,3,0,0
ENSG00000221836|OR2A5,0,0,0,0
ENSG00000221933|OR2A25,0,1,0,0
ENSG00000221858|OR2A12,0,0,0,0
ENSG00000221938|OR2A14,0,6,0,0
ENSG00000184863|RBM33,10499,12287,9370,10720
ENSG00000164690|SHH,0,0,0,0
ENSG00000105982|RNF32,305,308,223,256
ENSG00000105983|LMBR1,11332,14372,11073,13884
ENSG00000146909|NOM1,7198,7958,6368,7449
ENSG00000130675|MNX1,12,11,11,5
ENSG00000106633|GCK,84,86,58,81
ENSG00000170279|C7orf33,0,0,0,0
ENSG00000055130|CUL1,12516,14388,10588,12807
ENSG00000106462|EZH2,6578,7426,5237,6144
ENSG00000155660|PDIA4,55924,56503,40147,49525
ENSG00000055118|KCNH2,364,316,312,338
ENSG00000135205|CCDC146,8891,8801,4798,5980
ENSG00000230358|SPDYE21,47,33,38,49
ENSG00000205238|SPDYE2,314,380,401,399
ENSG00000155428|TRIM74,46,62,54,48
ENSG00000273520|SPDYE8,32,36,40,43
ENSG00000286228|SPDYE11,29,34,28,41
ENSG00000286038|SPDYE13,17,21,22,19
ENSG00000286137|SPDYE14,18,24,16,18
ENSG00000286014|SPDYE15,9,14,11,12
ENSG00000236609|ZNF853,2726,2370,2234,2835
ENSG00000205903|ZNF316,9250,8514,6075,7611
ENSG00000164631|ZNF12,4895,6157,4565,5679
ENSG00000106077|ABHD11,3127,2800,1698,2201
ENSG00000146648|EGFR,22650,32340,23653,28858
ENSG00000169894|MUC3A,50,73,29,53
ENSG00000169876|MUC17,0,0,0,8
ENSG00000169871|TRIM56,11214,10336,9310,11055
ENSG00000105991|HOXA1,1297,1338,1055,1310
ENSG00000105996|HOXA2,2430,2265,1702,1915
ENSG00000197576|HOXA4,2658,2393,1557,1863
ENSG00000106004|HOXA5,6697,6232,4305,5243
ENSG00000106006|HOXA6,119,215,129,127
ENSG00000122592|HOXA7,2075,2023,1459,2171
ENSG00000078399|HOXA9,2123,2097,1665,1972
ENSG00000257184,0,1,0,0
ENSG00000253293|HOXA10,507,802,632,630
ENSG00000005073|HOXA11,197,189,160,201
ENSG00000106031|HOXA13,57,47,54,45
ENSG00000106038|EVX1,0,0,9,14
ENSG00000277149|TYW1B,1431,1579,1056,1317
ENSG00000130305|NSUN5,3447,3108,2281,2805
ENSG00000146755|TRIM50,26,0,7,8
ENSG00000077800|FKBP6,49,41,37,53
ENSG00000153993|SEMA3D,501,876,297,436
ENSG00000263001|GTF2I,20004,23780,16428,20475
ENSG00000158517|NCF1,4,17,4,9
ENSG00000274070|CASTOR2,6666,6890,4342,5010
ENSG00000274523|RCC1L,5101,4706,3348,4222
ENSG00000174428|GTF2IRD2B,2275,2311,1604,1867
ENSG00000262461|SPDYE9,34,42,42,41
ENSG00000188763|FZD9,158,124,98,132
ENSG00000146587|RBAK,4676,6035,4643,6209
ENSG00000004846|ABCB5,1241,1230,1085,1238
ENSG00000132436|FIGNL1,3756,5198,4209,5553
ENSG00000171130|ATP6V0E2,4475,3836,2757,3644
ENSG00000106052|TAX1BP1,16727,20603,15139,18994
ENSG00000225781|OR6V1,0,0,0,0
ENSG00000221910|OR2F2,0,0,0,0
ENSG00000221989|OR2A2,0,0,0,0
ENSG00000198822|GRM3,0,10,6,0
ENSG00000091073|DTX2,1901,1789,1313,1536
ENSG00000179468|OR9A2,0,0,2,0
ENSG00000244623|OR2AE1,0,7,3,0
ENSG00000064419|TNPO3,14981,17228,12879,15382
ENSG00000164900|GBX1,0,0,0,13
ENSG00000196275|GTF2IRD2,1394,1289,945,1072
ENSG00000285480|H2BE1,5,5,3,0
ENSG00000146707|POMZP3,330,291,190,295
ENSG00000226690,21,7,27,23
ENSG00000122545|SEPTIN7,14010,17030,12888,15483
ENSG00000182095|TNRC18,16815,18980,11067,13334
ENSG00000205277|MUC12,25,11,10,7
ENSG00000187037|GPR141,0,0,0,0
ENSG00000078487|ZCWPW1,1635,1424,1189,1328
ENSG00000170379|TCAF2,8,20,9,7
ENSG00000185177|ZNF479,0,0,0,0
ENSG00000219545|UMAD1,1058,1168,845,1150
ENSG00000164707|SLC13A4,206,183,122,135
ENSG00000106603|COA1,8335,9306,6932,8273
ENSG00000106304|SPAM1,0,0,0,0
ENSG00000146910|CNPY1,0,0,0,0
ENSG00000105997|HOXA3,8653,9040,5741,7027
ENSG00000174945|AMZ1,190,194,152,220
ENSG00000197123|ZNF679,0,0,0,0
ENSG00000234444|ZNF736,336,456,385,505
ENSG00000173041|ZNF680,1135,1634,1357,1545
ENSG00000198039|ZNF273,665,866,819,936
ENSG00000196247|ZNF107,2008,3004,2396,2680
ENSG00000196313|POM121,11962,12759,9386,11824
ENSG00000214022|REPIN1,12776,12196,7942,10358
ENSG00000196456|ZNF775,628,576,389,494
ENSG00000284691,528,168,231,93
ENSG00000171115|GIMAP8,12,0,0,0
ENSG00000106526|ACTR3C,34,82,49,53
ENSG00000164600|NEUROD6,0,0,0,0
ENSG00000106341|PPP1R17,0,0,0,0
ENSG00000180347|ITPRID1,8,0,0,0
ENSG00000167393|PPP2R3B,459,480,354,420
ENSG00000185960|SHOX,0,0,0,0
ENSG00000183943|PRKX,14775,16959,9757,11748
ENSG00000101846|STS,1133,1620,1161,1328
ENSG00000177504|VCX2,3,0,2,0
ENSG00000006757|PNPLA4,1686,1635,873,1232
ENSG00000185291|IL3RA,65,60,39,61
ENSG00000182162|P2RY8,3,0,5,0
ENSG00000205542|TMSB4X,25737,23048,16557,22023
ENSG00000169100|SLC25A6,30280,27104,18269,23159
ENSG00000125363|AMELX,0,0,0,0
ENSG00000196433|ASMT,0,0,0,0
ENSG00000178605|GTPBP6,2445,2087,1481,1729
ENSG00000169059|VCX3A,14,0,6,4
ENSG00000169084|DHRSX,2231,2243,1611,1911
ENSG00000146950|SHROOM2,1310,1611,1217,1365
ENSG00000011201|ANOS1,3434,4799,3247,4140
ENSG00000169093|ASMTL,3589,3419,2108,2569
ENSG00000205755|CRLF2,0,0,0,0
ENSG00000234469|CLDN34,0,3,8,7
ENSG00000177138|FAM9B,3,0,0,0
ENSG00000181544|FANCB,536,1094,886,994
ENSG00000101825|MXRA5,117,202,181,141
ENSG00000004961|HCCS,3913,4117,2704,3520
ENSG00000146938|NLGN4X,975,1441,592,845
ENSG00000187268|FAM9C,3,0,0,0
ENSG00000183304|FAM9A,0,0,0,0
ENSG00000205642|VCX3B,16,9,0,0
ENSG00000101955|SRPX,121,120,103,155
ENSG00000182583|VCX,9,0,0,5
ENSG00000044446|PHKA2,2659,2951,2017,2506
ENSG00000126010|GRPR,22,28,28,23
ENSG00000086717|PPEF1,0,9,13,20
ENSG00000177324|BEND2,0,0,0,0
ENSG00000130150|MOSPD2,1760,2440,1727,2043
ENSG00000177189|RPS6KA3,6743,8866,6806,8420
ENSG00000147027|TMEM47,4199,5154,4104,4670
ENSG00000185915|KLHL34,12,22,2,12
ENSG00000197976|AKAP17A,5272,5127,3811,4765
ENSG00000091482|SMPX,0,0,0,0
ENSG00000149970|CNKSR2,1070,1607,1330,1559
ENSG00000036473|OTC,3,9,0,0
ENSG00000147041|SYTL5,51,37,32,50
ENSG00000086712|TXLNG,5219,6480,5040,6511
ENSG00000224960|PPP4R3C,3,11,4,9
ENSG00000101958|GLRA2,29,20,8,20
ENSG00000173698|ADGRG2,167,117,142,139
ENSG00000131831|RAI2,6311,6175,3578,4624
ENSG00000047230|CTPS2,2590,3040,2118,2909
ENSG00000131828|PDHA1,8407,8572,6049,7347
ENSG00000173674|EIF1AX,11440,13148,9933,12836
ENSG00000169906|S100G,0,0,0,0
ENSG00000101940|WDR13,2912,2578,1885,2184
ENSG00000189186|DCAF8L2,9,5,4,15
ENSG00000187516|H2AP,0,0,0,0
ENSG00000102218|RP2,1148,1457,1091,1195
ENSG00000165168|CYBB,27,13,23,21
ENSG00000012174|MBTPS2,2889,3590,2501,2935
ENSG00000169297|NR0B1,0,0,0,0
ENSG00000102100|SLC35A2,3990,3524,2529,3201
ENSG00000182798|MAGEB17,0,0,0,0
ENSG00000102104|RS1,5,15,6,0
ENSG00000174010|KLHL15,1688,2501,2015,2405
ENSG00000189132|FAM47B,3,1,0,0
ENSG00000102098|SCML2,1847,2201,1823,2283
ENSG00000169891|REPS2,753,861,744,810
ENSG00000102109|PCSK1N,1270,929,666,807
ENSG00000158526|TSR2,10131,10407,7582,9033
ENSG00000130741|EIF2S3,25451,28329,21028,26192
ENSG00000183690|EFHC2,452,728,389,446
ENSG00000180182|MED14,6938,8991,7001,8787
ENSG00000147119|CHST7,133,147,62,102
ENSG00000273820|USP27X,803,823,631,699
ENSG00000171365|CLCN5,1504,2232,1565,1984
ENSG00000184735|DDX53,4,4,3,2
ENSG00000102225|CDK16,17357,16796,10913,13344
ENSG00000130985|UBA1,43591,41864,28068,34906
ENSG00000189023|MAGEB16,0,0,0,0
ENSG00000177689|MAGEB10,0,0,0,0
ENSG00000130988|RGN,4,0,5,9
ENSG00000102313|ITIH6,41,53,35,33
ENSG00000102317|RBM3,21231,20418,13387,16435
ENSG00000165186|PTCHD1,53,44,58,63
ENSG00000169895|SYAP1,9276,10267,7838,9837
ENSG00000102043|MTMR8,214,334,244,286
ENSG00000008086|CDKL5,825,1161,899,1160
ENSG00000186871|ERCC6L,3530,5104,3913,4595
ENSG00000196368|NUDT11,799,971,849,871
ENSG00000184368|MAP7D2,1257,1347,998,1246
ENSG00000068400|GRIPAP1,3062,3073,2165,2848
ENSG00000158571|PFKFB1,24,46,21,30
ENSG00000165164|CFAP47,41,47,31,30
ENSG00000268994|FAM236B,0,0,0,0
ENSG00000124479|NDP,173,168,46,76
ENSG00000230797|YY2,182,211,128,254
ENSG00000165169|DYNLT3,1979,2335,1764,2218
ENSG00000147081|AKAP4,0,5,0,0
ENSG00000069535|MAOB,42,73,72,59
ENSG00000126768|TIMM17B,2745,2467,1547,2116
ENSG00000155659|VSIG4,0,0,0,0
ENSG00000126970|ZC4H2,2517,2491,1871,2146
ENSG00000102221|JADE3,3174,4008,3108,3652
ENSG00000189299|FOXR2,1396,1733,1296,1498
ENSG00000065923|SLC9A7,2314,3066,2674,3078
ENSG00000102145|GATA1,0,8,0,0
ENSG00000187601|MAGEH1,154,272,202,169
ENSG00000165349|SLC7A3,35,31,32,27
ENSG00000274588|DGKK,0,3,0,0
ENSG00000087842|PIR,1165,1086,816,969
ENSG00000131080|EDA2R,171,223,142,171
ENSG00000173198|CYSLTR1,0,6,0,7
ENSG00000182220|ATP6AP2,8493,9843,6658,8562
ENSG00000147100|SLC16A2,199,294,251,191
ENSG00000187969|ZCCHC13,0,0,0,0
ENSG00000102302|FGD1,681,675,579,748
ENSG00000102316|MAGED2,16257,16073,10819,13570
ENSG00000250349,4,5,2,3
ENSG00000102349|KLF8,792,1141,791,888
ENSG00000102096|PIM2,1910,1629,1346,1545
ENSG00000171402|XAGE3,7,10,24,10
ENSG00000090889|KIF4A,11235,13349,8048,9839
ENSG00000155622|XAGE2,169,113,111,136
ENSG00000067445|TRO,7998,8160,5869,7173
ENSG00000196468|FGF16,0,0,0,0
ENSG00000147183|CPXCR1,0,0,0,0
ENSG00000147099|HDAC8,5078,5832,4023,4684
ENSG00000094841|UPRT,1491,1672,1119,1616
ENSG00000165259|HDX,844,1010,737,908
ENSG00000174740|PABPC5,0,0,5,3
ENSG00000186288|PABPC1L2A,2,0,2,7
ENSG00000174225|ARL13A,12,23,14,0
ENSG00000165288|BRWD3,4764,7621,5760,7323
ENSG00000068354|TBC1D25,1423,1348,954,989
ENSG00000158813|EDA,18,37,21,13
ENSG00000188419|CHM,4861,6946,4992,6217
ENSG00000102309|PIN4,3673,3342,2304,2925
ENSG00000072133|RPS6KA6,0,6,4,5
ENSG00000184867|ARMCX2,7165,7953,6305,7504
ENSG00000124429|POF1B,103,124,135,126
ENSG00000102271|KLHL4,27,36,11,20
ENSG00000172943|PHF8,13863,16539,9912,12054
ENSG00000125931|CITED1,0,0,2,0
ENSG00000007952|NOX1,135,130,112,73
ENSG00000122824|NUDT10,190,273,216,270
ENSG00000184205|TSPYL2,4006,3823,3850,4441
ENSG00000126733|DACH2,1,0,11,2
ENSG00000198934|MAGEE1,176,147,116,136
ENSG00000196440|ARMCX4,1159,1500,1427,1587
ENSG00000185222|TCEAL9,12023,12283,9980,11984
ENSG00000102390|PBDC1,4171,4316,3170,3942
ENSG00000179300|RTL3,8,13,12,0
ENSG00000174016|TENT5D,22,56,16,30
ENSG00000122145|TBX22,0,0,0,0
ENSG00000153779|TGIF2LX,0,0,0,0
ENSG00000102053|ZC3H12B,684,1002,500,667
ENSG00000102057|KCND1,370,350,367,429
ENSG00000147202|DIAPH2,4429,5940,3490,4487
ENSG00000204272|NBDY,9959,9218,5944,7094
ENSG00000131171|SH3BGRL,6986,7260,5231,6350
ENSG00000170935|NCBP2L,0,0,0,0
ENSG00000204071|TCEAL6,35,35,32,49
ENSG00000068323|TFE3,4240,3806,2704,3455
ENSG00000188917|TRMT2B,3353,3874,2777,3506
ENSG00000170925|TEX13B,0,0,0,0
ENSG00000182489|XKRX,101,128,97,179
ENSG00000186675|MAGEE2,0,3,0,17
ENSG00000102226|USP11,11237,10912,8570,10955
ENSG00000182872|RBM10,9846,9320,6703,8224
ENSG00000268104|SLC6A14,0,13,0,18
ENSG00000126947|ARMCX1,1348,1562,1071,1407
ENSG00000047597|XK,193,255,211,296
ENSG00000198088|NUP62CL,341,389,399,448
ENSG00000089682|RBM41,2098,3184,2468,2784
ENSG00000187690|EZHIP,27,34,21,6
ENSG00000215174|NLRP2B,0,0,2,0
ENSG00000047648|ARHGAP6,67,67,88,85
ENSG00000198960|ARMCX6,3361,3425,2413,2946
ENSG00000147206|NXF3,68,85,44,43
ENSG00000184210|DGAT2L6,0,0,0,3
ENSG00000187682|ERAS,6,7,0,13
ENSG00000102401|ARMCX3,6275,7356,5806,6991
ENSG00000101844|ATG4A,2314,2390,1775,2355
ENSG00000147160|AWAT2,0,0,0,0
ENSG00000101843|PSMD10,6988,7480,5346,6558
ENSG00000123572|NRK,151,237,320,334
ENSG00000130224|LRCH2,16658,22754,14644,17417
ENSG00000069509|FUNDC1,1875,1897,1437,1662
ENSG00000147082|CCNB3,111,116,51,58
ENSG00000166432|ZMAT1,844,1076,904,1071
ENSG00000102128|RAB40AL,57,84,47,60
ENSG00000196767|POU3F4,8,4,8,6
ENSG00000283594|FAM236C,0,0,0,0
ENSG00000078589|P2RY10,0,0,0,0
ENSG00000147121|KRBOX4,1060,1131,936,998
ENSG00000090776|EFNB1,7862,8355,5949,7194
ENSG00000198034|RPS4X,154075,146621,101758,127744
ENSG00000184515|BEX5,268,241,167,223
ENSG00000015285|WAS,119,77,104,110
ENSG00000204065|TCEAL5,84,85,108,126
ENSG00000102055|PPP1R2C,0,0,0,0
ENSG00000184083|FAM120C,3233,4480,2961,3872
ENSG00000082458|DLG3,11356,13263,8400,10775
ENSG00000183035|CYLC1,0,0,0,0
ENSG00000080572|DNAAF6,0,0,4,0
ENSG00000147223|RIPPLY1,0,0,9,0
ENSG00000077713|SLC25A43,4045,4447,3457,4197
ENSG00000196632|WNK3,1727,2495,1918,2338
ENSG00000185753|CXorf38,1682,1869,1149,1537
ENSG00000102024|PLS3,20603,24130,18910,23221
ENSG00000147010|SH3KBP1,5530,5906,4246,4754
ENSG00000182916|TCEAL7,35,28,38,39
ENSG00000133169|BEX1,3433,3177,2497,2856
ENSG00000005022|SLC25A5,55740,51020,35281,45072
ENSG00000226372|DCAF8L1,0,2,0,3
ENSG00000186767|SPIN4,1372,1835,1580,2096
ENSG00000198354|DCAF12L2,854,921,728,935
ENSG00000130119|GNL3L,20622,22322,17354,21552
ENSG00000101856|PGRMC1,24975,26258,18523,23606
ENSG00000003096|KLHL13,3130,3849,2762,3469
ENSG00000180964|TCEAL8,13526,13360,10067,12408
ENSG00000171433|GLOD5,0,0,0,4
ENSG00000189401|OTUD6A,0,3,0,0
ENSG00000268988|SPANXN2,0,0,0,0
ENSG00000125676|THOC2,16326,19593,14678,18140
ENSG00000134588|USP26,0,0,0,3
ENSG00000204271|SPIN3,3036,3300,2881,3276
ENSG00000173681|BCLAF3,496,696,460,664
ENSG00000078596|ITM2A,0,0,0,0
ENSG00000282815|TEX13C,125,109,73,96
ENSG00000229674|H2AL1RP,0,2,0,0
ENSG00000102021|LUZP4,16,9,23,22
ENSG00000227234|SPANXB1,0,0,0,0
ENSG00000184785|SMIM10,715,838,646,734
ENSG00000094631|HDAC6,3257,3208,2270,2643
ENSG00000166681|BEX3,26068,25404,20242,24417
ENSG00000046774|MAGEC2,477,593,370,356
ENSG00000269556|TMEM185A,2816,2964,2171,2639
ENSG00000179542|SLITRK4,0,0,0,0
ENSG00000186462|NAP1L2,415,500,402,557
ENSG00000102241|HTATSF1,10698,13872,10564,13181
ENSG00000123561|SERPINA7,0,0,0,0
ENSG00000183434|TFDP3,2,0,6,0
ENSG00000089289|IGBP1,5823,5749,4040,4974
ENSG00000172476|RAB40A,1574,1869,1237,1393
ENSG00000189252|SPANXN3,0,0,0,0
ENSG00000278646,0,0,0,0
ENSG00000204195|AWAT1,38,30,36,38
ENSG00000226685|CT47A12,0,0,0,0
ENSG00000131721|RHOXF2,6,0,4,4
ENSG00000184905|TCEAL2,126,112,109,129
ENSG00000131725|WDR44,2499,3185,2417,3058
ENSG00000157502|PWWP3B,1177,1340,1084,1272
ENSG00000147127|RAB41,60,56,38,43
ENSG00000129675|ARHGEF6,287,348,337,354
ENSG00000101901|ALG13,3145,3287,2323,2702
ENSG00000124260|MAGEA10,0,0,0,0
ENSG00000165704|HPRT1,7930,7988,6367,7724
ENSG00000102245|CD40LG,0,0,0,0
ENSG00000198883|PNMA5,7,6,7,0
ENSG00000102239|BRS3,8,12,12,0
ENSG00000198881|ASB12,22,20,12,26
ENSG00000226929|CT47A11,0,0,0,0
ENSG00000129682|FGF13,2641,2988,1688,2092
ENSG00000288258,15,5,1,1
ENSG00000184675|AMER1,4226,5373,3796,4251
ENSG00000189326|SPANXN4,0,0,0,0
ENSG00000156925|ZIC3,15,7,12,3
ENSG00000147383|NSDHL,4745,4717,3463,4327
ENSG00000198573|SPANXC,2,0,0,0
ENSG00000189108|IL1RAPL2,458,620,396,402
ENSG00000203923|SPANXN1,0,0,0,0
ENSG00000147400|CETN2,6464,6742,4520,5426
ENSG00000165509|MAGEC3,21,20,14,20
ENSG00000171116|HSFX1,135,134,96,142
ENSG00000182712|CMC4,698,617,458,520
ENSG00000101883|RHOXF1,5,7,0,0
ENSG00000268902|CSAG2,0,0,0,0
ENSG00000198021|SPANXA1,0,3,0,3
ENSG00000156009|MAGEA8,0,3,0,9
ENSG00000187823|RTL4,4,10,14,3
ENSG00000010404|IDS,9815,11518,8978,10806
ENSG00000198930|CSAG1,54,38,63,70
ENSG00000278803|PWWP4,0,0,0,0
ENSG00000213401|MAGEA12,111,90,55,75
ENSG00000228517|CT47A7,0,0,0,0
ENSG00000182195|LDOC1,11531,10863,6291,8208
ENSG00000214827|MTCP1,550,570,389,476
ENSG00000197172|MAGEA6,21,12,26,18
ENSG00000011677|GABRA3,0,3,3,8
ENSG00000241489,393,738,547,528
ENSG00000185247|MAGEA11,7,0,0,13
ENSG00000102195|GPR50,0,0,0,0
ENSG00000009694|TENM1,459,801,359,468
ENSG00000166049|PASD1,0,0,0,0
ENSG00000147255|IGSF1,1556,1824,1374,1691
ENSG00000076716|GPC4,5447,6623,5271,6463
ENSG00000171004|HS6ST2,2911,3590,2567,3385
ENSG00000225110|PNMA6F,0,0,0,0
ENSG00000197021|EOLA2,2908,2766,2067,2664
ENSG00000165775|FUNDC2,10750,9921,7745,9200
ENSG00000197620|EOLA1,1439,1377,907,1208
ENSG00000198681|MAGEA1,0,0,0,0
ENSG00000196406|SPANXD,1,0,0,0
ENSG00000133135|RNF128,204,277,183,244
ENSG00000130032|PRRG3,0,0,0,0
ENSG00000221867|MAGEA3,30,53,46,51
ENSG00000147257|GPC3,195,220,212,268
ENSG00000224440|CXorf51A,0,0,0,0
ENSG00000160219|GAB3,38,34,39,31
ENSG00000102243|VGLL1,385,422,295,349
ENSG00000282419|TEX13D,0,0,0,0
ENSG00000214897|PNMA6E,0,3,5,0
ENSG00000147394|ZNF185,3228,3685,2733,3495
ENSG00000203952|CCDC160,447,384,188,252
ENSG00000155495|MAGEC1,124,107,67,63
ENSG00000182508|LHFPL1,67,82,49,79
ENSG00000102181|CD99L2,5167,5074,3457,4310
ENSG00000185010|F8,637,832,544,687
ENSG00000183631|PRR32,0,0,0,3
ENSG00000235699|CXorf51B,0,0,0,0
ENSG00000155966|AFF2,244,254,246,252
ENSG00000102409|BEX4,17949,17719,13672,16654
ENSG00000170965|PLAC1,490,451,294,329
ENSG00000268089|GABRQ,108,163,137,188
ENSG00000176988|FMR1NB,0,0,5,7
ENSG00000198157|HMGN5,1290,1374,935,1279
ENSG00000129680|MAP7D3,7405,8423,6963,7984
ENSG00000204086|RPA4,9,7,14,27
ENSG00000198889|DCAF12L1,2823,3407,2349,2828
ENSG00000182890|GLUD2,208,264,163,250
ENSG00000101928|MOSPD1,2641,2895,1862,2278
ENSG00000122126|OCRL,9336,11129,8254,10034
ENSG00000133138|TBC1D8B,1549,2275,1592,2012
ENSG00000268916|CSAG3,0,0,0,0
ENSG00000133131|MORC4,1192,1461,1130,1350
ENSG00000236446|CT47B1,0,0,0,0
ENSG00000155959|VBP1,8613,8588,6873,8308
ENSG00000204131|NHSL2,26,59,69,72
ENSG00000250423|KIAA1210,59,50,49,39
ENSG00000123496|IL13RA2,12,0,19,14
ENSG00000285547,72,58,38,4
ENSG00000067177|PHKA1,2234,2665,1925,2558
ENSG00000102383|ZDHHC15,826,833,662,723
ENSG00000169306|IL1RAPL1,48,31,27,6
ENSG00000177485|ZBTB33,6805,8996,6903,8882
ENSG00000242732|RTL5,77,80,132,114
ENSG00000156920|ADGRG4,0,0,8,0
ENSG00000120500|ARR3,39,46,30,25
ENSG00000287585,0,0,0,0
ENSG00000155961|RAB39B,307,315,250,278
ENSG00000186310|NAP1L3,11582,13012,6678,8483
ENSG00000029993|HMGB3,34055,37657,25359,30041
ENSG00000131724|IL13RA1,11623,14096,10960,12887
ENSG00000147246|HTR2C,1430,1660,792,1581
ENSG00000147231|RADX,700,876,905,1072
ENSG00000204019|CT83,0,0,0,3
ENSG00000197565|COL4A6,1679,1885,1450,1557
ENSG00000203926|SPANXA2,0,0,1,4
ENSG00000008056|SYN1,174,115,130,129
ENSG00000126767|ELK1,4817,5042,3668,4494
ENSG00000126756|UXT,4001,3690,2440,3175
ENSG00000102265|TIMP1,1648,1587,1149,1469
ENSG00000147130|ZMYM3,15705,17138,13333,15611
ENSG00000147166|ITGB1BP2,105,60,51,38
ENSG00000147162|OGT,20447,24720,18921,22331
ENSG00000186810|CXCR3,0,0,3,0
ENSG00000155962|CLIC2,30,27,26,23
ENSG00000277745|H2AB3,24,19,7,11
ENSG00000185973|TMLHE,1061,1466,894,1322
ENSG00000168939|SPRY3,624,878,571,712
ENSG00000124333|VAMP7,7211,8149,6259,7420
ENSG00000124334|IL9R,3,0,3,5
ENSG00000102076|OPN1LW,0,0,0,0
ENSG00000268221|OPN1MW,0,2,0,0
ENSG00000269433|OPN1MW3,0,0,0,0
ENSG00000278057|TEX28,0,0,0,0
ENSG00000007350|TKTL1,10,15,0,12
ENSG00000013563|DNASE1L1,3123,2993,2072,2708
ENSG00000102125|TAZ,2166,1948,1427,1590
ENSG00000203879|GDI1,17953,16652,13189,16383
ENSG00000071859|FAM50A,7837,7620,5787,6864
ENSG00000130827|PLXNA3,5815,5643,4537,5283
ENSG00000196976|LAGE3,1725,1542,997,1232
ENSG00000102178|UBL4A,7856,7258,5336,6891
ENSG00000126903|SLC10A3,3987,3706,2564,3256
ENSG00000160211|G6PD,12720,11592,8276,10183
ENSG00000147180|ZNF711,2087,2838,2664,3411
ENSG00000123570|RAB9B,291,325,338,349
ENSG00000158427|TMSB15B,438,434,414,461
ENSG00000269226|TMSB15B,500,471,453,467
ENSG00000005302|MSL3,3125,3309,2237,2872
ENSG00000196664|TLR7,0,0,0,0
ENSG00000169933|FRMPD4,5,0,0,2
ENSG00000204379|XAGE1A,575,611,365,415
ENSG00000204382|XAGE1B,596,628,369,528
ENSG00000187754|SSX7,38,62,48,58
ENSG00000241476|SSX2,372,378,252,329
ENSG00000204363|SPANXN5,0,3,0,8
ENSG00000077721|UBE2A,8161,8386,6783,8382
ENSG00000047634|SCML1,713,840,806,916
ENSG00000188158|NHS,689,1125,928,1009
ENSG00000156313|RPGR,660,838,515,591
ENSG00000277150|F8A3,735,738,533,657
ENSG00000198173|FAM47C,7,1,3,5
ENSG00000156531|PHF6,8059,11425,9185,11343
ENSG00000184388|PABPC1L2B,4,0,2,7
ENSG00000101972|STAG2,24577,38891,26987,33768
ENSG00000203989|RHOXF2B,4,0,0,4
ENSG00000175718|RBMXL3,10,18,6,8
ENSG00000268447|SSX2B,386,380,192,338
ENSG00000147036|LANCL3,55,79,48,63
ENSG00000275520|FAM236A,0,0,0,0
ENSG00000283463|HSFX4,4,15,4,5
ENSG00000063587|ZNF275,4874,5975,4823,5844
ENSG00000102081|FMR1,18491,23847,16190,19755
ENSG00000183918|SH2D1A,0,3,0,0
ENSG00000102054|RBBP7,15216,15986,12226,15670
ENSG00000101945|SUV39H1,2013,1933,1286,1615
ENSG00000147117|ZNF157,100,100,103,132
ENSG00000179222|MAGED1,54816,57236,35095,43926
ENSG00000130021|PUDP,1951,1932,1313,1812
ENSG00000130054|FAM155B,6,8,13,5
ENSG00000047644|WWC3,3222,3794,2458,3017
ENSG00000184194|GPR173,2363,2084,1822,2025
ENSG00000018610|STEEP1,5447,5429,4040,4928
ENSG00000268629|TEX13A,1,0,0,2
ENSG00000235961|PNMA6A,532,409,302,359
ENSG00000188153|COL4A5,8287,9847,7272,9222
ENSG00000101916|TLR8,0,0,0,0
ENSG00000186416|NKRF,5023,6091,4893,6217
ENSG00000134594|RAB33A,141,111,87,108
ENSG00000056277|ZNF280C,2073,2609,2032,2554
ENSG00000156709|AIFM1,15617,15971,10580,12946
ENSG00000171659|GPR34,5,3,9,10
ENSG00000171657|GPR82,7,8,6,8
ENSG00000131174|COX7B,22896,21378,13847,16377
ENSG00000165584|SSX3,2,0,5,0
ENSG00000268009|SSX4,10,10,3,9
ENSG00000017483|SLC38A5,3,6,7,7
ENSG00000068438|FTSJ1,5272,4939,3621,4380
ENSG00000147155|EBP,4877,4491,3669,4400
ENSG00000286268,10,0,10,23
ENSG00000102048|ASB9,871,729,604,732
ENSG00000165192|ASB11,0,0,3,0
ENSG00000165195|PIGA,1283,1905,1333,1626
ENSG00000165197|VEGFD,0,0,18,0
ENSG00000073464|CLCN4,2391,2930,2119,2515
ENSG00000232593|KANTR,2040,2391,1843,1984
ENSG00000126012|KDM5C,57359,62712,42955,52538
ENSG00000158423|RIBC1,728,692,569,634
ENSG00000134595|SOX3,901,893,764,825
ENSG00000130829|DUSP9,545,485,494,565
ENSG00000130822|PNCK,33,66,42,48
ENSG00000185825|BCAP31,25056,23007,15436,18711
ENSG00000101986|ABCD1,1718,1532,1191,1393
ENSG00000198753|PLXNB3,281,249,233,302
ENSG00000184343|SRPK3,45,31,41,15
ENSG00000067829|IDH3G,5539,4983,3324,4471
ENSG00000180879|SSR4,9008,7747,5369,6516
ENSG00000198910|L1CAM,11458,11995,8690,9674
ENSG00000284987,0,0,0,0
ENSG00000089820|ARHGAP4,318,342,199,252
ENSG00000102030|NAA10,11196,9994,7068,8925
ENSG00000102032|RENBP,213,339,174,249
ENSG00000172534|HCFC1,37450,43163,30543,37880
ENSG00000177854|TMEM187,612,547,378,380
ENSG00000184216|IRAK1,30121,28555,20569,25098
ENSG00000126953|TIMM8A,4055,4582,3698,4472
ENSG00000010671|BTK,66,44,58,49
ENSG00000241343|RPL36A,58706,56082,39248,50576
ENSG00000257529|RPL36A-HNRNPH2,2400,29,2029,61
ENSG00000126945|HNRNPH2,11833,15369,9246,13395
ENSG00000262919|CCNQ,2657,2456,1781,2017
ENSG00000130821|SLC6A8,12135,11632,8653,10272
ENSG00000147164|SNX12,8877,9062,6545,8322
ENSG00000184481|FOXO4,1721,1858,1408,1598
ENSG00000204165|CXorf65,0,0,0,0
ENSG00000285171,6,0,0,0
ENSG00000147168|IL2RG,5,0,0,0
ENSG00000184634|MED12,13143,14524,10406,12395
ENSG00000169562|GJB1,0,0,0,0
ENSG00000131263|RLIM,13067,17029,13280,16670
ENSG00000050030|NEXMIF,7,8,13,27
ENSG00000189037|DUSP21,0,0,0,0
ENSG00000147113|DIPK2B,0,0,0,0
ENSG00000283599,0,0,0,0
ENSG00000147224|PRPS1,3986,4276,3953,4838
ENSG00000169083|AR,15948,20712,13360,16019
ENSG00000126895|AVPR2,9,3,11,28
ENSG00000165194|PCDH19,5402,7032,5082,5940
ENSG00000130385|BMP15,0,0,0,0
ENSG00000224659|GAGE12J,301,264,196,236
ENSG00000275113|GAGE2E,576,537,356,426
ENSG00000236737|GAGE12B,1,0,0,0
ENSG00000237671|GAGE12C,350,357,261,324
ENSG00000227488|GAGE12D,89,116,68,36
ENSG00000236362|GAGE12F,87,102,68,71
ENSG00000215269|GAGE12G,530,553,403,473
ENSG00000189064|GAGE2A,1762,1621,1047,1291
ENSG00000205777|GAGE1,410,333,266,305
ENSG00000068985|PAGE1,35,41,16,36
ENSG00000101951|PAGE4,9,15,7,21
ENSG00000147274|RBMX,37067,40768,29704,34863
ENSG00000165370|GPR101,25,34,40,29
ENSG00000188937|NYX,24,20,18,14
ENSG00000172465|TCEAL1,2829,3020,2307,2922
ENSG00000123562|MORF4L2,119022,126933,89035,110593
ENSG00000179363|TMEM31,0,8,3,0
ENSG00000269743|SLC25A53,752,905,893,1049
ENSG00000102007|PLP2,5303,4670,3601,4969
ENSG00000012211|PRICKLE3,951,803,642,696
ENSG00000102001|CACNA1F,0,20,7,14
ENSG00000101997|CCDC22,5450,4849,3350,4211
ENSG00000049769|PPP1R3F,1056,888,603,795
ENSG00000274274|GAGE13,901,684,444,649
ENSG00000147118|ZNF182,922,944,708,861
ENSG00000221994|ZNF630,189,231,162,213
ENSG00000171489|SPACA5,1,0,0,0
ENSG00000102103|PQBP1,3925,3681,2683,3164
ENSG00000101966|XIAP,10242,12887,9157,11705
ENSG00000102038|SMARCA1,15938,21573,16390,21181
ENSG00000101811|CSTF2,6376,7158,5323,6551
ENSG00000184788|SATL1,82,70,75,82
ENSG00000188021|UBQLN2,5647,6636,4544,5666
ENSG00000185985|SLITRK2,6451,7751,4596,5836
ENSG00000133134|BEX2,8749,7842,5686,6966
ENSG00000130962|PRRG1,1699,2153,1869,2393
ENSG00000101911|PRPS2,5319,5636,4024,5319
ENSG00000071889|FAM3A,3659,3342,2356,2698
ENSG00000147123|NDUFB11,5537,5086,3483,4631
ENSG00000067992|PDK3,1313,1945,1592,2066
ENSG00000130055|GDPD2,28,37,15,15
ENSG00000189221|MAOA,2269,2529,1608,2037
ENSG00000085224|ATRX,20254,26758,20177,24585
ENSG00000083750|RRAGB,969,1148,781,865
ENSG00000101842|VSIG1,7,0,7,8
ENSG00000156298|TSPAN7,1825,1836,1117,1406
ENSG00000102003|SYP,69,64,60,54
ENSG00000126759|CFP,40,55,15,0
ENSG00000215301|DDX3X,38709,51718,34457,42515
ENSG00000000005|TNMD,0,0,0,0
ENSG00000000003|TSPAN6,10697,11017,7963,9995
ENSG00000102362|SYTL4,343,392,307,377
ENSG00000147059|SPIN2A,163,159,140,159
ENSG00000147256|ARHGAP36,0,0,6,0
ENSG00000268235|TCP11X1,122,130,110,127
ENSG00000269405|NXF2,286,237,179,182
ENSG00000284800,224,211,145,291
ENSG00000269437|NXF2B,203,120,118,4
ENSG00000215029|TCP11X2,67,139,77,60
ENSG00000158164|TMSB15A,676,717,531,786
ENSG00000102010|BMX,24,28,33,25
ENSG00000285602,44,58,18,32
ENSG00000169239|CA5B,689,712,494,638
ENSG00000169249|ZRSR2,1184,1071,751,971
ENSG00000182287|AP1S2,509,544,528,606
ENSG00000169188|APEX2,6248,6152,4663,5939
ENSG00000158578|ALAS2,0,7,7,0
ENSG00000238269|PAGE2B,11,0,7,22
ENSG00000234068|PAGE2,43,41,0,27
ENSG00000182518|FAM104B,1839,1827,1344,1663
ENSG00000256045|MTRNR2L10,1266,1038,730,965
ENSG00000196924|FLNA,207258,223338,149284,175456
ENSG00000147003|CLTRN,50,46,40,74
ENSG00000147403|RPL10,78122,68202,44887,61085
ENSG00000101871|MID1,4691,6019,3754,4439
ENSG00000072501|SMC1A,65907,88267,72409,91206
ENSG00000198689|SLC9A6,3529,4533,3342,4266
ENSG00000269335|IKBKG,1570,1503,1120,1308
ENSG00000165175|MID1IP1,6575,6253,4029,5269
ENSG00000134602|STK26,5715,7093,5979,7470
ENSG00000123728|RAP2C,4133,4751,3335,4266
ENSG00000165694|FRMD7,0,0,6,3
ENSG00000123560|PLP1,0,0,3,7
ENSG00000001497|LAS1L,11744,11969,8556,10145
ENSG00000147065|MSN,54245,60464,39142,46291
ENSG00000147140|NONO,81512,85427,62725,78016
ENSG00000120280|TASL,0,0,0,11
ENSG00000198814|GK,585,676,580,697
ENSG00000102230|PCYT1B,430,614,547,614
ENSG00000101868|POLA1,3672,4811,3997,4772
ENSG00000004848|ARX,0,0,0,14
ENSG00000182484|WASH6P,2781,2292,1772,2010
ENSG00000223611|SUPT20HL2,0,0,2,2
ENSG00000223731|SUPT20HL1,0,0,0,0
ENSG00000102393|GLA,5273,4918,4190,5057
ENSG00000131089|ARHGEF9,11,26,6,6
ENSG00000288661,0,0,0,0
ENSG00000169057|MECP2,14545,18063,12939,15505
ENSG00000288642|CDR1,0,0,0,0
ENSG00000224902|GAGE12H,88,134,101,112
ENSG00000166707|ZCCHC18,188,163,252,191
ENSG00000158639|PAGE5,43,44,30,39
ENSG00000185515|BRCC3,5180,6550,4491,5963
ENSG00000181191|PJA1,5096,5475,3972,4987
ENSG00000125355|TMEM255A,441,443,462,640
ENSG00000068308|OTUD5,5097,4819,3367,4306
ENSG00000102387|TAF7L,80,98,37,76
ENSG00000204025|TRPC5OS,80,62,56,91
ENSG00000165359|INTS6L,1601,1868,1525,1838
ENSG00000005889|ZFX,4680,6157,4212,5256
ENSG00000126752|SSX1,488,472,376,566
ENSG00000197779|ZNF81,1488,2152,1665,1970
ENSG00000080561|MID2,1772,2141,1302,1705
ENSG00000120509|PDZD11,6296,6440,4599,5582
ENSG00000120498|TEX11,3,5,0,0
ENSG00000147138|GPR174,0,0,0,0
ENSG00000125354|SEPTIN6,4956,5268,4077,5260
ENSG00000198223|CSF2RA,0,3,9,0
ENSG00000022267|FHL1,1617,1765,1737,2004
ENSG00000124313|IQSEC2,5175,5183,3632,4377
ENSG00000131269|ABCB7,5859,6237,4628,5595
ENSG00000180772|AGTR2,0,0,0,0
ENSG00000188706|ZDHHC9,8060,8264,5632,7004
ENSG00000156697|UTP14A,10985,11387,8063,9808
ENSG00000102034|ELF4,5257,5815,4511,5297
ENSG00000085185|BCORL1,7604,8628,7757,9210
ENSG00000133124|IRS4,9,9,4,15
ENSG00000130234|ACE2,36,44,36,37
ENSG00000133142|TCEAL4,16876,16908,12361,14973
ENSG00000196507|TCEAL3,5713,5457,4771,5716
ENSG00000123575|FAM199X,15634,21479,16467,20786
ENSG00000123576|ESX1,0,3,0,3
ENSG00000182378|PLCXD1,4830,4632,3246,3974
ENSG00000268651|CTAG1A,0,0,0,0
ENSG00000171388|APLN,141,141,111,142
ENSG00000122121|XPNPEP2,0,3,0,0
ENSG00000122122|SASH3,16,0,0,7
ENSG00000078061|ARAF,4977,4393,3226,3797
ENSG00000196338|NLGN3,281,259,217,282
ENSG00000155008|APOOL,6621,8196,5315,6795
ENSG00000101938|CHRDL1,3442,3987,2775,3736
ENSG00000077264|PAK3,613,777,660,782
ENSG00000077274|CAPN6,10371,11243,7985,9437
ENSG00000260802|SERTM2,11,0,3,4
ENSG00000102359|SRPX2,47,34,40,58
ENSG00000101892|ATP1B4,0,3,0,0
ENSG00000005893|LAMP2,19058,24693,18009,23086
ENSG00000232119|MCTS1,4030,4041,2986,3667
ENSG00000171155|C1GALT1C1,1272,1183,800,994
ENSG00000158290|CUL4B,11974,15618,11537,14451
ENSG00000269096|CT45A3,0,0,0,0
ENSG00000228836|CT45A5,0,0,0,0
ENSG00000278289|CT45A6,0,0,0,0
ENSG00000271449|CT45A2,0,0,0,0
ENSG00000273696|CT45A7,0,0,0,0
ENSG00000278085|CT45A8,0,0,0,0
ENSG00000270946|CT45A9,0,0,0,0
ENSG00000169446|MMGT1,6601,7503,5542,7238
ENSG00000203933|CXorf66,0,0,0,0
ENSG00000230707,688,718,469,596
ENSG00000077279|DCX,49,78,94,46
ENSG00000046653|GPM6B,603,634,516,634
ENSG00000046647|GEMIN8,1434,1323,909,1115
ENSG00000157600|TMEM164,8605,9662,5697,7275
ENSG00000243978|RTL9,144,134,133,163
ENSG00000187808|SOWAHD,131,102,75,129
ENSG00000198918|RPL39,77203,66901,48696,62675
ENSG00000125351|UPF3B,8600,8837,7459,8341
ENSG00000125352|RNF113A,2112,1892,1419,1677
ENSG00000125356|NDUFA1,9385,8766,5482,7193
ENSG00000186471|AKAP14,0,3,9,5
ENSG00000101882|NKAP,3194,3207,2169,2868
ENSG00000147044|CASK,3484,4099,2859,3235
ENSG00000183337|BCOR,3144,3896,2600,3276
ENSG00000132446|FTHL17,0,0,0,0
ENSG00000182492|BGN,1340,1295,1225,1860
ENSG00000283093|CENPVL2,23,8,10,12
ENSG00000223591|CENPVL1,14,5,4,7
ENSG00000189369|GSPT2,798,893,560,707
ENSG00000224109|CENPVL3,94,70,47,52
ENSG00000181704|YIPF6,11165,13247,10049,13035
ENSG00000079482|OPHN1,10817,15020,10159,12275
ENSG00000160131|VMA21,14241,14746,11795,15296
ENSG00000071553|ATP6AP1,18370,16940,12194,15499
ENSG00000186787|SPIN2B,414,395,295,340
ENSG00000165583|SSX5,40,62,33,64
ENSG00000165376|CLDN2,13,3,6,9
ENSG00000158352|SHROOM4,202,237,193,249
ENSG00000198455|ZXDB,1429,1498,1212,1521
ENSG00000165591|FAAH2,1223,1449,773,1198
ENSG00000102385|DRP2,294,338,222,252
ENSG00000147251|DOCK11,9897,15078,10647,13616
ENSG00000283697|HSFX3,0,0,0,0
ENSG00000198205|ZXDA,271,397,261,413
ENSG00000072315|TRPC5,15,30,28,42
ENSG00000176774|MAGEB18,0,0,0,0
ENSG00000232030|MAGEB6B,0,0,0,0
ENSG00000176746|MAGEB6,6,0,0,8
ENSG00000188408|MAGEB5,0,0,0,0
ENSG00000101935|AMMECR1,8506,10322,6457,8250
ENSG00000133136|GNG5P2,36,44,17,47
ENSG00000225366|TDGF1P3,0,0,3,0
ENSG00000102312|PORCN,885,822,553,633
ENSG00000125675|GRIA3,0,0,0,0
ENSG00000101849|TBL1X,1880,2012,1441,1719
ENSG00000101850|GPR143,262,205,191,283
ENSG00000198759|EGFL6,594,577,423,455
ENSG00000176896|TCEANC,160,211,148,150
ENSG00000123595|RAB9A,1781,1757,1455,1656
ENSG00000046651|OFD1,4295,5454,4206,5004
ENSG00000147133|TAF1,10056,14060,10056,12200
ENSG00000147144|CCDC120,1400,1496,1100,1330
ENSG00000243279|PRAF2,1845,1591,1191,1506
ENSG00000288053,0,96,5,14
ENSG00000196998|WDR45,2813,2507,1923,2276
ENSG00000068394|GPKOW,2248,2422,1468,1860
ENSG00000269313|MAGIX,176,144,102,102
ENSG00000215274|GAGE10,64,41,40,48
ENSG00000049768|FOXP3,127,103,95,98
ENSG00000123584|MAGEA9,2,6,0,0
ENSG00000224089|CT47A10,0,0,0,0
ENSG00000226600|CT47A9,0,0,0,0
ENSG00000230347|CT47A8,0,0,0,0
ENSG00000226023|CT47A6,0,0,0,0
ENSG00000237957|CT47A5,0,0,0,0
ENSG00000230594|CT47A4,0,0,0,0
ENSG00000236126|CT47A3,0,0,0,0
ENSG00000242362|CT47A2,0,0,0,0
ENSG00000268738|HSFX2,112,109,77,114
ENSG00000212747|RTL8B,3142,3245,1971,2700
ENSG00000134590|RTL8C,7788,6522,4298,5329
ENSG00000203950|RTL8A,4901,4345,2937,3720
ENSG00000196972|SMIM10L2B,61,113,65,61
ENSG00000224107|ETDB,1,1,3,1
ENSG00000169551|CT55,5,7,4,0
ENSG00000186376|ZNF75D,1562,2017,1220,1596
ENSG00000238210|ETDA,0,0,0,0
ENSG00000283644|ETDC,0,2,3,8
ENSG00000173275|ZNF449,753,845,587,771
ENSG00000178947|SMIM10L2A,1006,1109,677,838
ENSG00000123131|PRDX4,6530,6305,4451,5408
ENSG00000123130|ACOT9,5697,5897,4444,5370
ENSG00000288706,2,2,1,3
ENSG00000184831|APOO,1610,1599,1115,1377
ENSG00000165182|CXorf58,0,17,0,0
ENSG00000130826|DKC1,18705,19798,14996,18122
ENSG00000130830|MPP1,257,227,184,215
ENSG00000203870|SMIM9,0,0,0,0
ENSG00000274183|H2AB1,24,14,8,9
ENSG00000288722|F8A1,3315,3124,2234,2818
ENSG00000125962|ARMCX5,3678,4068,2866,3886
ENSG00000198932|GPRASP1,314,355,281,315
ENSG00000286237|ARMCX5-GPRASP2,672,920,889,510
ENSG00000198908|BHLHB9,1797,2056,1313,2458
ENSG00000101890|GUCY2F,0,0,0,0
ENSG00000101888|NXT2,1961,2212,1633,2041
ENSG00000176076|KCNE5,11,17,4,6
ENSG00000068366|ACSL4,5054,7635,6255,7477
ENSG00000179304|FAM156B,3171,2911,2545,2980
ENSG00000277858|H2AB2,33,27,9,14
ENSG00000288709|F8A2,1438,1363,1042,1254
ENSG00000183479|TREX2,131,86,214,137
ENSG00000089472|HEPH,0,0,0,0
ENSG00000174460|ZCCHC12,269,235,156,143
ENSG00000175556|LONRF3,383,462,392,355
ENSG00000277535,0,0,0,3
ENSG00000056998|GYG2,1965,1924,1347,1727
ENSG00000006756|ARSD,5870,6233,4062,5253
ENSG00000205667|ARSH,50,40,22,38
ENSG00000062096|ARSF,0,0,0,0
ENSG00000165240|ATP7A,5687,9109,5379,7004
ENSG00000102144|PGK1,79953,82579,55696,69383
ENSG00000226784|PGAM4,1930,1776,1341,1716
ENSG00000187325|TAF9B,6886,8232,5783,7347
ENSG00000147050|KDM6A,2786,3790,2834,3297
ENSG00000157399|ARSL,6,8,0,13
ENSG00000158301|GPRASP2,1938,2229,1952,2440
ENSG00000102078|SLC25A14,2124,1923,1530,1767
ENSG00000134597|RBMX2,6528,5955,4481,5534
ENSG00000147262|GPR119,6,0,0,0
ENSG00000102172|SMS,11182,12691,9496,12012
ENSG00000175809|CBLL2,0,0,0,0
ENSG00000102174|PHEX,129,131,64,106
ENSG00000099399|MAGEB2,0,0,0,0
ENSG00000120289|MAGEB4,0,0,0,0
ENSG00000102287|GABRE,1,13,6,2
ENSG00000102119|EMD,7982,7008,5138,6434
ENSG00000147234|FRMPD3,42,29,6,26
ENSG00000101812|H2BW2,0,0,0,0
ENSG00000204116|CHIC1,1530,2047,1415,1730
ENSG00000198947|DMD,962,1234,944,1206
ENSG00000067842|ATP2B3,0,0,8,26
ENSG00000171100|MTM1,2824,3771,2121,2545
ENSG00000063601|MTMR1,19748,21916,16933,19783
ENSG00000196459|TRAPPC2,1605,1575,1134,1293
ENSG00000124486|USP9X,16881,23313,16803,21292
ENSG00000102158|MAGT1,16784,19670,14893,18662
ENSG00000126950|TMEM35A,5,0,0,0
ENSG00000102384|CENPI,3635,4534,3410,4084
ENSG00000213397|HAUS7,1206,932,712,942
ENSG00000156500|PABIR3,721,905,500,717
ENSG00000130066|SAT1,2402,2165,1700,2251
ENSG00000165675|ENOX2,3550,4407,2880,3841
ENSG00000157514|TSC22D3,1950,2137,1376,1732
ENSG00000214107|MAGEB1,5,0,0,0
ENSG00000171054|OR13H1,0,0,0,0
ENSG00000171478|SPACA5B,1,0,0,0
ENSG00000130052|STARD8,91,138,90,98
ENSG00000198798|MAGEB3,0,0,0,0
ENSG00000131264|CDX4,0,0,0,0
ENSG00000215113|CXorf49B,0,3,0,4
ENSG00000147174|GCNA,287,279,178,265
ENSG00000216649|GAGE12E,59,52,43,53
ENSG00000166160|OPN1MW2,0,0,0,0
ENSG00000267978|MAGEA9B,2,6,0,0
ENSG00000225396|FAM236D,0,0,0,0
ENSG00000123165|ACTRT1,0,0,0,0
ENSG00000215115|CXorf49,0,3,0,4
ENSG00000184033|CTAG1B,0,0,0,0
ENSG00000126890|CTAG2,7,5,0,0
ENSG00000126016|AMOT,7332,9604,7981,10585
ENSG00000186912|P2RY4,25,11,13,8
ENSG00000180815|MAP3K15,304,303,309,399
ENSG00000268350|FAM156A,3214,3011,2609,3070
ENSG00000185448|FAM47A,0,0,0,0
ENSG00000204279|PAGE3,0,0,4,0
ENSG00000269791|SSX4B,11,8,3,14
ENSG00000236371|CT47A1,0,0,0,0
ENSG00000123594|ATXN3L,0,0,0,0
ENSG00000238205|MPC1L,0,0,0,2
ENSG00000184911|DMRTC1B,0,0,0,0
ENSG00000268940|CT45A1,0,0,0,0
ENSG00000214717|ZBED1,5814,6316,4457,5662
ENSG00000002586|CD99,3318,3043,2241,2718
ENSG00000124343|XG,20,14,11,4
ENSG00000013619|MAMLD1,449,532,355,372
ENSG00000072506|HSD17B10,27125,23954,16261,20418
ENSG00000086758|HUWE1,93322,129144,93209,111844
ENSG00000189420|ZFP92,824,989,566,714
ENSG00000157625|TAB3,3114,4598,3430,4246
ENSG00000268606|MAGEA2,7,21,25,19
ENSG00000183305|MAGEA2B,5,21,23,17
ENSG00000123569|H2BW1,0,0,0,0
ENSG00000171405|XAGE5,6,0,0,0
ENSG00000147145|LPAR4,31,49,50,33
ENSG00000269586|CT45A10,0,0,0,0
ENSG00000181433|SAGE1,0,0,0,0
ENSG00000067840|PDZD4,790,846,630,873
ENSG00000102290|PCDH11X,171,378,225,242
ENSG00000147124|ZNF41,1670,2226,1808,2226
ENSG00000183837|PNMA3,24,17,30,33
ENSG00000251192|ZNF674,440,497,421,546
ENSG00000156504|PABIR2,6785,7917,5971,7318
ENSG00000247746|USP51,86,167,128,115
ENSG00000269502|DMRTC1,0,0,0,0
ENSG00000076770|MBNL3,2325,3460,2890,3568
ENSG00000179083|FAM133A,5975,6047,3096,3943
ENSG00000101981|F9,0,0,0,0
ENSG00000101977|MCF2,23,15,31,18
ENSG00000101974|ATP11C,6120,9709,7172,8929
ENSG00000147378|FATE1,0,0,0,0
ENSG00000183862|CNGA2,0,0,0,0
ENSG00000147381|MAGEA4,0,0,0,0
ENSG00000187243|MAGED4B,3010,2683,1950,2289
ENSG00000154545|MAGED4,2935,2857,1886,2284
ENSG00000232948|DEFB130A,19,19,10,19
ENSG00000285975|FAM90A7P,0,0,0,0
ENSG00000253958|CLDN23,86,63,70,99
ENSG00000164821|DEFA4,0,0,0,0
ENSG00000173281|PPP1R3B,674,876,655,738
ENSG00000104213|PDGFRL,374,339,322,390
ENSG00000177023|DEFB104B,0,0,0,0
ENSG00000285913|FAM90A18P,0,0,0,0
ENSG00000173273|TNKS,2653,3746,2882,3460
ENSG00000155970|MICU3,360,527,422,580
ENSG00000154359|LONRF1,405,501,393,506
ENSG00000147408|CSGALNACT1,385,369,317,448
ENSG00000120913|PDLIM2,1573,1330,995,1141
ENSG00000175806|MSRA,19,18,8,12
ENSG00000230549|USP17L1,0,0,0,0
ENSG00000183117|CSMD1,2489,2796,1766,2097
ENSG00000284956,0,0,0,0
ENSG00000198129|DEFB107B,0,0,0,0
ENSG00000176797|DEFB103A,0,0,0,0
ENSG00000134020|PEBP4,0,5,0,0
ENSG00000129422|MTUS1,10191,13421,9566,12558
ENSG00000164816|DEFA5,0,0,0,0
ENSG00000184647|PRSS55,0,0,0,0
ENSG00000275591|XKR5,0,0,0,0
ENSG00000253649|PRSS51,0,0,0,0
ENSG00000285950|FAM90A10P,0,0,0,0
ENSG00000285607|FAM90A9P,0,0,0,0
ENSG00000275342|PRAG1,936,875,586,897
ENSG00000285657|FAM90A19P,0,0,0,0
ENSG00000225327|USP17L3,0,0,0,0
ENSG00000168546|GFRA2,0,0,0,0
ENSG00000147439|BIN3,1240,1176,889,1154
ENSG00000164741|DLC1,209,300,150,192
ENSG00000215356|ZNF705B,0,0,0,0
ENSG00000185053|SGCZ,0,0,2,0
ENSG00000186572|DEFB107A,0,0,0,0
ENSG00000147324|MFHAS1,2579,3089,2445,2999
ENSG00000147443|DOK2,0,0,0,0
ENSG00000254093|PINX1,757,915,507,607
ENSG00000198791|CNOT7,22392,25941,19073,24282
ENSG00000285720|FAM90A17P,0,0,0,0
ENSG00000104723|TUSC3,15067,15369,10369,12908
ENSG00000078579|FGF20,21,27,12,24
ENSG00000176782|DEFB104A,0,0,0,0
ENSG00000177257|DEFB4B,0,0,0,0
ENSG00000179388|EGR3,266,305,96,225
ENSG00000221818|EBF2,0,0,0,3
ENSG00000285937|FAM90A8P,0,0,0,0
ENSG00000171320|ESCO2,3347,4581,4132,5404
ENSG00000156011|PSD3,6134,9811,6172,7655
ENSG00000104714|ERICH1,1232,1345,1055,1208
ENSG00000155975|VPS37A,4390,5095,4205,4785
ENSG00000241852|C8orf58,1273,1206,757,954
ENSG00000164743|C8orf48,0,0,0,2
ENSG00000248235,10,4,3,0
ENSG00000147457|CHMP7,6024,6196,4591,5830
ENSG00000159167|STC1,75,85,64,45
ENSG00000197265|GTF2E2,5385,5902,4131,5049
ENSG00000104228|TRIM35,2785,2938,2238,2957
ENSG00000145002|FAM86B2,174,150,113,115
ENSG00000104689|TNFRSF10A,2535,2762,2268,2987
ENSG00000198042|MAK16,10854,12012,9141,11188
ENSG00000175445|LPL,51,81,55,72
ENSG00000147421|HMBOX1,1823,2584,2133,2334
ENSG00000156006|NAT2,63,61,43,57
ENSG00000171056|SOX7,30,35,28,31
ENSG00000036565|SLC18A1,0,0,0,0
ENSG00000158941|CCAR2,26058,24782,18189,21989
ENSG00000172728|FUT10,1402,1691,1167,1402
ENSG00000258724|PINX1,0,0,0,0
ENSG00000156687|UNC5D,6,0,3,0
ENSG00000130227|XPO7,18778,21701,15623,19683
ENSG00000038945|MSR1,121,103,109,106
ENSG00000092964|DPYSL2,1091,1143,811,949
ENSG00000120885|CLU,159051,147708,82970,114065
ENSG00000164825|DEFB1,0,0,0,0
ENSG00000285620|FAM90A16P,0,0,0,0
ENSG00000147533|GOLGA7,8605,9208,7028,8602
ENSG00000171711|DEFB4A,0,0,0,0
ENSG00000253457|SMIM18,2,3,3,2
ENSG00000177243|DEFB103B,0,0,0,0
ENSG00000147419|CCDC25,15329,16866,11990,15140
ENSG00000147454|SLC25A37,4455,4601,3739,4150
ENSG00000120875|DUSP4,1017,942,587,681
ENSG00000104626|ERI1,1065,1262,1098,1319
ENSG00000177669|MBOAT4,10,15,18,12
ENSG00000069206|ADAM7,0,0,0,0
ENSG00000147459|DOCK5,413,520,458,605
ENSG00000168077|SCARA3,37576,36505,23319,29979
ENSG00000239839|DEFA3,0,0,0,0
ENSG00000186579|DEFB106A,0,0,0,0
ENSG00000104660|LEPROTL1,7198,8039,6199,7920
ENSG00000120907|ADRA1A,0,0,0,0
ENSG00000133878|DUSP26,0,0,8,0
ENSG00000147465|STAR,41,16,16,6
ENSG00000167034|NKX3-1,13,11,16,27
ENSG00000147416|ATP6V1B2,10401,11152,8296,10035
ENSG00000156675|RAB11FIP1,4218,4900,4146,5002
ENSG00000187840|EIF4EBP1,9878,9196,6540,8555
ENSG00000186599|DEFB105B,0,0,0,0
ENSG00000285687|FAM90A22P,0,0,0,0
ENSG00000104756|KCTD9,5132,6275,3905,4912
ENSG00000120925|RNF170,2668,2793,1929,2326
ENSG00000178287|SPAG11A,0,0,0,0
ENSG00000015592|STMN4,8,0,0,8
ENSG00000147471|PLPBP,5272,5462,3923,5100
ENSG00000134013|LOXL2,956,1104,780,860
ENSG00000061337|LZTS1,0,0,3,4
ENSG00000184661|CDCA2,6096,7626,4500,5433
ENSG00000186918|ZNF395,12333,12880,8965,11417
ENSG00000147475|ERLIN2,6302,7130,4685,5893
ENSG00000104219|ZDHHC2,5941,6940,4964,6325
ENSG00000250305|TRMT9B,0,0,0,0
ENSG00000003987|MTMR7,467,706,523,649
ENSG00000169154|GOT1L1,0,0,0,0
ENSG00000168300|PCMTD1,3326,4406,3073,3973
ENSG00000104765|BNIP3L,10788,12892,9102,11449
ENSG00000134028|ADAMDEC1,0,0,0,0
ENSG00000197892|KIF13B,3166,3876,2629,3339
ENSG00000168172|HOOK3,4327,5895,4700,6156
ENSG00000104613|INTS10,7217,7624,5466,6892
ENSG00000164822|DEFA6,0,0,0,0
ENSG00000104671|DCTN6,5153,5184,3696,4329
ENSG00000221914|PPP2R2A,15115,15957,11760,14210
ENSG00000168078|PBK,7884,9183,6323,7482
ENSG00000197217|ENTPD4,6221,7483,6082,7643
ENSG00000164808|SPIDR,3239,3817,2670,3087
ENSG00000171044|XKR6,173,199,139,173
ENSG00000285880,0,0,0,0
ENSG00000147437|GNRH1,93,73,47,63
ENSG00000120915|EPHX2,2635,2388,1693,2161
ENSG00000134014|ELP3,5898,6236,4568,5354
ENSG00000188676|IDO2,7,6,6,22
ENSG00000169139|UBE2V2,9556,10555,7683,9237
ENSG00000286131,0,0,0,0
ENSG00000168575|SLC20A2,10803,11580,8475,11062
ENSG00000104611|SH2D4A,4342,4988,4340,5010
ENSG00000120889|TNFRSF10B,12163,12025,9635,12465
ENSG00000206579|XKR4,456,577,176,171
ENSG00000187735|TCEA1,20136,23160,17716,21698
ENSG00000168081|PNOC,9,13,9,17
ENSG00000183638|RP1L1,6,4,0,0
ENSG00000240694|PNMA2,61,87,100,111
ENSG00000129691|ASH2L,6440,6652,4705,6150
ENSG00000254087|LYN,4538,5072,3203,4028
ENSG00000196711|ALKAL1,0,0,0,0
ENSG00000104237|RP1,224,229,239,268
ENSG00000147481|SNTG1,0,0,0,2
ENSG00000157168|NRG1,923,1067,845,804
ENSG00000133872|SARAF,16821,17821,13654,17534
ENSG00000172817|CYP7B1,0,0,0,0
ENSG00000183779|ZNF703,3993,4003,2162,2479
ENSG00000178538|CA8,1678,2067,1419,1760
ENSG00000020181|ADGRA2,41,20,0,21
ENSG00000131931|THAP1,1350,1388,1048,1289
ENSG00000104738|MCM4,26611,29652,22734,27940
ENSG00000237038|USP17L8,0,0,0,0
ENSG00000255378|PRR23D2,0,0,0,0
ENSG00000133874|RNF122,2204,1903,1363,1657
ENSG00000104221|BRF2,1232,1142,978,1205
ENSG00000147488|ST18,0,0,0,3
ENSG00000085788|DDHD2,4698,5386,4735,5781
ENSG00000236125|USP17L4,0,0,0,0
ENSG00000285765|FAM90A23P,0,0,0,0
ENSG00000042980|ADAM28,0,0,0,0
ENSG00000165061|ZMAT4,14,30,11,29
ENSG00000121005|CRISPLD1,6006,7303,5995,6870
ENSG00000104679|R3HCC1,3696,3718,2466,2936
ENSG00000104722|NEFM,0,0,5,0
ENSG00000164751|PEX2,5396,5893,3999,4963
ENSG00000104427|ZC2HC1A,562,808,681,754
ENSG00000147485|PXDNL,22,20,6,19
ENSG00000167904|TMEM68,4059,4386,3233,4048
ENSG00000171033|PKIA,1379,1673,1320,1577
ENSG00000091656|ZFHX4,9378,15173,10601,13072
ENSG00000177182|CLVS1,4,0,9,6
ENSG00000171060|C8orf74,0,0,0,0
ENSG00000104442|ARMC1,6719,7959,6239,7667
ENSG00000164736|SOX17,16815,15836,10134,13108
ENSG00000173530|TNFRSF10D,4559,5190,4147,5187
ENSG00000221947|XKR9,389,516,342,449
ENSG00000076641|PAG1,60,85,62,105
ENSG00000131203|IDO1,150,84,62,60
ENSG00000198363|ASPH,14646,18434,13341,16717
ENSG00000137573|SULF1,1320,1797,930,1154
ENSG00000276418,218,154,0,56
ENSG00000165084|C8orf34,58,56,40,50
ENSG00000253729|PRKDC,53723,93829,75656,93380
ENSG00000164879|CA3,98,61,48,61
ENSG00000170323|FABP4,0,0,0,0
ENSG00000158669|GPAT4,10896,11256,8077,9778
ENSG00000215372|ZNF705G,0,0,0,0
ENSG00000164684|ZNF704,7296,11093,6800,8035
ENSG00000164749|HNF4G,106,180,163,66
ENSG00000104331|BPNT2,24812,34331,25967,32394
ENSG00000176731|RBIS,5826,4941,3622,4519
ENSG00000164823|OSGIN2,4031,5316,4685,5721
ENSG00000040341|STAU2,5445,7537,5483,6928
ENSG00000147606|SLC26A7,1814,2536,1486,1963
ENSG00000104432|IL7,16,9,8,0
ENSG00000164683|HEY1,1173,1425,643,812
ENSG00000258677,0,0,0,0
ENSG00000168079|SCARA5,4,6,4,0
ENSG00000104497|SNX16,1315,1616,1292,1611
ENSG00000104327|CALB1,106,111,191,115
ENSG00000133731|IMPA1,3248,3704,2863,3718
ENSG00000123119|NECAB1,42,57,32,38
ENSG00000205186|FABP9,0,0,0,0
ENSG00000186523|FAM86B1,726,680,434,519
ENSG00000164949|GEM,187,173,124,200
ENSG00000214954|LRRC69,103,127,87,72
ENSG00000205189|ZBTB10,5442,7517,5747,7038
ENSG00000156103|MMP16,108,287,169,318
ENSG00000253250|C8orf88,0,0,0,0
ENSG00000147613|PSKH2,34,20,18,7
ENSG00000147596|PRDM14,6,0,0,7
ENSG00000155100|OTUD6B,2866,3723,2915,3550
ENSG00000164687|FABP5,2803,2645,2255,2723
ENSG00000154589|LY96,11,22,9,20
ENSG00000164951|PDP1,4843,5692,4751,5597
ENSG00000104321|TRPA1,31,63,36,52
ENSG00000079112|CDH17,0,3,0,7
ENSG00000156466|GDF6,72,65,73,112
ENSG00000035681|NSMAF,5075,5307,4066,5110
ENSG00000147649|MTDH,18859,21052,13711,16834
ENSG00000079102|RUNX1T1,195,313,175,213
ENSG00000104356|POP1,2678,3049,2504,2769
ENSG00000177459|ERICH5,305,369,321,387
ENSG00000197416|FABP12,0,0,1,0
ENSG00000104343|UBE2W,4749,5875,4375,5372
ENSG00000104231|ZFAND1,4086,4531,3516,4300
ENSG00000147586|MRPS28,1683,1437,1217,1313
ENSG00000156735|BAG4,4830,5960,4646,5835
ENSG00000176566|DCAF4L2,0,0,0,0
ENSG00000137571|SLCO5A1,1030,1557,1322,1449
ENSG00000188343|CIBAR1,788,959,702,840
ENSG00000137574|TGS1,8278,9269,7230,9071
ENSG00000175606|TMEM70,2180,2189,1805,2075
ENSG00000104325|DECR1,4547,4342,2838,3609
ENSG00000120963|ZNF706,4185,4059,2741,3545
ENSG00000253598|SLC10A5,87,67,39,60
ENSG00000164924|YWHAZ,124028,139768,92757,112396
ENSG00000165392|WRN,4783,6030,4613,5706
ENSG00000156482|RPL30,76571,68622,48628,60444
ENSG00000147588|PMP2,6,0,0,0
ENSG00000164893|SLC7A13,0,0,0,0
ENSG00000185015|CA13,1351,1765,1340,1672
ENSG00000265817|FSBP,896,1201,1124,1602
ENSG00000164695|CHMP4C,2048,2108,1549,2085
ENSG00000180694|TMEM64,5423,6871,4689,5649
ENSG00000104361|NIPAL2,1459,1769,1289,1697
ENSG00000104267|CA2,30594,31892,14535,18098
ENSG00000155099|PIP4P2,664,710,493,650
ENSG00000168619|ADAM18,0,0,0,2
ENSG00000132554|RGS22,0,0,0,6
ENSG00000147526|TACC1,4956,6236,5282,6947
ENSG00000132541|RIDA,2618,2490,2006,2432
ENSG00000147669|POLR2K,6084,5822,4373,5560
ENSG00000123124|WWP1,7498,9604,6520,8001
ENSG00000147536|GINS4,6002,6134,5597,6903
ENSG00000205133|TRIQK,4646,5842,3968,5189
ENSG00000133740|E2F5,4499,4297,3117,3491
ENSG00000184672|RALYL,718,848,383,506
ENSG00000176907|TCIM,1029,1143,605,890
ENSG00000164794|KCNV1,623,816,657,892
ENSG00000156467|UQCRB,16796,16053,11918,14084
ENSG00000189233|NUGGC,30,43,31,34
ENSG00000104341|LAPTM4B,46121,45747,31507,41076
ENSG00000221869|CEBPD,5726,5232,2839,4157
ENSG00000165066|NKX6-3,0,0,5,0
ENSG00000147432|CHRNB3,0,0,0,1
ENSG00000034239|EFCAB1,0,0,0,0
ENSG00000104312|RIPK2,2583,2793,2245,2962
ENSG00000214050|FBXO16,583,673,449,598
ENSG00000164934|DCAF13,18654,20054,13831,17720
ENSG00000180543|TSPYL5,0,1,0,0
ENSG00000156486|KCNS2,17,17,11,9
ENSG00000133739|LRRCC1,3171,3974,3233,3897
ENSG00000167910|CYP7A1,0,0,0,0
ENSG00000175895|PLEKHF2,5561,6670,4231,5569
ENSG00000164944|VIRMA,10350,12339,10039,11816
ENSG00000197275|RAD54B,2073,2527,2321,2853
ENSG00000176571|CNBD1,0,0,0,0
ENSG00000156162|DPY19L4,5211,6731,5611,6694
ENSG00000104517|UBR5,16852,26212,18527,23340
ENSG00000104313|EYA1,131,178,103,134
ENSG00000147570|DNAJC5B,8,9,11,8
ENSG00000104755|ADAM2,0,0,0,0
ENSG00000156471|PTDSS1,14010,14801,11110,14198
ENSG00000285814|FAM90A14P,0,0,0,0
ENSG00000164761|TNFRSF11B,533,596,359,386
ENSG00000156170|NDUFAF6,1855,1894,1290,1656
ENSG00000147689|FAM83A,362,372,202,247
ENSG00000048392|RRM2B,2923,3969,3280,4598
ENSG00000205002|AARD,1351,1286,1099,1474
ENSG00000157110|RBPMS,2024,2147,1635,1663
ENSG00000019549|SNAI2,0,0,0,0
ENSG00000169085|VXN,0,3,3,61
ENSG00000172167|MTBP,1915,2372,2076,2364
ENSG00000171316|CHD7,9921,13501,9451,11290
ENSG00000104413|ESRP1,20687,24476,13864,18215
ENSG00000164933|SLC25A32,4947,5554,3947,4934
ENSG00000156469|MTERF3,2682,2361,1892,2229
ENSG00000156172|C8orf37,814,843,670,805
ENSG00000274443|C8orf89,0,0,0,0
ENSG00000136982|DSCC1,3927,4360,4253,4969
ENSG00000172172|MRPL13,5893,5802,3826,5191
ENSG00000136999|CCN3,4078,4410,3413,4350
ENSG00000147642|SYBU,573,594,325,458
ENSG00000164841|TMEM74,126,170,149,176
ENSG00000156804|FBXO32,3677,4146,2214,3295
ENSG00000137547|MRPL15,11486,11310,7478,9535
ENSG00000180938|ZNF572,366,442,374,510
ENSG00000120992|LYPLA1,13666,14948,12075,14873
ENSG00000132561|MATN2,921,845,801,1043
ENSG00000175324|LSM1,5621,5110,3801,4553
ENSG00000156509|FBXO43,120,108,115,137
ENSG00000137575|SDCBP,8558,9684,8272,10698
ENSG00000155792|DEPTOR,1367,1625,862,980
ENSG00000215114|UBXN2B,10221,12607,9542,12044
ENSG00000120899|PTK2B,7449,7369,5221,6192
ENSG00000147677|EIF3H,42365,41332,29168,36443
ENSG00000155097|ATP6V1C1,8622,10357,7985,9851
ENSG00000104490|NCALD,2044,1942,1396,1855
ENSG00000285791,28,62,63,0
ENSG00000104537|ANXA13,0,0,0,0
ENSG00000023287|RB1CC1,6826,10999,8463,10151
ENSG00000165078|CPA6,121,117,109,90
ENSG00000155087|ODF1,0,0,0,0
ENSG00000164932|CTHRC1,393,404,417,350
ENSG00000164758|MED30,1548,1649,1114,1328
ENSG00000164754|RAD21,52043,68159,48287,61500
ENSG00000121039|RDH10,3186,3575,2825,3257
ENSG00000164961|WASHC5,7486,8276,5588,7223
ENSG00000147509|RGS20,2761,2877,1894,2250
ENSG00000034677|RNF19A,6384,8006,5894,7251
ENSG00000176406|RIMS2,12,16,15,10
ENSG00000104388|RAB2A,15714,16399,11858,14487
ENSG00000147576|ADHFE1,122,74,71,88
ENSG00000179041|RRS1,8439,8248,5427,6946
ENSG00000120903|CHRNA2,5,22,8,6
ENSG00000104375|STK3,3075,3593,2562,3168
ENSG00000147614|ATP6V0D2,484,465,257,362
ENSG00000064313|TAF2,5093,6965,5414,6572
ENSG00000188778|ADRB3,0,0,0,0
ENSG00000285982,0,0,1,0
ENSG00000147679|UTP23,5750,6287,4524,5771
ENSG00000184156|KCNQ3,262,472,293,256
ENSG00000285655,0,0,1,0
ENSG00000198846|TOX,9011,10099,5907,6794
ENSG00000153317|ASAP1,7408,9724,7758,9175
ENSG00000147654|EBAG9,2749,2775,1790,2324
ENSG00000180828|BHLHE22,0,0,0,0
ENSG00000147676|MAL2,65877,73241,49984,64343
ENSG00000182674|KCNB2,11,22,17,15
ENSG00000176853|FAM91A1,8691,12255,9631,12144
ENSG00000155926|SLA,6,0,5,0
ENSG00000046889|PREX2,4024,6465,3488,4346
ENSG00000168672|LRATD2,12188,13983,10158,13457
ENSG00000184374|COLEC10,32,25,35,27
ENSG00000136997|MYC,5109,5168,2572,3667
ENSG00000156787|TBC1D31,3045,3495,2513,3144
ENSG00000169946|ZFPM2,1938,2578,1695,1944
ENSG00000165156|ZHX1,5657,7763,5734,6997
ENSG00000259305|ZHX1-C8orf76,412,264,225,333
ENSG00000104549|SQLE,12584,15640,10565,13691
ENSG00000169439|SDC2,15178,16456,12828,16045
ENSG00000205038|PKHD1L1,33,62,78,99
ENSG00000258417,0,0,0,0
ENSG00000153310|CYRIB,9321,10313,7278,9157
ENSG00000083307|GRHL2,10980,13143,7981,9633
ENSG00000158106|RHPN1,2959,2458,1902,2335
ENSG00000253117|OC90,0,0,0,0
ENSG00000147592|LACTB2,3871,3999,3271,4085
ENSG00000198576|ARC,38,22,39,17
ENSG00000212993|POU5F1B,40,28,11,23
ENSG00000067167|TRAM1,20719,23320,18002,22548
ENSG00000167656|LY6D,0,0,0,0
ENSG00000140396|NCOA2,7916,12622,7935,9979
ENSG00000042832|TG,10,4,13,0
ENSG00000254402|LRRC24,99,62,42,83
ENSG00000164930|FZD6,4832,6053,4831,6410
ENSG00000164764|SBSPON,207,127,132,106
ENSG00000184428|TOP1MT,5527,5238,3852,4948
ENSG00000160932|LY6E,3382,2960,2089,2574
ENSG00000104499|GML,0,0,0,0
ENSG00000277494|GPIHBP1,37,22,21,16
ENSG00000234616|JRK,3519,3587,2299,2737
ENSG00000197353|LYPD2,0,0,0,0
ENSG00000283992|SLURP2,0,0,0,0
ENSG00000179142|CYP11B2,0,0,0,0
ENSG00000185730|ZNF696,3997,3797,2599,3225
ENSG00000181790|ADGRB1,0,18,10,3
ENSG00000147655|RSPO2,10,31,15,0
ENSG00000189376|C8orf76,2368,2504,1695,2162
ENSG00000171045|TSNARE1,1382,1234,771,999
ENSG00000131773|KHDRBS3,402,340,243,351
ENSG00000264668,550,320,203,235
ENSG00000126233|SLURP1,0,0,0,0
ENSG00000198169|ZNF251,1888,1951,1370,1675
ENSG00000250571|GLI4,2681,2276,1533,1812
ENSG00000008513|ST3GAL1,25,30,19,27
ENSG00000155897|ADCY8,0,0,0,0
ENSG00000147724|FAM135B,0,0,0,0
ENSG00000167701|GPT,107,101,49,54
ENSG00000180155|LYNX1,7,12,12,6
ENSG00000284505|LYNX1-SLURP2,0,0,0,0
ENSG00000178764|ZHX2,14158,15568,7920,10055
ENSG00000181638|ZFP41,3933,4350,2822,3522
ENSG00000132297|HHLA1,1,0,0,0
ENSG00000147604|RPL7,100871,95618,66619,84292
ENSG00000213563|C8orf82,3930,3556,2219,3011
ENSG00000104324|CPQ,1036,1035,732,898
ENSG00000132294|EFR3A,6291,8602,6141,7973
ENSG00000136986|DERL1,14528,16275,10701,13894
ENSG00000066855|MTFR1,3959,4487,3368,4544
ENSG00000169436|COL22A1,0,0,0,0
ENSG00000169398|PTK2,18920,21210,15502,19168
ENSG00000164796|CSMD3,14,16,14,3
ENSG00000160886|LY6K,528,522,455,606
ENSG00000130193|THEM6,1941,1759,945,1339
ENSG00000164929|BAALC,140,140,97,99
ENSG00000160957|RECQL4,6544,6089,5471,6693
ENSG00000147799|ARHGAP39,3428,3410,2156,2752
ENSG00000160973|FOXH1,17,42,0,12
ENSG00000167653|PSCA,31,64,32,42
ENSG00000172164|SNTB1,4042,4525,3130,4056
ENSG00000047249|ATP6V1H,5650,5479,3856,4616
ENSG00000187955|COL14A1,128,179,93,137
ENSG00000123908|AGO2,19563,30062,22072,27721
ENSG00000160949|TONSL,7012,7116,6352,7621
ENSG00000156831|NSMCE2,2657,2696,1765,2267
ENSG00000181195|PENK,6,3,7,12
ENSG00000167700|MFSD3,1362,1118,621,810
ENSG00000160959|LRRC14,3757,3478,2537,3225
ENSG00000182307|C8orf33,9019,8830,7168,8995
ENSG00000066827|ZFAT,1801,2060,1211,1471
ENSG00000156795|NTAQ1,1332,1526,1053,1322
ENSG00000104332|SFRP1,1443,1735,1311,1527
ENSG00000147573|TRIM55,9,20,10,36
ENSG00000147571|CRH,0,11,0,0
ENSG00000173334|TRIB1,1507,1655,1042,1484
ENSG00000170961|HAS2,3,6,8,0
ENSG00000156802|ATAD2,9582,14866,13959,17183
ENSG00000288611|NPBWR1,37,42,22,28
ENSG00000147535|PLPP5,2264,2326,1803,2368
ENSG00000147548|NSD3,8838,13347,10543,12527
ENSG00000079459|FDFT1,6471,6418,4396,5665
ENSG00000104415|CCN4,41,37,28,35
ENSG00000029534|ANK1,3,23,18,10
ENSG00000160882|CYP11B1,0,0,0,0
ENSG00000129696|TTI2,2501,2475,1934,2475
ENSG00000205268|PDE7A,23443,26044,17281,21148
ENSG00000003989|SLC7A2,2817,4363,3494,4379
ENSG00000104320|NBN,8733,11410,7930,9801
ENSG00000104450|SPAG1,2224,2425,2203,2883
ENSG00000173535|TNFRSF10C,0,14,16,7
ENSG00000147434|CHRNA6,0,0,3,7
ENSG00000104435|STMN2,0,0,0,0
ENSG00000008853|RHOBTB2,6752,7799,5603,6514
ENSG00000154328|NEIL2,667,622,401,564
ENSG00000104369|JPH1,1398,1891,1966,2301
ENSG00000104760|FGL1,0,0,0,0
ENSG00000078674|PCM1,17426,28314,20135,24940
ENSG00000104763|ASAH1,27940,29670,19457,25882
ENSG00000137561|TTPA,0,12,10,18
ENSG00000185728|YTHDF3,13960,18366,13391,16224
ENSG00000137558|PI15,1461,2553,443,1676
ENSG00000104381|GDAP1,3062,3714,2829,3570
ENSG00000277586|NEFL,3,0,0,0
ENSG00000147697|GSDMC,44,51,31,48
ENSG00000260428|SCX,161,91,117,97
ENSG00000185122|HSF1,7364,6456,4545,5786
ENSG00000185000|DGAT1,1660,1524,1170,1263
ENSG00000261678|SCRT1,20,13,15,23
ENSG00000261587|TMEM249,21,12,11,8
ENSG00000271698,17,14,9,18
ENSG00000182325|FBXL6,1907,1656,1233,1559
ENSG00000173137|ADCK5,535,453,393,385
ENSG00000071894|CPSF1,8007,6873,5373,6204
ENSG00000147804|SLC39A4,545,616,475,559
ENSG00000160948|VPS28,2644,2397,1461,1580
ENSG00000261236|BOP1,10010,8920,5965,7183
ENSG00000185803|SLC52A2,3387,2803,1944,2512
ENSG00000171428|NAT1,1128,1191,812,992
ENSG00000082556|OPRK1,61,66,37,55
ENSG00000022567|SLC45A4,4697,4552,3785,4595
ENSG00000204882|GPR20,0,3,0,3
ENSG00000172680|MOS,0,0,0,1
ENSG00000181690|PLAG1,2876,3537,2685,3292
ENSG00000170791|CHCHD7,5308,5300,4092,5208
ENSG00000104419|NDRG1,22038,22416,13305,17448
ENSG00000133742|CA1,0,0,4,9
ENSG00000176209|SMIM19,5155,4841,3274,4062
ENSG00000154582|ELOC,8229,7767,6248,7486
ENSG00000104447|TRPS1,5155,7486,4427,5508
ENSG00000120910|PPP3CC,374,393,348,393
ENSG00000254673,0,0,0,0
ENSG00000168522|FNTA,11371,12023,9344,11341
ENSG00000165102|HGSNAT,5326,5326,3673,4587
ENSG00000168333|PPDPFL,0,0,0,0
ENSG00000198010|DLGAP2,1,1,0,0
ENSG00000167702|KIFC2,2627,2212,1618,1911
ENSG00000185900|POMK,8842,10271,7227,8979
ENSG00000129292|PHF20L1,8806,10844,7690,9781
ENSG00000136960|ENPP2,118,208,237,241
ENSG00000165046|LETM2,551,658,283,441
ENSG00000214814|FER1L6,185,328,230,293
ENSG00000261787|TCF24,120,178,187,193
ENSG00000178125|PPP1R42,13,31,0,8
ENSG00000121022|COPS5,7493,7397,5537,6954
ENSG00000066777|ARFGEF1,13050,19723,13876,17565
ENSG00000181135|ZNF707,1562,1663,1126,1493
ENSG00000255181|CCDC166,0,3,1,5
ENSG00000181085|MAPK15,272,208,136,168
ENSG00000180921|FAM83H,13313,13120,8952,11455
ENSG00000180900|SCRIB,14159,13352,8602,10449
ENSG00000179950|PUF60,13708,12095,7759,9821
ENSG00000185189|NRBP2,1977,1804,1373,1704
ENSG00000261150|EPPK1,1226,1892,1734,2108
ENSG00000178685|PARP10,548,530,505,532
ENSG00000178719|GRINA,23648,21445,15345,19563
ENSG00000186583|SPATC1,2,13,3,0
ENSG00000178814|OPLAH,556,524,366,425
ENSG00000178896|EXOSC4,5343,4969,3310,4008
ENSG00000197858|GPAA1,16558,14745,9958,12910
ENSG00000179091|CYC1,18649,16401,11086,13262
ENSG00000179526|SHARPIN,5682,4779,3136,4168
ENSG00000179632|MAF1,14697,13664,9620,12312
ENSG00000179698|WDR97,81,79,67,72
ENSG00000235173|HGH1,3906,3606,2437,2999
ENSG00000164941|INTS8,6788,7584,5847,7313
ENSG00000164938|TP53INP1,7767,9370,6114,7945
ENSG00000175073|VCPIP1,3465,4690,3904,4860
ENSG00000288602|C8orf44-SGK3,17,5,21,2
ENSG00000104205|SGK3,667,902,791,857
ENSG00000178460|MCMDC2,38,23,17,29
ENSG00000147364|FBXO25,3376,4208,2875,3767
ENSG00000174417|TRHR,5,0,4,12
ENSG00000120533|ENY2,6490,6258,4674,5637
ENSG00000120526|NUDCD1,5764,6795,5277,6297
ENSG00000186106|ANKRD46,2163,2758,1847,2266
ENSG00000174226|SNX31,0,0,0,0
ENSG00000070756|PABPC1,221250,221849,163715,206141
ENSG00000104412|EMC2,4227,4102,2858,3599
ENSG00000169427|KCNK9,17,20,14,11
ENSG00000167632|TRAPPC9,3211,3166,2004,2619
ENSG00000104472|CHRAC1,9095,9305,7399,9112
ENSG00000104408|EIF3E,43961,46654,32770,41485
ENSG00000008988|RPS20,112134,102859,71893,93970
ENSG00000164733|CTSB,51164,49946,31244,37042
ENSG00000169499|PLEKHA2,8460,9988,7314,9166
ENSG00000169495|HTRA4,0,10,0,0
ENSG00000169490|TM2D2,3613,3478,2378,3111
ENSG00000197140|ADAM32,69,103,95,79
ENSG00000147601|TERF1,5727,5707,4375,5201
ENSG00000137563|GGH,7856,7839,6595,7867
ENSG00000104218|CSPP1,3653,3807,2934,3407
ENSG00000083168|KAT6A,10020,14108,9625,12024
ENSG00000070718|AP3M2,3754,4172,3291,4322
ENSG00000104368|PLAT,1852,1869,1593,2125
ENSG00000070501|POLB,4394,4242,3283,4147
ENSG00000104371|DKK4,0,5,3,6
ENSG00000078668|VDAC3,20185,20196,14415,18007
ENSG00000183665|TRMT12,2841,2896,2056,2526
ENSG00000170881|RNF139,4438,4749,3297,4072
ENSG00000147687|TATDN1,5885,5847,4516,5421
ENSG00000147684|NDUFB9,26281,24258,17419,22180
ENSG00000170873|MTSS1,442,415,308,383
ENSG00000104687|GSR,9352,9699,6838,8633
ENSG00000104691|UBXN8,1647,1558,1150,1424
ENSG00000104695|PPP2CB,16067,15968,11458,14466
ENSG00000133863|TEX15,1727,3772,3278,3861
ENSG00000129295|LRRC6,65,67,54,38
ENSG00000165071|TMEM71,0,0,6,0
ENSG00000168615|ADAM9,16207,21564,17095,21026
ENSG00000176956|LY6H,0,0,0,0
ENSG00000185942|NKAIN3,8,35,18,20
ENSG00000105339|DENND3,834,798,790,953
ENSG00000203499|IQANK1,2193,2168,1525,1946
ENSG00000177570|SAMD12,480,2901,1811,2374
ENSG00000104635|SLC39A14,18838,22231,15611,19982
ENSG00000187954|CYHR1,7352,6583,4740,5686
ENSG00000178209|PLEC,38094,42612,29493,36117
ENSG00000158806|NPM2,194,215,121,189
ENSG00000158815|FGF17,49,39,27,32
ENSG00000158856|DMTN,5358,5191,3946,5134
ENSG00000158863|FAM160B2,4604,4239,2888,3500
ENSG00000275074|NUDT18,279,239,124,136
ENSG00000168453|HR,236,222,111,184
ENSG00000288677,1,1,1,1
ENSG00000168476|REEP4,5809,5175,3437,4100
ENSG00000168481|LGI3,58,50,41,79
ENSG00000168487|BMP1,5335,4960,3985,4632
ENSG00000168490|PHYHIP,5,0,0,11
ENSG00000168495|POLR3D,8191,8897,6737,8569
ENSG00000197181|PIWIL2,110,106,133,116
ENSG00000164920|OSR2,1073,1103,987,1394
ENSG00000164919|COX6C,13414,11513,7602,9762
ENSG00000176623|RMDN1,5942,6085,4949,6052
ENSG00000085719|CPNE3,10407,13749,9332,12077
ENSG00000170289|CNGB3,2,0,7,1
ENSG00000168484|SFTPC,2,6,0,0
ENSG00000174429|ABRA,0,0,0,0
ENSG00000104290|FZD3,2706,3499,2417,3085
ENSG00000012232|EXTL3,7690,7864,5415,7155
ENSG00000104299|INTS9,3668,3464,2487,3007
ENSG00000104365|IKBKB,4454,4092,2935,3563
ENSG00000164830|OXR1,6055,7643,5423,6810
ENSG00000154188|ANGPT1,361,441,365,358
ENSG00000184489|PTP4A3,783,715,589,782
ENSG00000226490,0,0,0,0
ENSG00000170786|SDR16C5,32,7,15,16
ENSG00000175305|CCNE2,682,990,600,831
ENSG00000176269|OR4F21,1,2,0,4
ENSG00000180053|NKX2-6,0,0,0,0
ENSG00000178860|MSC,662,621,483,509
ENSG00000180190|TDRP,1295,1293,982,1260
ENSG00000147650|LRP12,2266,3260,2825,3261
ENSG00000164983|TMEM65,4448,5619,4286,5544
ENSG00000182759|MAFA,76,41,85,51
ENSG00000014164|ZC3H3,4421,4236,2904,3470
ENSG00000104518|GSDMD,1667,1576,1339,1520
ENSG00000204839|MROH6,992,850,538,692
ENSG00000147813|NAPRT,944,853,542,699
ENSG00000104529|EEF1D,22608,19711,14585,18038
ENSG00000179886|TIGD5,945,910,630,831
ENSG00000104524|PYCR3,1364,1367,917,1004
ENSG00000104522|GFUS,7260,6935,4805,5774
ENSG00000183309|ZNF623,4068,4791,3822,4659
ENSG00000164953|TMEM67,1993,2334,1781,2223
ENSG00000155090|KLF10,4611,5847,3939,5217
ENSG00000155096|AZIN1,20787,25968,20560,24866
ENSG00000215262|KCNU1,0,0,0,0
ENSG00000132549|VPS13B,4401,6674,4604,5756
ENSG00000183808|RBM12B,6146,8218,6561,7465
ENSG00000196378|ZNF34,723,739,527,616
ENSG00000161016|RPL8,252250,231722,157238,193262
ENSG00000147789|ZNF7,4727,4683,3766,4346
ENSG00000170619|COMMD5,3375,3007,2107,2599
ENSG00000196150|ZNF250,2013,2078,1792,2111
ENSG00000170631|ZNF16,1530,1564,1014,1412
ENSG00000172733|PURG,88,150,116,142
ENSG00000179832|MROH1,2968,2815,2086,2457
ENSG00000182197|EXT1,9915,10632,6570,8394
ENSG00000104643|MTMR9,1090,1412,1002,1287
ENSG00000177710|SLC35G5,3,8,1,2
ENSG00000154319|FAM167A,2,4,3,4
ENSG00000136573|BLK,0,0,0,0
ENSG00000136574|GATA4,0,0,0,0
ENSG00000205884|DEFB136,0,0,0,0
ENSG00000205882|DEFB134,0,0,0,0
ENSG00000233050|DEFB130B,21,18,9,17
ENSG00000215343|ZNF705D,0,0,0,0
ENSG00000226430|USP17L7,0,0,0,1
ENSG00000077782|FGFR1,61436,61268,33201,38428
ENSG00000182372|CLN8,1582,1595,1078,1342
ENSG00000283239|KBTBD11-OT1,0,1,0,0
ENSG00000104728|ARHGEF10,988,1137,870,1082
ENSG00000176595|KBTBD11,13,13,17,22
ENSG00000036448|MYOM2,10,9,10,7
ENSG00000076554|TPD52,15373,16788,11892,14279
ENSG00000185697|MYBL1,946,1246,1258,1405
ENSG00000120896|SORBS3,2344,2049,1828,2125
ENSG00000164756|SLC30A8,0,2,6,3
ENSG00000223443|USP17L2,0,0,0,0
ENSG00000261667|LY6L,0,0,0,0
ENSG00000205883|DEFB135,0,0,0,0
ENSG00000187082|DEFB106B,0,0,0,0
ENSG00000206047|DEFA1,0,0,0,0
ENSG00000164871|SPAG11B,0,0,0,0
ENSG00000186562|DEFB105A,0,0,0,0
ENSG00000255251|PRR23D1,0,0,0,0
ENSG00000240247|DEFA1B,0,0,0,0
ENSG00000172748|ZNF596,478,345,248,315
ENSG00000147647|DPYS,5,6,0,0
ENSG00000164935|DCSTAMP,0,0,0,0
ENSG00000197363|ZNF517,1822,1964,1360,1412
ENSG00000160972|PPP1R16A,9413,8421,5507,6775
ENSG00000175946|KLHL38,0,7,7,0
ENSG00000169122|FAM110B,311,344,279,341
ENSG00000147316|MCPH1,2066,2550,2052,2359
ENSG00000091879|ANGPT2,6,12,5,12
ENSG00000155189|AGPAT5,2986,3615,2546,3141
ENSG00000147853|AK3,16263,18252,14114,18347
ENSG00000120158|RCL1,11606,11734,9340,11572
ENSG00000107018|RLN1,28,18,28,8
ENSG00000107020|PLGRKT,3446,3475,2242,2773
ENSG00000106993|CDC37L1,8451,8783,6758,8463
ENSG00000155158|TTC39B,2981,3742,2626,3162
ENSG00000147883|CDKN2B,5564,6826,5423,6400
ENSG00000120210|INSL6,3,0,5,2
ENSG00000183354|KIAA2026,10406,13639,9332,11621
ENSG00000106688|SLC1A1,1102,1252,912,1350
ENSG00000205808|PLPP6,5253,5438,3852,4883
ENSG00000197646|PDCD1LG2,4,7,4,10
ENSG00000044459|CNTLN,2849,3740,3245,3751
ENSG00000107036|RIC1,9475,13002,9489,12232
ENSG00000188133|TMEM215,88,95,150,155
ENSG00000147862|NFIB,44082,52867,33470,41551
ENSG00000137040|RANBP6,9206,11348,9237,11156
ENSG00000099219|ERMP1,11341,14528,10670,13760
ENSG00000147885|IFNA16,0,0,0,0
ENSG00000188379|IFNA2,3,0,0,1
ENSG00000198642|KLHL9,9031,11754,8622,10605
ENSG00000176399|DMRTA1,2748,2964,2133,2837
ENSG00000147874|HAUS6,14916,20335,17152,20636
ENSG00000122692|SMU1,24025,25386,19082,23436
ENSG00000120217|CD274,139,124,86,141
ENSG00000099810|MTAP,13099,15634,13087,15909
ENSG00000120235|IFNA6,0,0,0,0
ENSG00000174482|LINGO2,282,356,197,250
ENSG00000164985|PSIP1,29306,34989,28187,34925
ENSG00000137074|APTX,9146,8936,6936,8482
ENSG00000164989|CCDC171,764,1135,925,1094
ENSG00000177076|ACER2,343,532,492,621
ENSG00000198853|RUSC2,5779,5876,3783,4789
ENSG00000171855|IFNB1,2,0,3,0
ENSG00000147854|UHRF2,6103,6956,6026,7101
ENSG00000165269|AQP7,46,23,15,14
ENSG00000120215|MLANA,143,90,65,113
ENSG00000107295|SH3GL2,22,25,22,37
ENSG00000233816|IFNA13,9,9,3,3
ENSG00000214042|IFNA7,0,0,0,0
ENSG00000153714|LURAP1L,578,572,388,520
ENSG00000234829|IFNA17,0,3,0,0
ENSG00000188921|HACD4,2346,2942,2156,2772
ENSG00000264545,0,0,0,0
ENSG00000283329|FAM240B,0,0,0,0
ENSG00000165271|NOL6,30665,29520,20929,25968
ENSG00000137075|RNF38,6603,8475,6337,7785
ENSG00000086102|NFX1,18052,19665,14198,17562
ENSG00000080503|SMARCA2,19829,25385,16485,20455
ENSG00000137080|IFNA21,8,3,2,0
ENSG00000107105|ELAVL2,377,514,504,621
ENSG00000137106|GRHPR,12744,11935,8829,10487
ENSG00000155886|SLC24A2,5,7,10,16
ENSG00000119121|TRPM6,19,21,51,23
ENSG00000197919|IFNA1,14,24,8,12
ENSG00000196092|PAX5,18,26,27,25
ENSG00000180071|ANKRD18A,0,0,0,5
ENSG00000172014|ANKRD20A4P,33,34,20,25
ENSG00000147894|C9orf72,2199,2837,2142,2501
ENSG00000156052|GNAQ,6735,8683,6010,7701
ENSG00000165092|ALDH1A1,2140,2536,1694,2250
ENSG00000155621|C9orf85,985,1093,964,1107
ENSG00000197506|SLC28A3,435,625,277,404
ENSG00000204612|FOXB2,0,0,0,0
ENSG00000154330|PGM5,56,62,36,39
ENSG00000135069|PSAT1,26158,27390,19902,25017
ENSG00000148057|IDNK,417,348,249,292
ENSG00000165105|RASEF,3339,4194,3349,4392
ENSG00000106733|NMRK1,821,732,491,593
ENSG00000137054|POLR1E,8967,9837,7946,10318
ENSG00000148082|SHC3,69,78,40,41
ENSG00000137154|RPS6,277774,273268,190434,242037
ENSG00000135052|GOLM1,11162,11869,9112,11281
ENSG00000276203|ANKRD20A3P,95,90,67,81
ENSG00000083223|TUT7,2437,3853,2889,3542
ENSG00000107282|APBA1,696,936,496,656
ENSG00000107165|TYRP1,137,120,78,116
ENSG00000156049|GNA14,111,122,124,113
ENSG00000107372|ZFAND5,18195,20479,14656,17590
ENSG00000156017|CARNMT1,2289,2864,2165,2982
ENSG00000122711|SPINK4,8,10,4,0
ENSG00000168795|ZBTB5,9218,10729,7739,9182
ENSG00000135040|NAA35,4230,5408,3740,4707
ENSG00000187559|FOXD4L3,26,13,14,9
ENSG00000130045|NXNL2,79,34,43,47
ENSG00000165233|CARD19,996,976,658,760
ENSG00000197724|PHF2,2759,3330,2557,2972
ENSG00000134996|OSTF1,1859,1829,1389,1619
ENSG00000106772|PRUNE2,2857,3982,3023,4102
ENSG00000276040|SPATA31A7,0,0,0,0
ENSG00000172159|FRMD3,297,414,213,348
ENSG00000135048|CEMIP2,3938,5131,5456,6836
ENSG00000158079|PTPDC1,1176,1507,1167,1549
ENSG00000130222|GADD45G,333,238,151,173
ENSG00000135045|C9orf40,1113,1217,924,1245
ENSG00000130956|HABP4,1004,1073,617,871
ENSG00000136842|TMOD1,1707,1291,645,860
ENSG00000106803|SEC61B,5347,4561,3268,4275
ENSG00000165023|DIRAS2,7349,9062,5184,6180
ENSG00000136929|HEMGN,0,0,0,0
ENSG00000130958|SLC35D2,2282,2041,1544,1883
ENSG00000135018|UBQLN1,13577,15491,11554,14567
ENSG00000136874|STX17,3521,4016,3028,3749
ENSG00000119508|NR4A3,111,153,102,131
ENSG00000214929|SPATA31D1,0,0,0,0
ENSG00000177992|SPATA31E1,0,0,0,0
ENSG00000119523|ALG2,3198,3506,2328,3032
ENSG00000130948|HSD17B3,0,0,0,0
ENSG00000136891|TEX10,6434,7174,5202,6620
ENSG00000136938|ANP32B,21289,22604,17004,20530
ENSG00000198785|GRIN3A,45,63,23,30
ENSG00000155833|CYLC2,0,0,0,0
ENSG00000165030|NFIL3,2066,2029,1626,2049
ENSG00000204291|COL15A1,24,52,52,33
ENSG00000095209|TMEM38B,1391,1547,1330,1690
ENSG00000164970|FAM219A,4659,4225,3116,3967
ENSG00000283378|CNTNAP3C,0,0,2,0
ENSG00000131668|BARX1,12,12,11,0
ENSG00000185963|BICD2,5321,6071,4423,5392
ENSG00000136810|TXN,16347,14458,10240,12859
ENSG00000157654|PALM2AKAP2,6080,8595,7008,8287
ENSG00000107242|PIP5K1B,2,12,7,10
ENSG00000165138|ANKS6,5542,5745,3894,4829
ENSG00000285269,13,212,0,0
ENSG00000188647|PTAR1,3987,6364,5264,6497
ENSG00000136859|ANGPTL2,7697,7914,5474,7067
ENSG00000213694|S1PR3,2597,3300,2086,2620
ENSG00000283486|FAM95C,3,0,0,0
ENSG00000164975|SNAPC3,6750,7676,5637,7023
ENSG00000204711|C9orf135,8,3,0,0
ENSG00000131669|NINJ1,1481,1357,1070,1245
ENSG00000165244|ZNF367,952,1218,1014,1348
ENSG00000148158|SNX30,1198,1667,1528,1843
ENSG00000197969|VPS13A,4239,7576,6351,7846
ENSG00000215187|FAM166B,29,15,16,11
ENSG00000123975|CKS2,7523,7005,4614,5806
ENSG00000023318|ERP44,7061,7591,5346,6509
ENSG00000136932|TRMO,650,691,465,642
ENSG00000165072|MAMDC2,1875,2249,1664,2022
ENSG00000119318|RAD23B,23201,25478,17946,22670
ENSG00000106785|TRIM14,2040,2262,1884,2487
ENSG00000169155|ZBTB43,3514,4217,3443,4219
ENSG00000187866|PABIR1,1013,1001,644,806
ENSG00000136944|LMX1B,1525,1456,1076,1137
ENSG00000095380|NANS,4340,4025,2889,3758
ENSG00000136848|DAB2IP,18088,19827,12401,15025
ENSG00000196730|DAPK1,1115,1185,825,1029
ENSG00000204193|TXNDC8,0,0,0,0
ENSG00000179058|C9orf50,26,13,19,31
ENSG00000136925|TSTD2,1631,2414,1976,2252
ENSG00000078725|BRINP1,133,137,55,107
ENSG00000148123|PLPPR1,4,4,0,6
ENSG00000136937|NCBP1,8295,10374,8092,9656
ENSG00000197816|CCDC180,289,106,77,128
ENSG00000135046|ANXA1,24609,26189,16661,21787
ENSG00000185775|SPATA31A6,0,0,0,0
ENSG00000106927|AMBP,24,25,18,26
ENSG00000187210|GCNT1,2456,3014,2497,3206
ENSG00000086061|DNAJA1,81640,86350,65192,77713
ENSG00000136819|C9orf78,11092,10725,8073,9962
ENSG00000099139|PCSK5,891,957,774,922
ENSG00000204669|C9orf57,0,0,0,6
ENSG00000196781|TLE1,7616,8090,4689,6122
ENSG00000148331|ASB6,7395,6269,4917,6173
ENSG00000180447|GAS1,9469,10556,5587,7153
ENSG00000106789|CORO2A,3844,4305,2994,3818
ENSG00000095303|PTGS1,20459,22903,14234,16519
ENSG00000127084|FGD3,388,454,337,399
ENSG00000165238|WNK2,3862,3912,2930,3468
ENSG00000135002|RFK,2473,2661,2075,2951
ENSG00000137038|DMAC1,13569,12291,7603,9435
ENSG00000119509|INVS,1325,1698,1147,1497
ENSG00000136824|SMC2,8477,10698,8635,10933
ENSG00000136939|OR1L4,0,0,0,0
ENSG00000165124|SVEP1,475,534,383,457
ENSG00000251349|MSANTD3-TMEFF1,82,99,9,4
ENSG00000157303|SUSD3,145,165,166,215
ENSG00000148204|CRB2,85,55,57,51
ENSG00000177125|ZBTB34,3672,4722,3824,4938
ENSG00000130560|UBAC1,9480,9438,6240,7689
ENSG00000106689|LHX2,339,345,332,383
ENSG00000081377|CDC14B,2103,2592,2150,2483
ENSG00000107187|LHX3,0,3,0,0
ENSG00000120162|MOB3B,9094,11631,7106,9069
ENSG00000148200|NR6A1,1725,2010,1233,1610
ENSG00000148175|STOM,2523,3002,2565,3056
ENSG00000165025|SYK,13433,15112,8757,10973
ENSG00000158169|FANCC,1528,1739,1371,1716
ENSG00000285082,0,0,0,0
ENSG00000106723|SPIN1,8766,11236,7466,9594
ENSG00000157657|ZNF618,7752,10860,6970,8033
ENSG00000187742|SECISBP2,3305,3671,2514,3399
ENSG00000197859|ADAMTSL2,21,17,14,23
ENSG00000119522|DENND1A,4328,4494,2876,3453
ENSG00000127081|ZNF484,407,646,510,707
ENSG00000228083|IFNA14,2,0,0,0
ENSG00000186803|IFNA10,0,0,0,0
ENSG00000196739|COL27A1,660,662,630,638
ENSG00000030304|MUSK,0,0,13,13
ENSG00000136942|RPL35,77597,70531,46660,58503
ENSG00000148215|OR5C1,0,2,1,0
ENSG00000136861|CDK5RAP2,9785,11691,8310,10284
ENSG00000169925|BRD3,7486,8279,6177,8513
ENSG00000196990|FAM163B,0,0,0,0
ENSG00000241697|TMEFF1,718,847,896,1104
ENSG00000106771|TMEM245,9759,12784,9532,12031
ENSG00000136826|KLF4,2925,2862,2030,2903
ENSG00000136827|TOR1A,7161,6895,5322,6754
ENSG00000167157|PRRX2,545,480,394,504
ENSG00000135070|ISCA1,4279,4979,3731,4815
ENSG00000106799|TGFBR1,3751,4857,3785,4690
ENSG00000178919|FOXE1,135,184,162,215
ENSG00000160563|MED27,3206,3049,1948,2483
ENSG00000136950|ARPC5L,11108,10851,8673,10438
ENSG00000147872|PLIN2,2952,3039,2415,2848
ENSG00000136930|PSMB7,22930,21812,15508,19050
ENSG00000148411|NACC2,3753,4029,2935,3658
ENSG00000186350|RXRA,5434,5869,3274,4072
ENSG00000167081|PBX3,2124,2279,1439,1778
ENSG00000165661|QSOX2,4192,4149,3394,4181
ENSG00000196422|PPP1R26,5330,5553,4006,4967
ENSG00000119487|MAPKAP1,22487,22643,16073,19613
ENSG00000204007|GLT6D1,0,0,0,0
ENSG00000085265|FCN1,0,6,0,0
ENSG00000095383|TBC1D2,1947,1991,1400,1717
ENSG00000136940|PDCL,2640,2827,2068,2779
ENSG00000187616|MYMK,0,9,0,0
ENSG00000119471|HSDL2,3492,3893,2964,3564
ENSG00000041982|TNC,25002,28209,18790,21742
ENSG00000138835|RGS3,2071,2100,1374,1595
ENSG00000169071|ROR2,24,33,18,22
ENSG00000127191|TRAF2,2943,2686,2145,2683
ENSG00000137124|ALDH1B1,6935,7409,5454,6514
ENSG00000165113|GKAP1,347,278,305,340
ENSG00000160345|C9orf116,752,751,448,438
ENSG00000136935|GOLGA1,2953,3154,2250,2719
ENSG00000137142|IGFBPL1,34,42,55,59
ENSG00000187239|FNBP1,23789,28086,17172,21768
ENSG00000130559|CAMSAP1,8096,9682,7507,9481
ENSG00000165272|AQP3,677,754,590,818
ENSG00000130635|COL5A1,6,9,0,0
ENSG00000196358|NTNG2,10,0,18,10
ENSG00000123454|DBH,17,33,20,22
ENSG00000122133|PAEP,21,37,13,13
ENSG00000198963|RORB,62,37,30,76
ENSG00000122140|MRPS2,6505,5596,3953,4962
ENSG00000070159|PTPN3,4109,5080,3761,4628
ENSG00000165304|MELK,12522,14854,12250,15132
ENSG00000148153|INIP,4248,4409,3536,4389
ENSG00000181090|EHMT1,11298,12451,8718,9972
ENSG00000136816|TOR1B,4560,5327,4198,5020
ENSG00000160293|VAV2,4357,4887,3535,3941
ENSG00000238227|TMEM250,6141,5602,3581,4661
ENSG00000107290|SETX,8996,13823,10327,12755
ENSG00000148344|PTGES,260,295,228,323
ENSG00000125482|TTF1,7260,6809,5298,6344
ENSG00000070214|SLC44A1,4998,6133,4660,5944
ENSG00000235106|BRD3OS,7354,7166,4805,5906
ENSG00000136828|RALGPS1,1709,1986,1329,1575
ENSG00000196814|MVB12B,835,1051,775,994
ENSG00000160339|FCN2,0,0,0,0
ENSG00000180264|ADGRD2,13,10,12,8
ENSG00000148408|CACNA1B,0,17,10,7
ENSG00000182752|PAPPA,62,105,105,88
ENSG00000119514|GALNT12,772,844,615,864
ENSG00000125485|DDX31,5883,6066,4291,5589
ENSG00000107262|BAG1,29455,28361,17859,22040
ENSG00000136931|NR5A1,40,19,20,14
ENSG00000185585|OLFML2A,10225,10839,6940,8443
ENSG00000184659|FOXD4L4,21,17,12,13
ENSG00000196116|TDRD7,916,879,910,1053
ENSG00000123453|SARDH,898,862,706,716
ENSG00000125492|BARHL1,0,4,0,10
ENSG00000170681|CAVIN4,141,187,120,223
ENSG00000236637|IFNA4,0,0,0,0
ENSG00000120242|IFNA8,1,2,13,2
ENSG00000136869|TLR4,0,0,0,0
ENSG00000107014|RLN2,128,139,115,138
ENSG00000086065|CHMP5,18995,20213,15067,18589
ENSG00000120211|INSL4,0,0,0,0
ENSG00000136928|GABBR2,650,622,357,447
ENSG00000204779|FOXD4L5,15,24,18,10
ENSG00000136856|SLC2A8,847,736,555,606
ENSG00000196152|ZNF79,719,850,711,779
ENSG00000197958|RPL12,212044,200432,143676,174149
ENSG00000136830|NIBAN2,24344,23355,13781,17110
ENSG00000187024|PTRH1,310,264,222,191
ENSG00000160401|CFAP157,216,194,115,178
ENSG00000167094|TTC16,9,15,8,12
ENSG00000160404|TOR2A,689,640,629,728
ENSG00000095370|SH2D3C,12,15,16,28
ENSG00000136807|CDK9,8270,8002,5696,7037
ENSG00000136877|FPGS,5335,5037,3483,4199
ENSG00000122694|GLIPR2,4717,4693,3702,4557
ENSG00000185972|CCIN,37,51,28,11
ENSG00000171169|NAIF1,1128,871,613,753
ENSG00000148346|LCN2,545,530,331,515
ENSG00000171159|C9orf16,3980,3236,1888,2675
ENSG00000148337|CIZ1,14813,14287,10394,12972
ENSG00000167110|GOLGA2,13378,13400,9942,11954
ENSG00000175854|SWI5,2471,2511,1910,2243
ENSG00000167112|TRUB2,8388,8017,5623,6920
ENSG00000167113|COQ4,4608,4180,3026,3455
ENSG00000167114|SLC27A4,5046,4586,2985,3461
ENSG00000167118|URM1,9231,8340,6114,7070
ENSG00000167123|CERCAM,3579,3140,2353,3018
ENSG00000136811|ODF2,7972,8132,5961,7064
ENSG00000187791|FAM205C,0,0,0,0
ENSG00000122733|PHF24,3,8,0,0
ENSG00000090054|SPTLC1,6572,7665,5887,7200
ENSG00000198000|NOL8,4817,6249,4621,5656
ENSG00000188312|CENPP,1953,2001,1597,1865
ENSG00000106809|OGN,7,0,12,10
ENSG00000106819|ASPN,0,4,3,0
ENSG00000106823|ECM2,7,8,13,5
ENSG00000127080|IPPK,1058,1170,923,1195
ENSG00000165115|KIF27,492,684,452,472
ENSG00000165118|C9orf64,0,10,18,6
ENSG00000165119|HNRNPK,87521,98142,67023,82931
ENSG00000178966|RMI1,2009,2609,2213,2500
ENSG00000107140|TESK1,5565,4707,3171,4083
ENSG00000137101|CD72,109,135,100,124
ENSG00000137078|SIT1,0,2,0,4
ENSG00000159884|CCDC107,886,721,523,598
ENSG00000137135|ARHGEF39,4224,4307,2636,2871
ENSG00000107159|CA9,6,0,1,0
ENSG00000198467|TPM2,1890,1507,1582,1667
ENSG00000137076|TLN1,69880,75299,53057,63901
ENSG00000107175|CREB3,6646,6427,4674,5394
ENSG00000070610|GBA2,22647,22039,16127,18891
ENSG00000107185|RGP1,21380,23484,15521,17905
ENSG00000215183|MSMP,2,1,1,1
ENSG00000137098|SPAG8,102,66,67,67
ENSG00000137133|HINT2,3014,2594,2068,2680
ENSG00000285645,0,0,0,0
ENSG00000137103|TMEM8B,1718,1733,978,1348
ENSG00000204930|FAM221B,9,9,9,10
ENSG00000196196|HRCT1,110,132,49,91
ENSG00000235387|SPAAR,50,39,48,25
ENSG00000278889|OR2S2,0,0,0,0
ENSG00000171843|MLLT3,2767,3149,2036,2538
ENSG00000187609|EXD3,937,783,577,640
ENSG00000188833|ENTPD8,228,175,108,210
ENSG00000130653|PNPLA7,195,153,120,149
ENSG00000182154|MRPL41,2980,2393,1572,2111
ENSG00000148399|DPH7,3581,3169,2290,3014
ENSG00000165724|ZMYND19,3990,3398,2800,3522
ENSG00000197070|ARRDC1,4265,3839,2355,2981
ENSG00000283205,0,0,0,0
ENSG00000137090|DMRT1,220,286,249,327
ENSG00000064218|DMRT3,1102,1049,742,982
ENSG00000188938|FAM120AOS,5336,5810,3973,4838
ENSG00000048828|FAM120A,18343,22799,17085,20259
ENSG00000107104|KANK1,6657,8352,5493,6591
ENSG00000056558|TRAF1,611,501,323,480
ENSG00000106804|C5,549,731,610,745
ENSG00000119396|RAB14,12678,14187,10791,13853
ENSG00000136897|MRPL50,2787,2923,2175,2656
ENSG00000136872|ALDOB,0,0,6,4
ENSG00000165152|PGAP4,1174,1331,871,1052
ENSG00000155827|RNF20,6527,7991,6027,7523
ENSG00000188386|PPP3R2,0,5,8,0
ENSG00000136881|BAAT,13,10,10,7
ENSG00000120159|CAAP1,7500,8352,6484,8154
ENSG00000137055|PLAA,17333,19981,14947,18266
ENSG00000184434|LRRC19,39,27,21,26
ENSG00000120160|EQTN,16,27,3,10
ENSG00000178445|GLDC,18872,21265,12443,15380
ENSG00000136936|XPA,777,893,659,852
ENSG00000165802|NSMF,6636,6668,5094,5789
ENSG00000173611|SCAI,2728,3535,2846,3552
ENSG00000154529|CNTNAP3B,39,21,35,22
ENSG00000148019|CEP78,5273,6946,5859,6754
ENSG00000236543,0,0,0,0
ENSG00000148090|AUH,764,886,564,736
ENSG00000119125|GDA,22090,28124,19505,22819
ENSG00000106976|DNM1,2123,2207,2170,2902
ENSG00000096968|JAK2,1315,1862,1636,1911
ENSG00000106868|SUSD1,1322,1555,1076,1454
ENSG00000165091|TMC1,116,132,75,128
ENSG00000181778|TMEM252,0,0,0,0
ENSG00000136895|GARNL3,402,516,386,451
ENSG00000159069|FBXW5,15370,13390,9677,11853
ENSG00000176919|C8G,20,36,37,26
ENSG00000184925|LCN12,19,69,23,48
ENSG00000107317|PTGDS,42,39,50,70
ENSG00000284341,18,0,0,0
ENSG00000214402|LCNL1,18,23,18,18
ENSG00000148362|PAXX,3089,2438,2117,2326
ENSG00000169583|CLIC3,157,154,126,171
ENSG00000107331|ABCA2,4293,4023,3373,4150
ENSG00000180549|FUT7,0,0,10,4
ENSG00000279073,0,0,0,0
ENSG00000107281|NPDC1,6119,5409,3404,4240
ENSG00000054179|ENTPD2,6587,5960,2550,3280
ENSG00000186193|SAPCD2,12468,11921,5593,7161
ENSG00000197355|UAP1L1,1853,1550,1348,1542
ENSG00000176978|DPP7,8737,7550,5109,6737
ENSG00000176884|GRIN1,259,251,204,224
ENSG00000261793,0,0,0,0
ENSG00000185863|TMEM210,3,12,3,4
ENSG00000176248|ANAPC2,10263,9222,6146,7642
ENSG00000176101|SSNA1,7928,7204,3991,4714
ENSG00000176058|TPRN,6973,5970,4815,6108
ENSG00000187713|TMEM203,9765,9157,6367,8210
ENSG00000284976,8,7,7,8
ENSG00000212864|RNF208,1372,1099,823,1051
ENSG00000197191|CYSRT1,395,343,206,268
ENSG00000233198|RNF224,281,208,142,179
ENSG00000198569|SLC34A3,303,279,176,211
ENSG00000188229|TUBB4B,182743,169905,124371,152473
ENSG00000188163|FAM166A,35,23,24,43
ENSG00000197768|STPG3,47,52,37,72
ENSG00000188986|NELFB,17398,15234,10538,13421
ENSG00000198113|TOR4A,609,647,372,451
ENSG00000198435|NRARP,2329,2344,1806,2293
ENSG00000120156|TEK,150,140,99,147
ENSG00000148143|ZNF462,8025,12429,7842,9021
ENSG00000148156|ACTL7B,3,0,0,0
ENSG00000187003|ACTL7A,0,0,0,0
ENSG00000070061|ELP1,6358,7271,5286,6728
ENSG00000119328|ABITRAM,4523,4732,3336,4149
ENSG00000119326|CTNNAL1,5100,5670,4115,5355
ENSG00000148386|LCN9,0,0,0,0
ENSG00000107164|FUBP3,16659,19618,14711,18594
ENSG00000130713|EXOSC2,7489,7836,6623,7606
ENSG00000097007|ABL1,13792,15148,11192,13908
ENSG00000288570,1,1,1,1
ENSG00000188710|QRFP,55,102,69,59
ENSG00000130720|FIBCD1,6,16,0,0
ENSG00000130711|PRDM12,15,26,3,23
ENSG00000188483|IER5L,4200,3544,2158,2816
ENSG00000235007,181,0,18,3
ENSG00000106714|CNTNAP3,14,13,4,7
ENSG00000204849|SPATA31A1,0,0,0,0
ENSG00000283886,123,122,85,101
ENSG00000183148|ANKRD20A2P,93,70,28,58
ENSG00000119457|SLC46A2,7,6,8,11
ENSG00000136867|SLC31A2,11,16,18,13
ENSG00000165204|OR1K1,0,0,0,0
ENSG00000056586|RC3H2,11572,16781,13065,16900
ENSG00000186130|ZBTB6,2848,3600,2987,3697
ENSG00000171448|ZBTB26,2238,3172,2258,2763
ENSG00000011454|RABGAP1,8636,12287,8739,10748
ENSG00000165209|STRBP,13979,16120,11331,14103
ENSG00000173068|BNC2,10301,13695,7400,8685
ENSG00000285130,214,1736,56,165
ENSG00000165060|FXN,1145,1115,910,1046
ENSG00000119139|TJP2,8017,7885,6185,7665
ENSG00000172889|EGFL7,1962,1644,1342,1594
ENSG00000169692|AGPAT2,5386,4773,3487,4493
ENSG00000165716|DIPK1B,7369,6505,3776,4987
ENSG00000187922|LCN10,210,211,149,221
ENSG00000204003,3,3,4,5
ENSG00000267206|LCN6,0,0,0,0
ENSG00000177984|LCN15,30,16,16,14
ENSG00000244187|TMEM141,2407,1962,1548,1708
ENSG00000272896,37,39,14,46
ENSG00000213213|CCDC183,339,389,167,354
ENSG00000196642|RABL6,28600,26519,20338,24406
ENSG00000232434|AJM1,571,538,475,489
ENSG00000054148|PHPT1,6704,5753,4127,5333
ENSG00000177943|MAMDC4,327,286,187,241
ENSG00000107223|EDF1,22608,21535,14729,19009
ENSG00000213221|DNLZ,864,552,500,527
ENSG00000187796|CARD9,767,718,335,611
ENSG00000165689|ENTR1,12401,11371,9615,11186
ENSG00000165688|PMPCA,10734,9852,7309,9090
ENSG00000148384|INPP5E,1987,1748,1269,1670
ENSG00000106701|FSD1L,455,623,571,566
ENSG00000186051|TAL2,9,5,3,3
ENSG00000156345|CDK20,1092,888,665,883
ENSG00000136878|USP20,4509,4529,3262,3768
ENSG00000106948|AKNA,3243,3489,2062,2627
ENSG00000135049|AGTPBP1,2839,3300,2948,3619
ENSG00000205442|IZUMO3,0,0,0,0
ENSG00000165185|KIAA1958,1777,2349,1850,2117
ENSG00000136866|ZFP37,514,469,397,528
ENSG00000148335|NTMT1,2253,2568,1600,1845
ENSG00000119408|NEK6,6500,8216,5160,6273
ENSG00000066697|MSANTD3,2375,2478,2080,2463
ENSG00000130558|OLFM1,0,0,0,0
ENSG00000147905|ZCCHC7,6425,6709,4525,5471
ENSG00000106829|TLE4,1142,1241,821,1026
ENSG00000107362|ABHD17B,1617,1730,1277,1740
ENSG00000165059|PRKACG,0,0,0,0
ENSG00000228278|ORM2,15,10,14,20
ENSG00000107077|KDM4C,4543,5634,3459,4645
ENSG00000196873|CBWD3,2535,2373,1984,2108
ENSG00000276581|SPATA31A5,0,0,0,0
ENSG00000260220|CCDC187,28,46,21,16
ENSG00000119314|PTBP3,13952,20029,15224,18704
ENSG00000159899|NPR2,765,622,558,642
ENSG00000086062|B4GALT1,29864,32599,22000,27386
ENSG00000106692|FKTN,4013,5351,4349,5448
ENSG00000147912|FBXO10,3764,4157,3060,3657
ENSG00000256966,539,54,0,40
ENSG00000175768|TOMM5,28773,26770,18935,24636
ENSG00000255872,0,22,14,0
ENSG00000070601|FRMPD1,953,1017,790,850
ENSG00000165275|TRMT10B,2507,2614,1733,2086
ENSG00000107371|EXOSC3,10170,10557,7854,9093
ENSG00000122741|DCAF10,9341,11053,8065,9944
ENSG00000122696|SLC25A51,3823,4143,3238,4105
ENSG00000107338|SHB,4929,5086,3712,4565
ENSG00000126878|AIF1L,14400,15207,12409,14675
ENSG00000126883|NUP214,15409,17633,12829,15520
ENSG00000126882|FAM78A,453,489,287,325
ENSG00000050555|LAMC3,397,400,255,463
ENSG00000130717|UCK1,6394,6051,4607,5775
ENSG00000275969|SPATA31A3,0,0,0,0
ENSG00000106991|ENG,102,123,92,132
ENSG00000106992|AK1,4058,3629,3350,4144
ENSG00000257524,961,500,73,301
ENSG00000136840|ST6GALNAC4,947,840,659,867
ENSG00000167103|PIP5KL1,623,503,388,426
ENSG00000136908|DPM2,5457,4717,3608,4291
ENSG00000167106|FAM102A,7669,7616,5535,6842
ENSG00000158122|PRXL2C,726,798,610,764
ENSG00000196597|ZNF782,377,557,434,565
ENSG00000188152|NUTM2G,76,97,79,110
ENSG00000119421|NDUFA8,8334,7842,5642,7104
ENSG00000185681|MORN5,31,27,10,24
ENSG00000106852|LHX6,547,549,407,581
ENSG00000119446|RBM18,3696,4193,2977,3864
ENSG00000148187|MRRF,5974,6551,4382,5471
ENSG00000107186|MPDZ,10404,14110,9908,11943
ENSG00000160539|PLPP7,143,113,78,93
ENSG00000283526|PRRT1B,0,0,3,5
ENSG00000095397|WHRN,895,906,557,865
ENSG00000157693|TMEM268,1018,1105,854,1103
ENSG00000230054|TEX53,0,0,0,0
ENSG00000230601|TEX48,0,0,0,0
ENSG00000181634|TNFSF15,224,364,213,327
ENSG00000136888|ATP6V1G1,5817,6321,4679,5665
ENSG00000214654|B3GALT9,633,802,544,774
ENSG00000095261|PSMD5,6545,7206,5597,6932
ENSG00000119403|PHF19,2647,2198,1447,1954
ENSG00000119401|TRIM32,3131,3817,2970,3567
ENSG00000148180|GSN,10152,9885,6201,7944
ENSG00000147869|CER1,0,0,0,3
ENSG00000230453|ANKRD18B,62,82,107,121
ENSG00000107341|UBE2R2,29497,30254,19676,24794
ENSG00000198876|DCAF12,18995,21990,15901,20247
ENSG00000148053|NTRK2,590,649,448,598
ENSG00000135047|CTSL,5091,5260,4236,5029
ENSG00000164946|FREM1,713,953,595,631
ENSG00000148334|PTGES2,9337,8692,5627,6592
ENSG00000198887|SMC5,5269,8138,6280,8123
ENSG00000186881|OR13F1,0,0,0,7
ENSG00000148136|OR13C4,0,0,0,0
ENSG00000186943|OR13C8,0,0,0,0
ENSG00000277556|OR13C5,0,5,0,3
ENSG00000276119|OR13C2,0,3,0,2
ENSG00000136839|OR13C9,0,0,0,0
ENSG00000136783|NIPSNAP3A,1223,1192,1051,1198
ENSG00000165028|NIPSNAP3B,214,223,197,257
ENSG00000165029|ABCA1,1814,2717,1444,1688
ENSG00000136918|WDR38,0,4,0,5
ENSG00000188523|CFAP77,26,20,11,22
ENSG00000160349|LCN1,0,0,0,0
ENSG00000188394|GPR21,0,8,3,2
ENSG00000260230|FRRS1L,58,140,109,168
ENSG00000122136|OBP2A,0,0,0,0
ENSG00000148358|GPR107,22738,26796,18715,23517
ENSG00000096872|IFT74,5091,6388,4067,5072
ENSG00000175893|ZDHHC21,7230,9528,7434,9740
ENSG00000136854|STXBP1,1795,1934,1623,2055
ENSG00000147889|CDKN2A,44564,40666,26695,32660
ENSG00000174038|C9orf131,8,9,4,0
ENSG00000165282|PIGO,7125,7230,4438,5805
ENSG00000165283|STOML2,17936,16367,11223,14132
ENSG00000005238|FAM214B,2645,2767,1920,2388
ENSG00000198722|UNC13B,5895,6555,4745,6291
ENSG00000155875|SAXO1,31,40,67,36
ENSG00000155876|RRAGA,12487,12803,8408,10793
ENSG00000178031|ADAMTSL1,135,139,81,202
ENSG00000288699,0,3,0,0
ENSG00000221829|FANCG,7328,6860,6079,7379
ENSG00000122735|DNAI1,93,98,84,95
ENSG00000168913|ENHO,248,221,197,236
ENSG00000122756|CNTFR,107,115,84,129
ENSG00000164967|RPP25L,1812,1546,1000,1290
ENSG00000137100|DCTN3,8083,7117,4843,6173
ENSG00000205143|ARID3C,9,0,6,4
ENSG00000213930|GALT,2836,2380,1818,2278
ENSG00000258728,0,0,0,0
ENSG00000137070|IL11RA,1476,1272,1219,1342
ENSG00000213927|CCL27,5,4,3,5
ENSG00000187186,308,295,250,243
ENSG00000172724|CCL19,0,0,0,0
ENSG00000137077|CCL21,0,0,0,0
ENSG00000205108|FAM205A,16,12,8,0
ENSG00000147955|SIGMAR1,4573,4432,2963,3430
ENSG00000148308|GTF3C5,9544,8635,6399,7817
ENSG00000170835|CEL,206,182,134,145
ENSG00000160271|RALGDS,7328,7309,5437,6649
ENSG00000285245,0,0,0,0
ENSG00000148288|GBGT1,278,254,226,253
ENSG00000175164|ABO,59,54,35,60
ENSG00000148296|SURF6,5090,5223,3635,4582
ENSG00000148297|MED22,3028,2957,2263,2588
ENSG00000148303|RPL7A,77463,70674,49499,62683
ENSG00000148290|SURF1,4169,3535,2304,3203
ENSG00000148291|SURF2,2008,1976,1474,1686
ENSG00000148248|SURF4,16491,15559,10320,12721
ENSG00000198870|STKLD1,104,76,58,57
ENSG00000148300|REXO4,3555,3346,2432,3084
ENSG00000160323|ADAMTS13,262,241,207,278
ENSG00000160325|CACFD1,1802,1658,998,1277
ENSG00000160326|SLC2A6,509,457,329,438
ENSG00000136943|CTSV,9566,9511,7579,9475
ENSG00000122707|RECK,1351,1436,1044,1193
ENSG00000122705|CLTA,30166,27683,20340,24258
ENSG00000159921|GNE,4753,5554,4921,6467
ENSG00000119414|PPP6C,9102,9859,7236,9151
ENSG00000136933|RABEPK,3637,3336,2394,2751
ENSG00000044574|HSPA5,98225,107957,69130,86322
ENSG00000165219|GAPVD1,9674,12702,9498,12225
ENSG00000122729|ACO1,9413,10492,7961,10036
ENSG00000165264|NDUFB6,9032,8310,5995,7574
ENSG00000122728|TAF1L,12,17,19,23
ENSG00000107201|DDX58,5104,6742,5253,5109
ENSG00000288684,500,67,28,1440
ENSG00000197579|TOPORS,8881,11957,9626,11784
ENSG00000148400|NOTCH1,5077,5670,3915,5219
ENSG00000125484|GTF3C4,14129,18793,14428,17863
ENSG00000165695|AK8,279,265,185,193
ENSG00000165698|SPACA9,1122,1130,700,806
ENSG00000165699|TSC1,7146,8821,6918,7950
ENSG00000165702|GFI1B,11,18,11,24
ENSG00000181404|WASHC1,1379,1194,959,1030
ENSG00000170122|FOXD4,263,238,132,180
ENSG00000172785|CBWD1,7890,8272,5716,6885
ENSG00000148356|LRSAM1,3756,3374,2218,2644
ENSG00000197694|SPTAN1,99655,119312,87177,107351
ENSG00000119335|SET,82295,89027,63163,77524
ENSG00000165280|VCP,75240,78522,55360,68290
ENSG00000168263|KCNV2,23,27,5,25
ENSG00000147852|VLDLR,5541,6392,4725,6098
ENSG00000148341|SH3GLB2,7560,6286,3974,5150
ENSG00000167130|DOLPP1,3719,3611,2539,3416
ENSG00000119383|PTPA,13522,12613,8796,10612
ENSG00000160447|PKN3,1922,1650,1579,1901
ENSG00000160446|ZDHHC12,3487,2875,1881,2673
ENSG00000160445|ZER1,9884,9455,6747,8085
ENSG00000107021|TBC1D13,6102,5910,4357,5716
ENSG00000167136|ENDOG,1005,898,485,639
ENSG00000198917|SPOUT1,6229,5654,3888,5379
ENSG00000286112,527,693,779,574
ENSG00000171097|KYAT1,355,225,119,245
ENSG00000136802|LRRC8A,10444,10891,8030,9526
ENSG00000175287|PHYHD1,15,13,0,4
ENSG00000251184,0,0,0,0
ENSG00000175283|DOLK,3160,2963,2025,2651
ENSG00000095319|NUP188,15097,16886,13621,16819
ENSG00000095321|CRAT,778,818,556,739
ENSG00000083067|TRPM3,6,24,16,10
ENSG00000119333|DYNC2I2,4942,4401,2998,4058
ENSG00000137145|DENND4C,7371,10233,7182,9260
ENSG00000187764|SEMA4D,3727,4283,2974,3891
ENSG00000081386|ZNF510,1258,1720,1437,1540
ENSG00000148219|ASTN2,321,423,260,296
ENSG00000196363|WDR5,10150,10307,7976,9449
ENSG00000119397|CNTRL,3814,4953,3639,4178
ENSG00000147896|IFNK,0,3,0,4
ENSG00000204136|GGTA1,169,137,65,78
ENSG00000188959|C9orf152,31,11,23,19
ENSG00000184709|LRRC26,15,43,5,26
ENSG00000095203|EPB41L4B,1339,1548,986,1244
ENSG00000106952|TNFSF8,0,0,0,0
ENSG00000184995|IFNE,230,234,168,204
ENSG00000127083|OMD,5,18,0,17
ENSG00000204001|LCN8,0,0,0,0
ENSG00000273514|FOXD4L6,30,11,4,9
ENSG00000171459|OR1L6,0,0,0,0
ENSG00000160360|GPSM1,3287,2925,2394,2756
ENSG00000165684|SNAPC4,5724,5700,3976,4615
ENSG00000130714|POMT1,4826,4417,3359,3923
ENSG00000165643|SOHLH1,0,0,0,0
ENSG00000107147|KCNT1,0,0,8,0
ENSG00000188747|NOXA1,239,160,66,115
ENSG00000137073|UBAP2,12383,13189,9907,11889
ENSG00000010438|PRSS3,32,20,15,15
ENSG00000148339|SLC25A25,3364,3482,2503,2951
ENSG00000137094|DNAJB5,725,853,633,783
ENSG00000177239|MAN1B1,14242,13338,9795,11952
ENSG00000136834|OR1J1,1,0,0,0
ENSG00000197233|OR1J2,0,0,0,0
ENSG00000239590|OR1J4,0,0,0,0
ENSG00000171505|OR1N1,0,0,0,0
ENSG00000171501|OR1N2,0,0,0,1
ENSG00000171496|OR1L8,0,0,0,0
ENSG00000165202|OR1Q1,0,0,0,0
ENSG00000280094|OR1B1,0,0,0,0
ENSG00000173679|OR1L1,0,0,0,0
ENSG00000107099|DOCK8,1985,2187,1887,2518
ENSG00000182150|ERCC6L2,2576,3911,2989,3528
ENSG00000107249|GLIS3,15982,20643,9625,11606
ENSG00000175787|ZNF169,662,626,520,562
ENSG00000130950|NUTM2F,25,15,10,34
ENSG00000148110|MFSD14B,5415,6006,4474,6132
ENSG00000130957|FBP2,40,34,22,30
ENSG00000165140|FBP1,81,73,36,53
ENSG00000106780|MEGF9,1169,1662,1244,1527
ENSG00000119402|FBXW2,10891,13096,9301,11722
ENSG00000119392|GLE1,6935,7646,5623,6845
ENSG00000185920|PTCH1,2175,2642,1690,1821
ENSG00000165006|UBAP1,15327,15722,11322,13564
ENSG00000164978|NUDT2,1836,1655,1080,1404
ENSG00000164976|MYORG,2402,2540,2338,2736
ENSG00000164972|C9orf24,8,9,7,5
ENSG00000186638|KIF24,3047,3425,2767,3375
ENSG00000173258|ZNF483,501,568,526,644
ENSG00000106853|PTGR1,11379,11837,7694,9816
ENSG00000059769|DNAJC25,1031,1043,868,931
ENSG00000244115|DNAJC25-GNG10,1605,1424,1477,1307
ENSG00000242616|GNG10,3518,3838,2707,3760
ENSG00000148154|UGCG,10460,13042,10372,13366
ENSG00000165181|SHOC1,6,31,22,20
ENSG00000107130|NCS1,33395,34126,20738,24944
ENSG00000130707|ASS1,48956,45013,22372,29453
ENSG00000148357|HMCN2,4981,4824,2306,2966
ENSG00000148120|AOPEP,3716,3823,2729,3259
ENSG00000136883|KIF12,364,298,261,346
ENSG00000175764|TTLL11,183,289,175,166
ENSG00000170777|TPD52L3,0,3,0,0
ENSG00000136870|ZNF189,1667,2046,1307,1898
ENSG00000160408|ST6GALNAC6,3457,3732,2777,3495
ENSG00000171481|OR1L3,0,0,0,0
ENSG00000189357|SPATA31D4,2,0,2,2
ENSG00000229314|ORM1,13,16,0,37
ENSG00000274349|ZNF658,278,366,224,368
ENSG00000186788|SPATA31D3,2,0,2,3
ENSG00000135063|FAM189A2,162,213,153,137
ENSG00000147996|CBWD5,3427,3876,2701,3206
ENSG00000179055|OR13D1,0,0,0,5
ENSG00000168828|OR13J1,2,0,0,0
ENSG00000171133|OR2K2,0,3,0,0
ENSG00000147873|IFNA5,3,9,4,7
ENSG00000198680|TUSC1,3952,3501,2643,3484
ENSG00000171102|OBP2B,0,0,0,0
ENSG00000215126|CBWD6,2379,2441,1773,2135
ENSG00000187753|C9orf153,49,24,13,32
ENSG00000119138|KLF9,603,785,572,714
ENSG00000177047|IFNW1,2,8,3,3
ENSG00000080608|PUM3,22591,24565,19154,23620
ENSG00000107263|RAPGEF1,13764,15292,9925,11838
ENSG00000137033|IL33,33,27,24,23
ENSG00000148396|SEC16A,20616,24161,17070,20657
ENSG00000136813|ECPAS,9982,12919,9206,11353
ENSG00000204246|OR13C3,7,0,3,0
ENSG00000080298|RFX3,3734,5338,3449,4156
ENSG00000188566|NDOR1,9575,8811,6936,8012
ENSG00000235453|SMIM27,893,895,299,313
ENSG00000198121|LPAR1,863,1014,591,848
ENSG00000288701|PRRC2B,42032,50766,34216,40726
ENSG00000173253|DMRT2,1131,1241,814,1074
ENSG00000148343|MIGA2,3373,2715,1996,2433
ENSG00000188352|FOCAD,12871,14846,9984,12360
ENSG00000106686|SPATA6L,630,713,584,638
ENSG00000196305|IARS1,18199,21056,16631,20175
ENSG00000119321|FKBP15,3824,4181,3282,3773
ENSG00000136868|SLC31A1,3625,4316,3058,3954
ENSG00000176386|CDC26,1348,1355,882,1078
ENSG00000136875|PRPF4,6905,7362,5902,7317
ENSG00000165188|RNF183,85,107,98,93
ENSG00000148225|WDR31,710,905,600,702
ENSG00000119411|BSPRY,1432,1244,908,1196
ENSG00000119431|HDHD3,1220,882,759,946
ENSG00000148218|ALAD,2527,2581,1690,2325
ENSG00000148229|POLE3,8305,8562,6928,8445
ENSG00000157653|C9orf43,116,137,93,121
ENSG00000153707|PTPRD,6466,9821,6944,8263
ENSG00000260691|ANKRD20A1,66,47,50,53
ENSG00000078902|TOLLIP,6697,6467,4830,6034
ENSG00000284779,0,0,0,0
ENSG00000284438|SSU72P7,0,0,0,1
ENSG00000284546|SSU72P3,0,0,0,0
ENSG00000129965|INS-IGF2,0,0,0,0
ENSG00000284018|SSU72P5,0,0,0,1
ENSG00000167244|IGF2,278,187,117,217
ENSG00000117983|MUC5B,18,11,26,13
ENSG00000174672|BRSK2,15,38,41,5
ENSG00000184281|TSSC4,3830,3271,2216,2772
ENSG00000221996|OR52B4,0,0,0,0
ENSG00000053918|KCNQ1,39,92,59,68
ENSG00000132109|TRIM21,1854,1955,1367,1527
ENSG00000166313|APBB1,5586,5569,4224,5122
ENSG00000182208|MOB2,2119,1962,1399,1758
ENSG00000149054|ZNF215,1071,1417,1304,1617
ENSG00000110148|CCKBR,14,4,11,7
ENSG00000256206,221,275,272,11
ENSG00000110328|GALNT18,425,377,338,377
ENSG00000180878|C11orf42,0,8,0,7
ENSG00000175868|CALCB,1761,1842,1327,1486
ENSG00000152266|PTH,0,0,0,0
ENSG00000283873|SSU72P4,0,0,0,1
ENSG00000166405|RIC3,808,919,297,439
ENSG00000070985|TRPM5,0,0,7,5
ENSG00000130413|STK33,2315,2741,2037,2341
ENSG00000166407|LMO1,4851,4550,2235,2635
ENSG00000110786|PTPN5,0,0,6,0
ENSG00000284306|SSU72P2,0,0,0,0
ENSG00000177054|ZDHHC13,9056,10424,7180,8671
ENSG00000149050|ZNF214,1100,1444,1002,1228
ENSG00000215182|MUC5AC,0,3,0,0
ENSG00000135378|PRRG4,11300,10961,8576,11578
ENSG00000110756|HPS5,2728,3315,2629,3361
ENSG00000151117|TMEM86A,452,493,303,376
ENSG00000170748|RBMXL2,0,0,3,0
ENSG00000132259|CNGA4,18,15,8,0
ENSG00000134343|ANO3,129,115,70,109
ENSG00000110768|GTF2H1,4835,5614,4065,5135
ENSG00000110696|C11orf58,27507,28295,22350,26926
ENSG00000129170|CSRP3,0,8,0,0
ENSG00000170743|SYT9,0,6,5,8
ENSG00000254598|CSNK2A3,1688,2298,1609,1960
ENSG00000183161|FANCF,2781,2829,1824,2097
ENSG00000167333|TRIM68,1878,1938,1428,1640
ENSG00000152219|ARL14EP,4474,5205,3823,4757
ENSG00000129158|SERGEF,1139,1074,672,991
ENSG00000121691|CAT,8673,9180,6183,8028
ENSG00000149100|EIF3M,68308,67576,46277,57511
ENSG00000166478|ZNF143,2927,3090,2186,2795
ENSG00000109851|DBX1,0,0,0,0
ENSG00000110422|HIPK3,18163,28864,19470,25450
ENSG00000170255|MRGPRX1,0,0,0,0
ENSG00000129151|BBOX1,1760,1710,967,1266
ENSG00000187398|LUZP2,125,174,169,201
ENSG00000166689|PLEKHA7,9191,10122,7091,8124
ENSG00000135387|CAPRIN1,87501,103723,70921,87989
ENSG00000166181|API5,26755,32200,24423,29728
ENSG00000179431|FJX1,9932,8996,5867,7974
ENSG00000258817|OR4C13,0,0,0,0
ENSG00000110700|RPS13,70179,61770,43787,56779
ENSG00000184937|WT1,10010,11033,7319,9067
ENSG00000197601|FAR1,15410,21858,18084,21957
ENSG00000221954|OR4C12,0,0,0,0
ENSG00000133818|RRAS2,7190,7920,6459,7744
ENSG00000220948|TRIM51GP,0,0,0,0
ENSG00000262655|SPON1,90749,104143,57838,70324
ENSG00000110514|MADD,4917,4695,3670,4745
ENSG00000025434|NR1H3,774,632,516,633
ENSG00000176567|OR4X1,0,0,0,0
ENSG00000110429|FBXO3,4270,5062,3684,4385
ENSG00000205030|OR5L2,0,0,0,0
ENSG00000214891|TRIM64C,0,0,0,0
ENSG00000086205|FOLH1,486,591,354,425
ENSG00000198168|SVIP,7019,7728,6359,8131
ENSG00000170946|DNAJC24,5413,6437,4575,5755
ENSG00000166796|LDHC,193,201,101,123
ENSG00000186113|OR5D14,0,0,0,0
ENSG00000205213|LGR4,42494,58089,36606,47122
ENSG00000134575|ACP2,4162,3977,3020,3641
ENSG00000176547|OR4C3,0,0,0,0
ENSG00000166840|GLYATL1,0,0,0,0
ENSG00000279761|OR5D13,0,0,0,0
ENSG00000030066|NUP160,14736,18650,15120,18347
ENSG00000186509|OR9Q1,0,0,0,2
ENSG00000279514|OR4C16,0,0,0,0
ENSG00000149177|PTPRJ,16482,21498,16110,19207
ENSG00000183134|PTGDR2,27,36,15,29
ENSG00000166326|TRIM44,57368,62985,45842,55941
ENSG00000110048|OSBP,17251,19898,15458,18590
ENSG00000176555|OR4S1,0,0,0,0
ENSG00000172772|OR10W1,0,0,0,0
ENSG00000197786|OR5B17,0,0,0,0
ENSG00000148935|GAS2,426,466,326,463
ENSG00000149506|ZP1,14,14,0,19
ENSG00000135372|NAT10,15712,17258,12724,15107
ENSG00000175619|OR4B1,0,0,0,0
ENSG00000149182|ARFGAP2,10226,9063,6900,8220
ENSG00000221840|OR4A5,0,0,0,0
ENSG00000167996|FTH1,301673,274104,191085,235036
ENSG00000149503|INCENP,13587,16705,10601,12608
ENSG00000175104|TRAF6,2788,3329,2241,2883
ENSG00000135362|PRR5L,1986,2098,1583,2043
ENSG00000110442|COMMD9,7057,6242,4410,5541
ENSG00000124935|SCGB1D2,89,57,14,28
ENSG00000285283,0,0,0,0
ENSG00000186660|ZFP91,21501,27422,20518,24772
ENSG00000183695|MRGPRX2,0,0,0,0
ENSG00000149124|GLYAT,3,0,21,19
ENSG00000285010|OOSP4A,0,0,0,0
ENSG00000150244|TRIM48,0,0,0,0
ENSG00000255359|CCDC179,0,0,0,5
ENSG00000170955|CAVIN3,0,0,0,0
ENSG00000185238|PRMT3,6549,7658,5097,6454
ENSG00000180423|HARBI1,1009,1092,761,904
ENSG00000167825|OR5I1,0,0,0,0
ENSG00000187612|OR5W2,0,0,0,0
ENSG00000052841|TTC17,28405,33891,25184,31241
ENSG00000162174|ASRGL1,3023,2849,2263,2555
ENSG00000109911|ELP4,4417,4514,3144,3848
ENSG00000166016|ABTB2,3445,3526,2401,2838
ENSG00000172289|OR10V1,0,0,0,0
ENSG00000175220|ARHGAP1,17935,17310,12691,15631
ENSG00000085063|CD59,29607,30218,20707,26635
ENSG00000121690|DEPDC7,1071,1056,896,976
ENSG00000285231|OOSP3,0,11,6,0
ENSG00000166889|PATL1,7473,9101,6760,8474
ENSG00000166311|SMPD1,6291,5915,4555,5438
ENSG00000134827|TCN1,0,0,2,6
ENSG00000152270|PDE3B,599,848,718,784
ENSG00000176148|TCP11L1,2675,3900,2494,3426
ENSG00000149516|MS4A3,0,0,0,0
ENSG00000205177|C11orf91,16,13,8,4
ENSG00000146670|CDCA5,11318,11318,10612,12782
ENSG00000255073|ZFP91-CNTF,0,0,0,0
ENSG00000124942|AHNAK,144912,227279,154929,187721
ENSG00000148948|LRRC4C,925,1152,700,853
ENSG00000167995|BEST1,14079,12714,17042,17401
ENSG00000168515|SCGB1D1,0,0,0,0
ENSG00000011347|SYT7,2286,2276,1901,2424
ENSG00000124900|TRIM51,0,0,0,0
ENSG00000148942|SLC5A12,30,25,23,24
ENSG00000149021|SCGB1A1,0,0,0,0
ENSG00000173039|RELA,14057,13391,9376,12165
ENSG00000166959|MS4A8,0,0,0,0
ENSG00000156689|GLYATL2,0,0,0,0
ENSG00000284873|OOSP1,0,0,0,0
ENSG00000129173|E2F8,3988,4464,3593,4609
ENSG00000157570|TSPAN18,715,843,529,571
ENSG00000254772|EEF1G,217221,220317,123493,184785
ENSG00000165973|NELL1,7,19,6,15
ENSG00000255508,15104,2814,35140,15505
ENSG00000148950|IMMP1L,1321,1378,1059,1165
ENSG00000134812|CBLIF,0,0,0,0
ENSG00000205029|OR5D16,0,0,0,0
ENSG00000255393|OOSP4B,0,0,0,0
ENSG00000124939|SCGB2A1,22,26,0,15
ENSG00000176971|FIBIN,6,0,8,3
ENSG00000213445|SIPA1,3755,3181,2577,3022
ENSG00000110717|NDUFS8,8705,8055,5114,6189
ENSG00000173621|LRFN4,3045,2638,2035,2229
ENSG00000197745|SCGB1D4,0,0,0,0
ENSG00000166444|DENND2B,9744,9701,6660,8621
ENSG00000168061|SAC3D1,1119,1082,868,1135
ENSG00000110107|PRPF19,38292,36162,26178,32401
ENSG00000176102|CSTF3,6400,6726,4925,5822
ENSG00000175216|CKAP5,33165,43106,27978,33486
ENSG00000110719|TCIRG1,2036,1739,1502,1698
ENSG00000149507|OOSP2,0,0,0,0
ENSG00000242689|CNTF,141,205,140,185
ENSG00000173599|PC,3271,3328,1857,2495
ENSG00000134569|LRP4,1956,2303,2061,2383
ENSG00000110484|SCGB2A2,0,0,0,0
ENSG00000169519|METTL15,1909,2150,1439,1801
ENSG00000176697|BDNF,927,1168,769,925
ENSG00000179241|LDLRAD3,8020,9245,6532,8343
ENSG00000006534|ALDH3B1,7350,6816,3937,5064
ENSG00000166902|MRPL16,6996,6701,4670,5913
ENSG00000284969,42,73,46,39
ENSG00000173465|ZNRD2,6307,5666,3847,4715
ENSG00000173327|MAP3K11,15532,14794,12109,13725
ENSG00000165912|PACSIN3,4525,4391,3136,3762
ENSG00000168060|NAALADL1,6,7,4,0
ENSG00000149806|FAU,30966,25720,17629,22335
ENSG00000279395|OR5L1,0,0,0,0
ENSG00000110104|CCDC86,6729,6246,4548,5816
ENSG00000110025|SNX15,2528,2381,1802,2433
ENSG00000126391|FRMD8,8893,8307,7288,8844
ENSG00000173825|TIGD3,143,117,131,161
ENSG00000172689|MS4A10,0,0,0,0
ENSG00000204710|SPDYC,7,11,4,6
ENSG00000162139|NEU3,5823,6168,4591,5242
ENSG00000148943|LIN7C,10784,11665,9893,13331
ENSG00000132749|TESMIN,3173,3372,2055,2694
ENSG00000173227|SYT12,967,933,501,574
ENSG00000171067|C11orf24,8039,7605,6091,7588
ENSG00000174276|ZNHIT2,2256,1859,1155,1593
ENSG00000169550|MUC15,3560,4535,2503,3775
ENSG00000021300|PLEKHB1,8848,7940,5408,6979
ENSG00000162337|LRP5,12782,13116,9024,11036
ENSG00000118369|USP35,11606,10744,8273,9329
ENSG00000285816,2819,1261,1187,3334
ENSG00000186895|FGF3,0,0,0,0
ENSG00000149798|CDC42EP2,637,893,769,425
ENSG00000173653|RCE1,2337,2132,1429,1682
ENSG00000175264|CHST1,0,0,3,0
ENSG00000204450|TRIM64,0,0,0,0
ENSG00000137513|NARS2,2145,2128,1621,1940
ENSG00000077514|POLD3,4261,5223,4670,5761
ENSG00000110092|CCND1,31993,37193,30919,37186
ENSG00000166012|TAF1D,7624,8431,6080,7246
ENSG00000073921|PICALM,13043,15429,10762,13447
ENSG00000134627|PIWIL4,38,48,12,30
ENSG00000137478|FCHSD2,6930,9170,6549,8247
ENSG00000180210|F2,13,0,2,18
ENSG00000166025|AMOTL1,4658,5841,4674,5507
ENSG00000235268|KDM4E,0,0,0,0
ENSG00000033327|GAB2,9731,11353,6936,8407
ENSG00000172927|MYEOV,46,49,25,52
ENSG00000255855|KDM4F,0,0,0,0
ENSG00000214414|TRIM77,0,0,0,0
ENSG00000137494|ANKRD42,1361,1642,1236,1498
ENSG00000166004|CEP295,3589,5314,4141,5288
ENSG00000184384|MAML2,2566,3550,2358,2720
ENSG00000150316|CWC15,4134,4126,2821,3460
ENSG00000162344|FGF19,5,3,0,0
ENSG00000110218|PANX1,3410,4257,3343,4318
ENSG00000178301|AQP11,1327,1338,943,1198
ENSG00000186280|KDM4D,549,468,309,510
ENSG00000170967|DDI1,0,0,0,0
ENSG00000149972|CNTN5,119,201,130,186
ENSG00000077498|TYR,19,19,28,17
ENSG00000118113|MMP8,0,0,0,0
ENSG00000077616|NAALAD2,2624,2693,2385,2962
ENSG00000137691|CFAP300,705,655,422,536
ENSG00000123901|GPR83,83,66,29,68
ENSG00000137675|MMP27,0,0,0,0
ENSG00000182359|KBTBD3,430,399,275,318
ENSG00000165895|ARHGAP42,1336,1831,1342,1470
ENSG00000168876|ANKRD49,1233,1079,922,1109
ENSG00000255009|UBTFL1,0,0,0,0
ENSG00000023445|BIRC3,170,157,343,309
ENSG00000149289|ZC3H12C,1086,1460,1476,1699
ENSG00000086991|NOX4,436,430,256,286
ENSG00000173156|RHOD,3927,3559,2766,3600
ENSG00000261594|TPBGL,85,128,39,44
ENSG00000179331|RAB39A,39,47,79,131
ENSG00000284057,0,151,0,0
ENSG00000110777|POU2AF1,10,17,0,0
ENSG00000042429|MED17,4132,4455,3235,4126
ENSG00000183560|IZUMO1R,0,0,0,0
ENSG00000181333|HEPHL1,41,53,34,74
ENSG00000149218|ENDOD1,2464,3101,1939,2590
ENSG00000214376|VSTM5,88,94,44,89
ENSG00000137486|ARRB1,3762,4314,3284,3910
ENSG00000257057|C11orf97,0,0,0,0
ENSG00000168930|TRIM49,30,64,51,37
ENSG00000014138|POLA2,2662,3851,3923,3644
ENSG00000123892|RAB38,719,730,529,773
ENSG00000069482|GAL,1063,830,581,850
ENSG00000137673|MMP7,57,38,24,42
ENSG00000110660|SLC35F2,5085,5151,3995,4738
ENSG00000137674|MMP20,0,0,0,0
ENSG00000054967|RELT,3715,3602,3330,3741
ENSG00000255501|CARD18,0,0,0,0
ENSG00000166575|TMEM135,1949,2375,1700,2076
ENSG00000165494|PCF11,6648,8201,6007,7220
ENSG00000137672|TRPC6,236,294,244,296
ENSG00000137707|BTG4,0,10,14,16
ENSG00000137693|YAP1,12610,16401,11798,15150
ENSG00000173442|EHBP1L1,14298,15939,15436,17161
ENSG00000075388|FGF4,0,0,0,0
ENSG00000173120|KDM2A,21359,25462,17628,21758
ENSG00000152404|CWF19L2,2512,2567,2182,2459
ENSG00000137731|FXYD2,0,0,5,0
ENSG00000178105|DDX10,3449,4136,2810,3500
ENSG00000189253|TRIM64B,0,2,0,0
ENSG00000170290|SLN,3,8,4,3
ENSG00000170903|MSANTD4,2979,3492,2751,3353
ENSG00000110723|EXPH5,1792,2348,1609,2107
ENSG00000170962|PDGFD,798,955,715,845
ENSG00000166266|CUL5,3330,5062,3936,4696
ENSG00000168010|ATG16L2,1147,1097,1103,1297
ENSG00000137713|PPP2R1B,4904,5447,4265,4945
ENSG00000142186|SCYL1,22795,21469,14123,17487
ENSG00000110721|CHKA,4673,4229,3052,4133
ENSG00000166682|TMPRSS5,30,10,7,15
ENSG00000110675|ELMOD1,70,91,41,71
ENSG00000177103|DSCAML1,15,0,13,20
ENSG00000170209|ANKK1,11,8,11,9
ENSG00000110237|ARHGEF17,46862,48145,31017,38920
ENSG00000137491|SLCO2B1,10,8,2,2
ENSG00000166439|RNF169,6428,8045,6111,7370
ENSG00000198382|UVRAG,17225,19644,13496,17091
ENSG00000110057|UNC93B1,6980,6817,3629,5010
ENSG00000162300|ZFPL1,5443,4785,3322,4081
ENSG00000118363|SPCS2,11143,11554,8889,10689
ENSG00000173456|RNF26,10075,9720,6197,7541
ENSG00000204449|TRIM49C,21,21,19,13
ENSG00000166002|SMCO4,1111,1108,748,803
ENSG00000149313|AASDHPPT,5281,5670,4556,5459
ENSG00000176973|FAM89B,7371,6410,4786,5782
ENSG00000082175|PGR,0,3,0,6
ENSG00000149380|P4HA3,117,63,85,169
ENSG00000152558|TMEM123,19530,24887,18303,22587
ENSG00000255245|FXYD6-FXYD2,0,0,3,0
ENSG00000074201|CLNS1A,168932,174897,131195,159132
ENSG00000149823|VPS51,13529,11824,7790,10252
ENSG00000149792|MRPL49,13691,12552,9817,11976
ENSG00000150687|PRSS23,21250,22150,13766,17376
ENSG00000110367|DDX6,18795,26047,19488,24143
ENSG00000228607|CLDN25,0,0,0,0
ENSG00000170145|SIK2,5049,5818,4225,5012
ENSG00000149212|SESN3,7927,11157,7687,9213
ENSG00000214290|COLCA2,148,144,109,105
ENSG00000095139|ARCN1,21814,24775,17286,21992
ENSG00000166900|STX3,10448,11833,9322,11338
ENSG00000174804|FZD4,2788,3270,1878,2481
ENSG00000109944|JHY,640,710,430,508
ENSG00000235718|MFRP,0,0,0,9
ENSG00000186642|PDE2A,79,96,74,72
ENSG00000137714|FDX1,2130,2310,1609,1939
ENSG00000137699|TRIM29,16463,15971,9161,12206
ENSG00000175213|ZNF408,2530,2293,1611,1942
ENSG00000152578|GRIA4,270,316,312,369
ENSG00000196914|ARHGEF12,11945,18609,13678,17453
ENSG00000259571|BLID,2,0,0,0
ENSG00000154144|TBRG1,2669,2951,2146,2755
ENSG00000154146|NRGN,354,317,229,380
ENSG00000134333|LDHA,67945,71191,47912,58386
ENSG00000137642|SORL1,13412,18921,11680,15260
ENSG00000196323|ZBTB44,9728,12958,10123,12637
ENSG00000134940|ACRV1,24,25,29,41
ENSG00000110013|SIAE,2083,2247,1471,1462
ENSG00000149582|TMEM25,2654,2510,1958,2138
ENSG00000109943|CRTAM,0,0,4,0
ENSG00000109971|HSPA8,170247,181576,116260,137775
ENSG00000118058|KMT2A,10342,17084,14031,16907
ENSG00000273003|ARL2-SNX15,0,0,0,0
ENSG00000043039|BARX2,157,151,148,132
ENSG00000166250|CLMP,57,94,92,71
ENSG00000110066|KMT5B,10258,12197,8690,10804
ENSG00000149557|FEZ1,15,9,11,6
ENSG00000091664|SLC17A6,0,3,3,0
ENSG00000121621|KIF18A,5404,6627,4057,4742
ENSG00000149256|TENM4,839,1123,571,674
ENSG00000151500|THYN1,2148,1818,1197,1419
ENSG00000176302|FOXR1,0,0,0,0
ENSG00000223953|C1QTNF5,0,0,8,0
ENSG00000149548|CCDC15,499,763,514,682
ENSG00000110400|NECTIN1,1744,1639,1231,1339
ENSG00000154127|UBASH3B,1235,1761,816,1145
ENSG00000204300|TMEM225,0,0,0,0
ENSG00000131620|ANO1,114,130,105,96
ENSG00000019144|PHLDB1,6033,6028,4036,4939
ENSG00000019102|VSIG2,12,11,10,12
ENSG00000036672|USP2,340,339,292,367
ENSG00000134917|ADAMTS8,801,694,533,564
ENSG00000134910|STT3A,16055,17138,11932,15058
ENSG00000109929|SC5D,8675,10621,8101,10318
ENSG00000048028|USP28,3053,3727,2774,3293
ENSG00000166105|GLB1L3,0,0,0,0
ENSG00000166118|SPATA19,0,0,0,0
ENSG00000134954|ETS1,2505,3633,2599,3246
ENSG00000154134|ROBO3,18,13,34,22
ENSG00000149571|KIRREL3,1,4,0,5
ENSG00000166086|JAM3,137,201,142,126
ENSG00000149547|EI24,13215,13173,9768,11767
ENSG00000137500|CCDC90B,4507,4911,3416,4160
ENSG00000151502|VPS26B,4976,4735,3112,4061
ENSG00000204361|NXPE2,0,0,0,0
ENSG00000197798|FAM118B,2091,1951,1562,1941
ENSG00000188909|BSX,0,0,0,0
ENSG00000154143|PANX3,0,0,0,0
ENSG00000154133|ROBO4,0,0,0,0
ENSG00000149295|DRD2,0,8,9,8
ENSG00000188997|KCTD21,18814,19198,13850,16960
ENSG00000171561|OR2AT4,0,0,4,0
ENSG00000165478|HEPACAM,0,0,0,0
ENSG00000110172|CHORDC1,3321,4429,3527,4200
ENSG00000087884|AAMDC,8978,7929,5934,7376
ENSG00000165495|PKNOX2,0,0,0,0
ENSG00000149564|ESAM,69,58,42,57
ENSG00000133884|DPF2,9679,9194,6678,8118
ENSG00000221932|HEPN1,0,0,0,0
ENSG00000137726|FXYD6,2344,2688,2128,2511
ENSG00000160683|CXCR5,0,0,0,5
ENSG00000149328|GLB1L2,5,13,0,5
ENSG00000109956|B3GAT1,0,0,0,0
ENSG00000135363|LMO2,160,138,116,136
ENSG00000085117|CD82,10186,8710,4789,6046
ENSG00000149084|HSD17B12,17767,19276,12939,16370
ENSG00000118094|TREH,0,8,0,4
ENSG00000109881|CCDC34,4611,4125,3234,4020
ENSG00000187151|ANGPTL5,0,0,0,2
ENSG00000086827|ZW10,3015,3393,2505,3282
ENSG00000110318|CEP126,417,544,481,586
ENSG00000185742|C11orf87,0,0,4,0
ENSG00000149534|MS4A2,0,0,0,0
ENSG00000110375|UPK2,71,51,34,55
ENSG00000214782|MS4A18,0,0,0,0
ENSG00000166961|MS4A15,14,11,25,9
ENSG00000149273|RPS3,673230,597760,419455,535820
ENSG00000158555|GDPD5,30217,27737,16443,19052
ENSG00000166391|MOGAT2,3,9,3,0
ENSG00000062282|DGAT2,2872,2573,2083,2624
ENSG00000149257|SERPINH1,54231,51515,39078,47613
ENSG00000166927|MS4A7,0,0,0,0
ENSG00000166928|MS4A14,0,0,0,0
ENSG00000166930|MS4A5,0,0,0,0
ENSG00000184232|OAF,762,748,609,749
ENSG00000137709|POU2F3,60,50,39,53
ENSG00000173457|PPP1R14B,29609,26298,17526,21010
ENSG00000182450|KCNK4,9,6,3,16
ENSG00000219435|CATSPERZ,102,68,43,94
ENSG00000126432|PRDX5,31229,28498,18126,22946
ENSG00000168071|CCDC88B,1011,914,902,937
ENSG00000162302|RPS6KA4,8399,7325,4976,6485
ENSG00000168065|SLC22A11,9,10,8,4
ENSG00000197891|SLC22A12,0,0,0,0
ENSG00000110076|NRXN2,63,69,96,167
ENSG00000068831|RASGRP2,57,48,47,43
ENSG00000068976|PYGM,188,136,106,139
ENSG00000168067|MAP4K2,5877,5664,4297,5240
ENSG00000110047|EHD1,13962,13941,10781,12987
ENSG00000110046|ATG2A,6768,6627,4669,5969
ENSG00000068971|PPP2R5B,1346,1324,1071,1175
ENSG00000149735|GPHA2,6,0,0,4
ENSG00000168070|MAJIN,12,13,0,0
ENSG00000168062|BATF2,3,7,12,20
ENSG00000213465|ARL2,2479,2420,1655,2134
ENSG00000171219|CDC42BPG,5064,5247,3889,4878
ENSG00000279270|OR52R1,0,0,0,0
ENSG00000278870|OR51G1,0,0,0,0
ENSG00000205496|OR51A2,0,0,0,0
ENSG00000205495|OR52J3,0,0,0,0
ENSG00000176787|OR52E2,0,0,0,2
ENSG00000244734|HBB,0,0,0,0
ENSG00000223609|HBD,0,0,0,0
ENSG00000284931,5,0,1,3
ENSG00000196565|HBG2,23,20,23,18
ENSG00000239920,60,77,43,87
ENSG00000213931|HBE1,362,291,163,260
ENSG00000183251|OR51B4,19,24,13,26
ENSG00000167355|OR51B5,32,2,28,25
ENSG00000176239|OR51B6,0,0,0,0
ENSG00000167360|OR51Q1,0,4,0,2
ENSG00000181609|OR52D1,0,3,6,3
ENSG00000175520|UBQLN3,0,3,0,0
ENSG00000175518|UBQLNL,170,139,99,112
ENSG00000187747|OR52B6,0,3,3,4
ENSG00000121236|TRIM6,1368,1571,912,1298
ENSG00000258588|TRIM6-TRIM34,0,0,243,0
ENSG00000132274|TRIM22,524,526,510,757
ENSG00000181023|OR56B1,5,0,4,0
ENSG00000205409|OR52E6,0,0,0,2
ENSG00000183269|OR52E8,3,0,1,0
ENSG00000213934|HBG1,5,0,2,6
ENSG00000182170|MRGPRG,0,0,0,0
ENSG00000184350|MRGPRE,0,0,0,0
ENSG00000005801|ZNF195,3942,4913,3954,4571
ENSG00000255151|GLYATL1B,0,7,7,0
ENSG00000189057|FAM111B,2393,3526,3020,3742
ENSG00000110042|DTX4,20270,21395,12093,14804
ENSG00000197629|MPEG1,23,28,14,11
ENSG00000110002|VWA5A,36,26,32,36
ENSG00000177106|EPS8L2,13200,12029,9398,11488
ENSG00000177156|TALDO1,13717,12769,9051,11408
ENSG00000177225|GATD1,4880,4299,2955,3455
ENSG00000184524|CEND1,2682,2228,1247,1518
ENSG00000177542|SLC25A22,4218,3754,2846,3311
ENSG00000177600|RPLP2,55481,47465,31696,40010
ENSG00000177666|PNPLA2,15289,13475,9427,12044
ENSG00000177685|CRACR2B,739,642,584,667
ENSG00000177697|CD151,16169,13996,9623,12259
ENSG00000177700|POLR2L,10035,8230,5582,7293
ENSG00000214063|TSPAN4,3954,3502,2507,3190
ENSG00000177830|CHID1,9208,8624,5938,7452
ENSG00000151702|FLI1,0,0,0,0
ENSG00000120457|KCNJ5,2874,2957,1412,1740
ENSG00000174370|C11orf45,1093,1077,686,782
ENSG00000149308|NPAT,2201,3067,2816,3393
ENSG00000166323|C11orf65,79,92,58,102
ENSG00000109846|CRYAB,1463,1338,901,1030
ENSG00000170276|HSPB2,35,24,11,37
ENSG00000254445|HSPB2-C11orf52,0,4,0,0
ENSG00000149300|C11orf52,465,342,296,352
ENSG00000150764|DIXDC1,1781,2352,1982,2657
ENSG00000150776|NKAPD1,5575,6365,4409,5725
ENSG00000150779|TIMM8B,5805,4789,3328,4379
ENSG00000204370|SDHD,10327,9390,7060,8785
ENSG00000150782|IL18,40,35,27,47
ENSG00000150783|TEX12,8,14,8,10
ENSG00000197580|BCO2,80,103,57,74
ENSG00000150787|PTS,1952,1843,1629,2022
ENSG00000188771|PLET1,3,3,3,0
ENSG00000184956|MUC6,6,4,4,2
ENSG00000198788|MUC2,2,3,2,3
ENSG00000255292,0,1,4,5
ENSG00000149043|SYT8,21,18,18,15
ENSG00000130598|TNNI2,0,0,4,7
ENSG00000130595|TNNT3,0,0,2,4
ENSG00000214026|MRPL23,1707,1394,960,1207
ENSG00000185926|OR4C46,0,0,0,0
ENSG00000183313|OR52L1,0,0,0,0
ENSG00000180919|OR56B4,0,3,0,0
ENSG00000196119|OR8A1,0,0,0,0
ENSG00000110436|SLC1A2,82,62,37,61
ENSG00000277932|OR52E5,6,4,11,5
ENSG00000188691|OR56A5,0,0,0,0
ENSG00000181017|OR56B2P,0,0,0,0
ENSG00000134574|DDB2,2507,2618,2007,2593
ENSG00000254647|INS,0,0,0,0
ENSG00000180176|TH,0,0,0,0
ENSG00000152402|GUCY1A2,1512,2734,2480,2990
ENSG00000051009|FAM160A2,5759,5382,3957,4654
ENSG00000134955|SLC37A2,22,11,6,7
ENSG00000181264|TLCD5,474,449,362,431
ENSG00000170242|USP47,9833,13697,9635,11775
ENSG00000110665|C11orf21,0,0,0,0
ENSG00000135374|ELF5,0,9,0,6
ENSG00000149269|PAK1,58303,64198,47353,58554
ENSG00000049449|RCN1,28264,30685,26925,33047
ENSG00000137710|RDX,19605,26859,18028,22590
ENSG00000168040|FADD,3926,3517,2562,3335
ENSG00000165970|SLC6A5,0,0,3,0
ENSG00000110651|CD81,20808,18440,12593,16490
ENSG00000014216|CAPN1,44071,41516,26484,33557
ENSG00000020922|MRE11,4075,5134,4045,5049
ENSG00000154096|THY1,31,16,10,4
ENSG00000151498|ACAD8,1674,1584,1288,1594
ENSG00000149403|GRIK4,138,141,115,123
ENSG00000151503|NCAPD3,7455,9027,7047,8362
ENSG00000149179|C11orf49,6337,5864,3696,5077
ENSG00000173338|KCNK7,23,33,36,48
ENSG00000064201|TSPAN32,2,0,0,0
ENSG00000149716|LTO1,3603,3537,2669,3255
ENSG00000158077|NLRP14,12,26,9,29
ENSG00000167771|RCOR2,873,799,587,749
ENSG00000110583|NAA40,6840,7783,5758,6899
ENSG00000176340|COX8A,15850,13274,9312,11260
ENSG00000256100,0,0,0,0
ENSG00000133315|MACROD1,2047,1789,1107,1421
ENSG00000168439|STIP1,51348,50742,34408,41786
ENSG00000130592|LSP1,5,1,4,3
ENSG00000283787|PRR33,0,2,0,0
ENSG00000137522|RNF121,4438,4252,3636,4102
ENSG00000137496|IL18BP,1961,1998,1758,1905
ENSG00000137497|NUMA1,66930,69583,45845,56070
ENSG00000149357|LAMTOR1,12589,11490,7973,9878
ENSG00000284844,0,0,0,0
ENSG00000110200|ANAPC15,3985,3378,2445,2823
ENSG00000165457|FOLR2,0,0,0,0
ENSG00000165458|INPPL1,39512,39098,28418,34482
ENSG00000165462|PHOX2A,0,0,0,0
ENSG00000254827|SLC22A18AS,8,4,8,23
ENSG00000110628|SLC22A18,820,659,395,458
ENSG00000181649|PHLDA2,484,378,301,350
ENSG00000205531|NAP1L4,6215,6264,5126,6711
ENSG00000133789|SWAP70,5692,7100,5454,6850
ENSG00000148926|ADM,1362,1409,1052,1530
ENSG00000133805|AMPD3,448,670,492,654
ENSG00000255823|MTRNR2L8,402,295,231,335
ENSG00000110315|RNF141,7374,8529,6360,7672
ENSG00000181830|SLC35C1,5040,4484,3294,4241
ENSG00000121671|CRY2,2930,2750,2075,2355
ENSG00000121653|MAPK8IP1,16478,15534,9027,11159
ENSG00000234776|C11orf94,32,36,32,30
ENSG00000121680|PEX16,2935,2321,1515,2008
ENSG00000165905|LARGE2,6222,5131,3425,4133
ENSG00000157613|CREB3L1,166,153,113,116
ENSG00000149091|DGKZ,10888,10109,7579,9204
ENSG00000135365|PHF21A,7268,8060,5414,7140
ENSG00000077458|FAM76B,1170,1539,1249,1435
ENSG00000166037|CEP57,3217,4030,3123,3943
ENSG00000172638|EFEMP2,1186,1176,812,1093
ENSG00000172500|FIBP,10567,9393,6331,8098
ENSG00000175602|CCDC85B,2368,1854,1284,1717
ENSG00000175592|FOSL1,104,111,84,130
ENSG00000175573|C11orf68,2998,2430,1554,2128
ENSG00000175550|DRAP1,8193,7566,5805,6907
ENSG00000175513|TSGA10IP,0,0,0,0
ENSG00000175467|SART1,21469,21036,13807,17398
ENSG00000175376|EIF1AD,5737,5520,4680,5806
ENSG00000175334|BANF1,17483,16309,11201,13955
ENSG00000175315|CST6,13,19,6,13
ENSG00000175294|CATSPER1,0,0,13,14
ENSG00000175229|GAL3ST3,17,19,9,11
ENSG00000087365|SF3B2,64001,65024,47433,58119
ENSG00000174903|RAB1B,25730,23605,16306,20457
ENSG00000174871|CNIH2,845,734,679,764
ENSG00000174851|YIF1A,7327,6766,4302,5503
ENSG00000179292|TMEM151A,80,33,31,72
ENSG00000174807|CD248,0,0,3,6
ENSG00000174791|RIN1,231,193,208,137
ENSG00000174744|BRMS1,6016,5637,3700,4339
ENSG00000174684|B4GAT1,3253,3142,2070,2683
ENSG00000174669|SLC29A2,6887,6655,4323,5111
ENSG00000174576|NPAS4,0,4,8,0
ENSG00000175115|PACS1,10566,10532,7296,9771
ENSG00000134780|DAGLA,2079,2225,1585,1895
ENSG00000134825|TMEM258,8703,7652,5322,6976
ENSG00000168496|FEN1,15753,16582,14800,18258
ENSG00000149485|FADS1,21143,24085,19127,23732
ENSG00000221968|FADS3,2452,2176,1797,2238
ENSG00000167994|RAB3IL1,563,572,606,659
ENSG00000124920|MYRF,569,662,743,753
ENSG00000129152|MYOD1,0,0,0,0
ENSG00000129159|KCNC1,16,61,39,48
ENSG00000075239|ACAT1,3267,3235,2348,3170
ENSG00000255663,11,10,4,0
ENSG00000076043|REXO2,3414,3367,2413,2953
ENSG00000095110|NXPE1,0,0,0,0
ENSG00000137634|NXPE4,0,0,0,0
ENSG00000137747|TMPRSS13,398,394,330,368
ENSG00000110324|IL10RA,35,41,29,48
ENSG00000255274|SMIM35,10,10,13,9
ENSG00000137648|TMPRSS4,3651,3744,2582,3463
ENSG00000160593|JAML,5,10,0,6
ENSG00000160588|MPZL3,2333,2823,1978,2535
ENSG00000149573|MPZL2,3857,4072,3029,3831
ENSG00000198851|CD3E,8,0,9,20
ENSG00000160654|CD3G,0,0,0,0
ENSG00000110195|FOLR1,1595,1464,974,1237
ENSG00000087053|MTMR2,6054,7118,5194,6488
ENSG00000168092|PAFAH1B2,13806,15717,11315,13677
ENSG00000149577|SIDT2,1389,1348,858,1126
ENSG00000149591|TAGLN,311,454,261,516
ENSG00000167257|RNF214,1804,2027,1363,1572
ENSG00000110274|CEP164,4168,3873,2878,3435
ENSG00000183908|LRRC55,0,3,0,0
ENSG00000134817|APLNR,0,5,0,0
ENSG00000149115|TNKS1BP1,28120,28813,19076,22980
ENSG00000149136|SSRP1,49815,52930,37012,44735
ENSG00000109991|P2RX3,0,0,0,3
ENSG00000156575|PRG3,0,0,0,0
ENSG00000186652|PRG2,0,0,0,0
ENSG00000254979,0,0,0,0
ENSG00000149761|NUDT22,4636,4436,2958,3487
ENSG00000173486|FKBP2,6179,5946,4048,3176
ENSG00000184154|LRTOMT,3238,3013,2139,2753
ENSG00000021762|OSBPL5,596,599,467,514
ENSG00000110619|CARS1,5191,5464,3993,4702
ENSG00000110090|CPT1A,21424,23660,15442,19881
ENSG00000197345|MRPL21,6934,6318,4394,5485
ENSG00000172938|MRGPRD,10,3,0,3
ENSG00000172935|MRGPRF,177,148,123,133
ENSG00000162341|TPCN2,2661,2718,2103,2305
ENSG00000287725,121,101,63,146
ENSG00000284713|SMIM38,5,5,9,9
ENSG00000110344|UBE4A,9386,12587,9648,12165
ENSG00000285827,403,30,154,172
ENSG00000132740|IGHMBP2,3119,3205,2361,2860
ENSG00000214534|ZNF705E,38,70,42,64
ENSG00000184276|DEFB108B,0,0,0,0
ENSG00000225805|DEFB131B,7,22,20,19
ENSG00000149090|PAMR1,101,61,46,76
ENSG00000188487|INSC,29,40,20,34
ENSG00000080854|IGSF9B,0,2,0,0
ENSG00000149292|TTC12,591,650,414,538
ENSG00000258659|TRIM34,553,571,340,596
ENSG00000162298|SYVN1,13757,13470,8951,11735
ENSG00000179057|IGSF22,22,29,26,18
ENSG00000175582|RAB6A,16091,18698,13793,16845
ENSG00000134802|SLC43A3,0,3,6,5
ENSG00000129084|PSMA1,26112,25731,19131,23933
ENSG00000137760|ALKBH8,1233,1664,1344,1463
ENSG00000118096|IFT46,2734,2738,1681,2061
ENSG00000054938|CHRDL2,1,4,0,0
ENSG00000182919|C11orf54,2783,2986,2113,2671
ENSG00000150676|CCDC83,0,0,0,0
ENSG00000173715|C11orf80,1775,1830,1120,1518
ENSG00000120458|MSANTD2,1578,1358,1207,1380
ENSG00000174996|KLC2,6081,5765,4482,5258
ENSG00000175274|TP53I11,3900,3662,2398,2978
ENSG00000064199|SPA17,1105,1201,776,852
ENSG00000166833|NAV2,16176,21568,14229,17312
ENSG00000135373|EHF,34514,46451,21709,29634
ENSG00000286264,2589,2128,1581,3409
ENSG00000110031|LPXN,340,355,236,259
ENSG00000177098|SCN4B,535,609,370,480
ENSG00000166741|NNMT,52,23,27,38
ENSG00000129083|COPB1,20017,23469,16544,20100
ENSG00000148925|BTBD10,4835,5646,4265,5328
ENSG00000060749|QSER1,20616,32577,24544,30605
ENSG00000167286|CD3D,0,0,0,0
ENSG00000149782|PLCB3,9753,9251,7456,8792
ENSG00000074266|EED,3476,3523,2829,3561
ENSG00000149196|HIKESHI,2858,2549,1761,2415
ENSG00000149201|CCDC81,28,53,36,59
ENSG00000086848|ALG9,1776,1952,1339,1740
ENSG00000258529,14,0,0,0
ENSG00000255561|FDXACB1,133,187,80,120
ENSG00000137720|C11orf1,769,770,477,636
ENSG00000133317|LGALS12,0,0,0,3
ENSG00000133321|PLAAT4,144,156,81,90
ENSG00000133328|PLAAT2,8,6,13,15
ENSG00000184743|ATL3,12792,14762,11012,13894
ENSG00000133318|RTN3,32224,35206,26037,34282
ENSG00000188070|C11orf95,5980,6349,4379,5071
ENSG00000168005|SPINDOC,9613,8777,7533,8972
ENSG00000166788|SAAL1,5768,5841,4333,5446
ENSG00000179817|MRGPRX4,0,0,0,0
ENSG00000148965|SAA4,0,0,0,0
ENSG00000255071|SAA2-SAA4,0,0,0,0
ENSG00000134339|SAA2,0,4,5,0
ENSG00000173432|SAA1,0,3,0,2
ENSG00000149133|OR5F1,0,0,0,0
ENSG00000181761|OR8H3,0,0,0,0
ENSG00000181752|OR8K5,0,0,0,0
ENSG00000174957|OR5J2,3,0,0,0
ENSG00000186886|OR5D3P,0,0,0,0
ENSG00000180475|OR10Q1,0,0,6,3
ENSG00000172457|OR9G4,0,0,0,0
ENSG00000172489|OR5T3,0,0,0,0
ENSG00000176200|OR4D11,0,0,0,0
ENSG00000172362|OR5B12,0,0,0,0
ENSG00000172199|OR8U1,0,0,0,0
ENSG00000279961|OR8U3,0,0,0,0
ENSG00000284732,0,0,0,0
ENSG00000150269|OR5M9,0,0,0,0
ENSG00000176742|OR51V1,0,0,0,0
ENSG00000185522|LMNTD2,58,70,55,35
ENSG00000099849|RASSF7,1380,1132,759,1145
ENSG00000070047|PHRF1,7094,7350,5338,6088
ENSG00000185507|IRF7,484,401,310,392
ENSG00000099834|CDHR5,11,30,15,21
ENSG00000070031|SCT,0,7,6,4
ENSG00000069696|DRD4,35,17,11,12
ENSG00000183020|AP2A2,2773,2537,1957,2530
ENSG00000288675,87,79,87,91
ENSG00000197702|PARVA,1097,1308,862,1113
ENSG00000181927|OR4P4,0,0,0,0
ENSG00000181958|OR4A15,0,0,0,0
ENSG00000182334|OR5P3,0,0,0,0
ENSG00000182261|NLRP10,0,0,1,2
ENSG00000198674|OR10G6,0,0,0,0
ENSG00000236981|OR10G9,0,0,0,0
ENSG00000162222|TTC9C,3156,2833,2228,2635
ENSG00000185670|ZBTB3,956,872,509,711
ENSG00000168002|POLR2G,10003,9122,6773,9081
ENSG00000162227|TAF6L,2898,2485,1642,2151
ENSG00000168569|TMEM223,5034,4413,3129,4003
ENSG00000185475|TMEM179B,4840,4572,3140,3676
ENSG00000162231|NXF1,14326,14265,10633,13140
ENSG00000283268|TEX54,45,27,21,16
ENSG00000149243|KLHL35,3332,2713,1974,2448
ENSG00000166793|YPEL4,344,310,224,330
ENSG00000156599|ZDHHC5,22803,24594,17067,20609
ENSG00000156603|MED19,2421,2523,1838,2132
ENSG00000160613|PCSK7,6686,6068,5070,5607
ENSG00000166349|RAG1,215,284,184,244
ENSG00000175097|RAG2,30,29,2,19
ENSG00000175581|MRPL48,3690,3553,2464,2949
ENSG00000181924|COA4,9593,8595,6458,8117
ENSG00000175575|PAAF1,6414,6298,4429,5286
ENSG00000187726|DNAJB13,990,854,495,486
ENSG00000175564|UCP3,238,241,205,192
ENSG00000214517|PPME1,10859,10178,7401,8927
ENSG00000151704|KCNJ1,86,105,65,55
ENSG00000175482|POLD4,1440,1040,813,972
ENSG00000256514,5,48,45,50
ENSG00000175505|CLCF1,1497,1371,823,1123
ENSG00000172531|PPP1CA,29198,26770,18605,23408
ENSG00000175463|TBC1D10C,96,78,78,70
ENSG00000172508|CARNS1,82,93,87,72
ENSG00000175634|RPS6KB2,9178,8393,5788,7127
ENSG00000213402|PTPRCAP,1,0,0,2
ENSG00000172725|CORO1B,14716,13561,8909,11410
ENSG00000175514|GPR152,0,0,0,0
ENSG00000172663|TMEM134,2907,2611,1599,1999
ENSG00000162236|STX5,5845,5833,4321,5278
ENSG00000166402|TUB,3912,4892,4583,5311
ENSG00000182934|SRPRA,17317,17330,11994,15278
ENSG00000110074|FOXRED1,3673,3546,2795,3449
ENSG00000110063|DCPS,3168,3056,2181,2500
ENSG00000110080|ST3GAL4,579,575,635,748
ENSG00000133800|LYVE1,6,0,0,0
ENSG00000198730|CTR9,18283,22016,16245,19695
ENSG00000110321|EIF4G2,331952,395770,270564,327142
ENSG00000236287|ZBED5,13448,15805,10550,12415
ENSG00000175390|EIF3F,32849,31378,22516,28870
ENSG00000285509|TBCEL-TECTA,29,58,111,116
ENSG00000182255|KCNA4,78,92,83,81
ENSG00000131808|FSHB,0,6,0,0
ENSG00000149781|FERMT3,116,82,40,48
ENSG00000149743|TRPT1,3751,3256,2063,2651
ENSG00000007372|PAX6,2851,3061,2107,2676
ENSG00000167283|ATP5MG,12048,11347,7152,9554
ENSG00000178202|POGLUT3,3870,4729,4000,4968
ENSG00000002330|BAD,4770,4018,2888,3693
ENSG00000173153|ESRRA,8790,7843,5657,6648
ENSG00000109861|CTSC,12786,13101,9853,11942
ENSG00000184545|DUSP8,318,304,260,336
ENSG00000205869|KRTAP5-1,9,9,13,5
ENSG00000205867|KRTAP5-2,0,4,0,0
ENSG00000196224|KRTAP5-3,0,0,0,0
ENSG00000241598|KRTAP5-4,1,0,0,0
ENSG00000185940|KRTAP5-5,0,0,0,0
ENSG00000205864|KRTAP5-6,1,2,0,1
ENSG00000244242|IFITM10,65,47,27,33
ENSG00000250644,426,519,222,458
ENSG00000117984|CTSD,32414,29359,20468,25786
ENSG00000174547|MRPL11,11023,10029,7522,9193
ENSG00000174516|PELI3,1170,1340,885,1060
ENSG00000254986|DPP3,10790,9663,6759,8555
ENSG00000256349,0,133,0,0
ENSG00000174483|BBS1,7041,6453,4536,5812
ENSG00000174165|ZDHHC24,2678,2414,1381,1925
ENSG00000248746|ACTN3,15,18,9,33
ENSG00000134571|MYBPC3,5,0,0,0
ENSG00000066336|SPI1,22,15,20,25
ENSG00000165915|SLC39A13,2876,2566,1649,1981
ENSG00000165917|RAPSN,19,3,8,9
ENSG00000149187|CELF1,25310,30543,22626,26777
ENSG00000213619|NDUFS3,6023,5103,3810,4604
ENSG00000110536|PTPMT1,3453,3262,2579,3188
ENSG00000123444|KBTBD4,1533,1597,1034,1238
ENSG00000196666|FAM180B,4,0,5,2
ENSG00000172247|C1QTNF4,8,8,4,4
ENSG00000109919|MTCH2,9424,9076,6395,8221
ENSG00000165923|AGBL2,397,377,285,364
ENSG00000109920|FNBP4,8014,8981,6699,7632
ENSG00000165434|PGM2L1,11790,15952,10682,12386
ENSG00000175536|LIPT2,932,956,644,871
ENSG00000175538|KCNE3,949,1065,751,921
ENSG00000174080|CTSF,4510,4351,2959,3928
ENSG00000186907|RTN4RL2,70,69,70,84
ENSG00000149150|SLC43A1,114,127,92,133
ENSG00000134809|TIMM10,3348,3288,1892,2544
ENSG00000156587|UBE2L6,5469,5100,4138,5042
ENSG00000288534,593,418,151,69
ENSG00000213593|TMX2,19745,18929,13126,16793
ENSG00000211450|SELENOH,10218,8967,6584,7935
ENSG00000233436|BTBD18,36,56,9,34
ENSG00000149131|SERPING1,714,737,611,810
ENSG00000026508|CD44,625,686,581,633
ENSG00000149575|SCN2B,214,253,111,126
ENSG00000172425|TTC36,30,13,17,27
ENSG00000109854|HTATIP2,4960,5027,3627,4310
ENSG00000168056|LTBP3,23368,21739,15709,19696
ENSG00000168004|PLAAT5,0,0,0,0
ENSG00000110075|PPP6R3,23421,28939,22449,27384
ENSG00000173264|GPR137,4010,3804,2666,3473
ENSG00000180425|C11orf71,423,430,246,294
ENSG00000076053|RBM7,2429,2647,2021,2307
ENSG00000133794|ARNTL,2749,3027,2158,2425
ENSG00000182985|CADM1,9523,11556,7155,8912
ENSG00000110680|CALCA,414,402,306,348
ENSG00000175567|UCP2,7786,7407,4568,5587
ENSG00000131626|PPFIA1,7442,9793,7133,8611
ENSG00000109927|TECTA,141,189,97,151
ENSG00000110427|KIAA1549L,10980,15179,10075,12181
ENSG00000120451|SNX19,3720,4824,3169,4023
ENSG00000054965|FAM168A,30949,37513,26461,33059
ENSG00000186104|CYP2R1,2082,2075,1572,1821
ENSG00000175544|CABP4,22,0,15,17
ENSG00000204381|LAYN,194,176,191,216
ENSG00000149294|NCAM1,6004,7237,4876,6206
ENSG00000173511|VEGFB,10087,9579,6137,7686
ENSG00000214787|MS4A4E,4,7,5,4
ENSG00000156738|MS4A1,0,0,0,0
ENSG00000071203|MS4A12,0,0,0,0
ENSG00000204979|MS4A13,0,0,0,0
ENSG00000110079|MS4A4A,0,0,0,0
ENSG00000166670|MMP10,782,895,357,432
ENSG00000172977|KAT5,5435,4976,2944,3890
ENSG00000172922|RNASEH2C,8987,7839,6296,7660
ENSG00000254470|AP5B1,2045,2184,1695,1994
ENSG00000172818|OVOL1,283,253,350,330
ENSG00000172757|CFL1,138063,129351,91319,112636
ENSG00000172803|SNX32,501,443,301,377
ENSG00000172732|MUS81,5025,4370,3179,3919
ENSG00000172543|CTSW,6,19,8,0
ENSG00000134640|MTNR1B,0,0,0,0
ENSG00000180773|SLC36A4,2196,2729,2245,2708
ENSG00000165323|FAT3,605,1011,1054,1091
ENSG00000196611|MMP1,228,290,75,99
ENSG00000066382|MPPED2,1138,1278,639,797
ENSG00000171053|PATE1,0,0,0,0
ENSG00000196844|PATE2,0,0,0,0
ENSG00000236027|PATE3,0,0,0,0
ENSG00000237353|PATE4,0,0,0,0
ENSG00000198331|HYLS1,425,333,260,334
ENSG00000110060|PUS3,2042,2202,1741,1990
ENSG00000109832|DDX25,22,17,5,8
ENSG00000283703|VSIG10L2,0,0,0,4
ENSG00000165526|RPUSD4,2776,2623,1852,2220
ENSG00000166483|WEE1,8465,10691,6603,8294
ENSG00000110108|TMEM109,4509,4425,3349,4220
ENSG00000006118|TMEM132A,9511,9198,6032,7485
ENSG00000013725|CD6,203,209,187,245
ENSG00000110446|SLC15A3,19,14,32,14
ENSG00000167311|ART5,104,75,90,95
ENSG00000129744|ART1,0,0,0,0
ENSG00000129749|CHRNA10,84,47,35,49
ENSG00000110713|NUP98,20620,24597,17337,21689
ENSG00000148985|PGAP2,7310,6178,4353,5525
ENSG00000177105|RHOG,5998,5212,3602,4686
ENSG00000167325|RRM1,18295,22575,18559,23581
ENSG00000167323|STIM1,10304,11093,7398,9138
ENSG00000187079|TEAD1,21107,32419,22891,28277
ENSG00000189431|RASSF10,663,734,282,418
ENSG00000085733|CTTN,16051,16920,11908,14657
ENSG00000162105|SHANK2,1891,2597,1468,1846
ENSG00000182103|FAM181B,43,54,23,53
ENSG00000137509|PRCP,5010,5239,4178,5139
ENSG00000165490|DDIAS,4425,5263,5034,5944
ENSG00000137502|RAB30,507,752,656,876
ENSG00000177951|BET1L,8191,7598,5669,7066
ENSG00000188076|SCGB1C1,0,0,0,0
ENSG00000177947|ODF3,3,3,0,0
ENSG00000142082|SIRT3,2572,2348,1757,2107
ENSG00000185627|PSMD13,19350,18631,13630,16902
ENSG00000174885|NLRP6,0,3,3,0
ENSG00000142102|PGGHG,1259,1034,937,940
ENSG00000206013|IFITM5,0,0,0,0
ENSG00000182272|B4GALNT4,5629,5194,4059,4743
ENSG00000184363|PKP3,9939,8725,6103,7412
ENSG00000185187|SIGIRR,2697,2426,1708,2200
ENSG00000185101|ANO9,1809,1531,1331,1510
ENSG00000175591|P2RY2,16425,18899,9463,11144
ENSG00000171631|P2RY6,2126,1984,1137,1593
ENSG00000288681,1,11,3,18
ENSG00000185885|IFITM1,1112,858,674,810
ENSG00000166257|SCN3B,98,153,88,79
ENSG00000166261|ZNF202,2072,2238,1647,1796
ENSG00000171204|TMEM126B,2323,2248,1780,2123
ENSG00000171202|TMEM126A,1888,1771,1223,1562
ENSG00000179071|CCDC89,69,44,39,38
ENSG00000137501|SYTL2,3319,3702,3068,3727
ENSG00000150672|DLG2,78,128,145,169
ENSG00000142089|IFITM3,16340,14288,9648,12454
ENSG00000149262|INTS4,43036,43647,32902,40259
ENSG00000151364|KCTD14,131,150,38,113
ENSG00000259112|NDUFC2-KCTD14,2177,1094,1431,1031
ENSG00000151365|THRSP,65,53,78,60
ENSG00000151366|NDUFC2,115145,107560,75147,94570
ENSG00000132275|RRP8,3415,3561,2675,3383
ENSG00000166333|ILK,5615,5988,4257,5089
ENSG00000166337|TAF10,17790,15296,10754,12349
ENSG00000158042|MRPL17,9626,8643,6632,8435
ENSG00000166341|DCHS1,452,550,473,480
ENSG00000159063|ALG8,86609,87319,61166,77046
ENSG00000137507|LRRC32,606,720,504,583
ENSG00000182704|TSKU,25931,24339,16137,20837
ENSG00000078124|ACER3,25957,30198,25795,32607
ENSG00000198488|B3GNT6,9,17,13,17
ENSG00000149260|CAPN5,19902,18776,14750,19060
ENSG00000254550|OMP,10,15,5,22
ENSG00000137474|MYO7A,7188,6984,5289,6646
ENSG00000168014|C2CD3,10142,13195,9758,12316
ENSG00000284922,266,204,126,105
ENSG00000149231|CCDC82,1783,2568,2101,2400
ENSG00000183340|JRKL,1341,1880,1491,1716
ENSG00000151715|TMEM45B,475,437,369,464
ENSG00000170325|PRDM10,1647,2459,1743,2251
ENSG00000084234|APLP2,40270,44222,34962,43903
ENSG00000149418|ST14,21193,20417,13887,18074
ENSG00000172409|CLP1,3803,3712,2624,3158
ENSG00000168066|SF1,49161,48932,35423,43227
ENSG00000166452|AKIP1,1746,1531,1202,1315
ENSG00000176029|C11orf16,0,13,10,10
ENSG00000176009|ASCL3,0,9,0,3
ENSG00000175348|TMEM9B,6831,6755,5013,6353
ENSG00000175352|NRIP3,1067,1087,1192,1528
ENSG00000175356|SCUBE2,207,197,150,168
ENSG00000184014|DENND5A,7668,8407,6445,8153
ENSG00000166471|TMEM41B,6585,7366,5742,6936
ENSG00000205339|IPO7,54137,73520,57006,69475
ENSG00000185201|IFITM2,4400,4182,3175,3792
ENSG00000110448|CD5,10,38,20,21
ENSG00000167987|VPS37C,5335,5092,3199,4081
ENSG00000229859|PGA3,0,0,5,0
ENSG00000256713|PGA5,6,0,2,0
ENSG00000167992|VWCE,136,82,52,69
ENSG00000167986|DDB1,50003,52213,36847,46800
ENSG00000149476|TKFC,6603,6232,4260,5461
ENSG00000162144|CYB561A3,5069,4731,3590,4232
ENSG00000149483|TMEM138,4982,5118,3666,4545
ENSG00000187049|TMEM216,2362,2321,1463,1723
ENSG00000149532|CPSF7,25499,27251,21794,26661
ENSG00000256591,406,407,346,658
ENSG00000167985|SDHAF2,5272,4767,3760,4075
ENSG00000162148|PPP1R32,47,69,49,55
ENSG00000204950|LRRC10B,76,59,46,46
ENSG00000149016|TUT1,3422,5228,1610,2553
ENSG00000149480|MTA2,34319,35236,25012,31628
ENSG00000149499|EML3,5335,5266,4097,4920
ENSG00000149489|ROM1,240,170,144,136
ENSG00000149541|B3GAT3,4783,4071,3047,3739
ENSG00000089597|GANAB,92308,94534,68060,84404
ENSG00000185085|INTS5,4916,4575,3044,4013
ENSG00000255432,0,0,0,0
ENSG00000278615|C11orf98,7594,7064,5206,5737
ENSG00000162194|LBHD1,2638,2276,1654,2614
ENSG00000214756|CSKMT,950,730,618,774
ENSG00000204922|UQCC3,2915,2802,1717,2133
ENSG00000162191|UBXN1,14167,12766,9201,11044
ENSG00000177363|LRRN4CL,16,6,17,18
ENSG00000234857|HNRNPUL2-BSCL2,6491,3423,4243,4863
ENSG00000162188|GNG3,87,88,60,44
ENSG00000214753|HNRNPUL2,34609,39161,27266,33198
ENSG00000150768|DLAT,8020,9008,6474,8304
ENSG00000168003|SLC3A2,33505,30286,21996,26503
ENSG00000168539|CHRM1,0,0,10,11
ENSG00000133812|SBF2,7156,9539,6275,7869
ENSG00000151376|ME3,169,116,80,63
ENSG00000167770|OTUB1,19987,18201,12564,15165
ENSG00000166352|IFTAP,2652,2607,1901,2395
ENSG00000150773|PIH1D2,250,273,179,235
ENSG00000186635|ARAP1,14859,14909,11457,14100
ENSG00000176485|PLAAT3,569,542,483,612
ENSG00000150455|TIRAP,518,644,490,657
ENSG00000120471|TP53AIP1,9,9,5,0
ENSG00000110492|MDK,66021,60415,44284,56064
ENSG00000133316|WDR74,10331,9092,6498,8188
ENSG00000165325|DEUP1,133,197,111,196
ENSG00000072518|MARK2,16732,16963,11652,14347
ENSG00000149809|TM7SF2,15058,13546,9125,12580
ENSG00000179826|MRGPRX3,0,2,0,0
ENSG00000176495|OR5AN1,0,0,0,2
ENSG00000197309|OR10D3,0,0,0,0
ENSG00000176798|OR51L1,0,0,0,0
ENSG00000172487|OR8J1,0,0,0,0
ENSG00000181518|OR8D4,0,0,0,0
ENSG00000174982|OR4S2,0,0,0,0
ENSG00000263465|SRSF8,3637,3905,2412,3011
ENSG00000181767|OR8H2,0,0,0,0
ENSG00000172742|OR4D9,0,0,0,0
ENSG00000165916|PSMC3,28153,26722,19818,24406
ENSG00000183734|ASCL2,11,21,13,22
ENSG00000187066|TMEM262,491,446,290,398
ENSG00000181009|OR52N5,0,0,0,0
ENSG00000183389|OR56A4,0,0,0,1
ENSG00000171944|OR52A5,0,0,0,0
ENSG00000196341|OR8D1,0,0,0,0
ENSG00000172769|OR5B3,0,0,0,0
ENSG00000171533|MAP6,515,414,242,312
ENSG00000181693|OR8H1,0,0,0,0
ENSG00000182070|OR52A1,0,0,0,0
ENSG00000172324|OR5A2,0,0,0,2
ENSG00000182634|OR10G7,0,0,0,0
ENSG00000181001|OR52N1,0,2,0,0
ENSG00000172365|OR5B2,0,0,0,0
ENSG00000174937|OR5M3,0,0,0,0
ENSG00000197125|OR8B8,0,0,0,0
ENSG00000214530|STARD10,4040,3538,2846,3324
ENSG00000196954|CASP4,2693,2676,1797,2203
ENSG00000137757|CASP5,0,0,0,0
ENSG00000137752|CASP1,199,159,152,170
ENSG00000186166|CENATAC,741,744,530,565
ENSG00000118181|RPS25,23069,19507,13401,17493
ENSG00000196655|TRAPPC4,1486,1259,1048,1240
ENSG00000137700|SLC37A4,1507,1226,960,1170
ENSG00000149428|HYOU1,13703,14227,9974,11800
ENSG00000160695|VPS11,1321,1283,944,1309
ENSG00000256269|HMBS,3333,3144,2191,2623
ENSG00000188486|H2AX,18144,16614,9804,12607
ENSG00000172375|C2CD2L,1509,1473,1031,1324
ENSG00000172273|HINFP,2073,2177,1599,1846
ENSG00000172350|ABCG4,60,41,58,50
ENSG00000160703|NLRX1,484,406,353,406
ENSG00000172367|PDZD3,0,9,7,9
ENSG00000248712|CCDC153,187,167,128,207
ENSG00000110395|CBL,6357,9606,7378,9016
ENSG00000076706|MCAM,3171,3568,4119,4944
ENSG00000173020|GRK2,11302,11378,8186,10339
ENSG00000172932|ANKRD13D,3538,2644,2086,2577
ENSG00000172830|SSH3,2840,2734,1950,2623
ENSG00000172613|RAD9A,2485,2150,1852,2172
ENSG00000110697|PITPNM1,4681,4312,3437,3869
ENSG00000167797|CDK2AP2,5678,4769,3305,4274
ENSG00000167791|CABP2,0,0,0,0
ENSG00000084207|GSTP1,59222,53519,37081,45174
ENSG00000167792|NDUFV1,21904,19656,14463,17316
ENSG00000167799|NUDT8,236,169,123,180
ENSG00000132744|ACY3,19,9,14,14
ENSG00000132746|ALDH3B2,1901,1898,1011,1478
ENSG00000110203|FOLR3,10,10,3,12
ENSG00000197901|SLC22A6,3,0,0,0
ENSG00000149452|SLC22A8,0,3,0,0
ENSG00000197658|SLC22A24,0,0,0,0
ENSG00000196600|SLC22A25,0,8,0,0
ENSG00000184999|SLC22A10,0,0,0,0
ENSG00000149742|SLC22A9,3,0,4,0
ENSG00000132256|TRIM5,5401,5872,4186,5277
ENSG00000110169|HPX,168,171,94,84
ENSG00000110171|TRIM3,2563,2464,1925,2264
ENSG00000132254|ARFIP2,15117,14223,10471,12759
ENSG00000283977,8,4,3,3
ENSG00000132286|TIMM10B,7381,7696,5751,7429
ENSG00000179532|DNHD1,3267,3784,2405,2962
ENSG00000166340|TPP1,23111,23456,17125,21954
ENSG00000170782|OR10A4,0,0,5,7
ENSG00000134824|FADS2,26605,27245,21115,26749
ENSG00000173113|TRMT112,19539,16962,12659,16039
ENSG00000137504|CREBZF,5969,7111,5939,7231
ENSG00000174914|OR9G1,0,0,0,0
ENSG00000254466|OR4D10,0,0,0,0
ENSG00000188211|NCR3LG1,730,1112,1021,1239
ENSG00000149305|HTR3B,0,0,0,0
ENSG00000109906|ZBTB16,0,0,0,0
ENSG00000070081|NUCB2,3160,3833,3074,3844
ENSG00000006611|USH1C,81,72,131,126
ENSG00000188162|OTOG,0,0,0,0
ENSG00000183801|OLFML1,30,27,20,28
ENSG00000166387|PPFIBP2,1658,1908,1100,1318
ENSG00000166394|CYB5R2,2370,2143,1694,1992
ENSG00000137656|BUD13,2190,2094,1536,1822
ENSG00000109917|ZPR1,8249,8023,5718,7669
ENSG00000110243|APOA5,0,5,10,3
ENSG00000110244|APOA4,0,0,0,0
ENSG00000110245|APOC3,0,0,0,0
ENSG00000118137|APOA1,79,44,23,31
ENSG00000160584|SIK3,4463,5044,3439,4371
ENSG00000184478|OR56A3,13,0,0,16
ENSG00000184698|OR51M1,5,1,0,10
ENSG00000187918|OR51I2,0,0,2,0
ENSG00000168000|BSCL2,2737,3440,1369,1841
ENSG00000181963|OR52K2,0,0,0,0
ENSG00000196778|OR52K1,0,0,0,0
ENSG00000197887|OR1S2,0,0,0,0
ENSG00000182791|CCDC87,378,397,175,201
ENSG00000173992|CCS,5538,5013,3815,4482
ENSG00000239306|RBM14,9319,7914,6597,8135
ENSG00000248643|RBM14-RBM4,1225,1797,1350,1660
ENSG00000173933|RBM4,14871,13449,10718,12435
ENSG00000173914|RBM4B,3486,3272,2699,3197
ENSG00000134909|ARHGAP32,3042,3805,2516,3115
ENSG00000171714|ANO5,144,246,151,215
ENSG00000197790|OR52M1,0,0,0,0
ENSG00000255012|OR5M1,0,0,0,0
ENSG00000176925|OR51F2,0,0,0,0
ENSG00000280021|OR51F1,0,0,0,0
ENSG00000280204|OR1S1,0,0,0,0
ENSG00000280314|OR8K3,0,0,0,0
ENSG00000284609|OR8B3,0,0,0,0
ENSG00000284680|OR8B2,0,0,0,0
ENSG00000170683|OR10A3,0,0,1,0
ENSG00000170790|OR10A2,29,27,37,39
ENSG00000172320|OR5A1,0,0,0,0
ENSG00000176893|OR51G2,0,0,0,3
ENSG00000176895|OR51A7,0,0,0,0
ENSG00000180974|OR52E4,0,0,3,0
ENSG00000181698|OR5T1,0,0,0,0
ENSG00000187486|KCNJ11,176,157,141,234
ENSG00000181903|OR4C6,0,0,0,0
ENSG00000184933|OR6A2,7,7,0,0
ENSG00000197428|OR51D1,0,0,0,0
ENSG00000180785|OR51E1,0,0,0,0
ENSG00000188124|OR2AG2,86,62,77,72
ENSG00000196248|OR10S1,2,0,0,0
ENSG00000234560|OR10G8,0,0,0,0
ENSG00000110711|AIP,4681,4104,2734,3632
ENSG00000205497|OR51A4,0,0,0,0
ENSG00000172893|DHCR7,14108,13630,10441,13468
ENSG00000172890|NADSYN1,4991,4563,2697,3437
ENSG00000244411|KRTAP5-7,3,1,3,0
ENSG00000241233|KRTAP5-8,2,6,0,3
ENSG00000254997|KRTAP5-9,5,4,5,3
ENSG00000204572|KRTAP5-10,0,0,0,2
ENSG00000204571|KRTAP5-11,2,0,0,0
ENSG00000023191|RNH1,6165,5426,3614,4631
ENSG00000161328|LRRC56,177,139,75,117
ENSG00000177030|DEAF1,3182,2940,1906,2785
ENSG00000167822|OR8J3,0,0,0,0
ENSG00000006071|ABCC8,17,23,20,30
ENSG00000085741|WNT11,1304,1461,784,787
ENSG00000137492|THAP12,67473,82714,58124,73437
ENSG00000179240|GVQW3,10230,11304,9745,10709
ENSG00000158636|EMSY,17796,24163,18380,22759
ENSG00000149311|ATM,4691,7807,6039,7461
ENSG00000254732,12,16,8,4
ENSG00000198561|CTNND1,51816,60193,41625,51390
ENSG00000226288|OR52I2,0,6,7,0
ENSG00000167332|OR51E2,0,0,0,0
ENSG00000197674|OR51C1P,0,0,0,0
ENSG00000254737|OR10G4,0,0,0,0
ENSG00000279000|OR10A6,0,0,0,0
ENSG00000133895|MEN1,11271,10412,7480,8902
ENSG00000166800|LDHAL6A,18,36,0,31
ENSG00000074319|TSG101,13886,14289,9811,12372
ENSG00000151116|UEVLD,4189,5095,3945,4507
ENSG00000247595|SPTY2D1OS,276,206,219,192
ENSG00000179119|SPTY2D1,8398,11591,8570,11171
ENSG00000064309|CDON,1871,2312,1433,1928
ENSG00000129757|CDKN1C,637,544,494,538
ENSG00000166199|ALKBH3,4079,3899,3044,3705
ENSG00000187479|C11orf96,25,25,27,10
ENSG00000205126|ACCSL,0,0,0,0
ENSG00000110455|ACCS,983,846,676,779
ENSG00000052850|ALX4,143,174,109,98
ENSG00000151348|EXT2,13077,13960,10260,13080
ENSG00000166801|FAM111A,10916,12994,9767,12287
ENSG00000173898|SPTBN2,22440,25603,17739,21329
ENSG00000166441|RPL27A,142245,132159,90540,113327
ENSG00000149968|MMP3,105,72,36,27
ENSG00000262406|MMP12,11,26,8,11
ENSG00000137745|MMP13,5,0,6,3
ENSG00000137692|DCUN1D5,6256,6165,4478,5741
ENSG00000187240|DYNC2H1,3116,5219,4232,5136
ENSG00000174915|PTDSS2,2275,2115,1315,1604
ENSG00000174775|HRAS,1908,1771,1200,1435
ENSG00000149089|APIP,3684,3674,2648,3405
ENSG00000110435|PDHX,6796,8007,5880,7191
ENSG00000019505|SYT13,4,21,26,13
ENSG00000177595|PIDD1,2530,2052,1626,1978
ENSG00000183715|OPCML,0,0,0,0
ENSG00000166436|TRIM66,2713,2634,1842,2232
ENSG00000186318|BACE1,4620,5280,3593,4821
ENSG00000048649|RSF1,99999,139673,103420,125272
ENSG00000110077|MS4A6A,0,0,0,0
ENSG00000023171|GRAMD1B,710,754,564,741
ENSG00000166106|ADAMTS15,7954,8242,4918,6504
ENSG00000183378|OVCH2,0,0,3,0
ENSG00000177042|TMEM80,1098,1094,732,922
ENSG00000110330|BIRC2,3373,4182,2952,3850
ENSG00000166363|OR10A5,3,2,0,0
ENSG00000171014|OR4D5,0,0,0,0
ENSG00000186119|OR5D18,0,0,0,0
ENSG00000150261|OR8K1,0,0,0,0
ENSG00000172154|OR8I2,0,0,0,0
ENSG00000178358|OR2D3,0,0,0,6
ENSG00000172208|OR4X2,0,0,0,0
ENSG00000172459|OR5AR1,0,0,0,0
ENSG00000175485|OR52W1,0,10,0,0
ENSG00000181961|OR4A16,0,0,0,0
ENSG00000181273|OR5AK2,0,0,0,0
ENSG00000279051|OR6Q1,0,0,0,0
ENSG00000237388|OR4A47,0,0,0,0
ENSG00000232268|OR52I1,0,0,2,0
ENSG00000166736|HTR3A,0,3,0,0
ENSG00000150750|C11orf53,0,0,0,0
ENSG00000255298|OR8G5,0,0,0,0
ENSG00000229183|PGA4,2,0,4,0
ENSG00000186513|OR9Q2,0,0,0,0
ENSG00000181785|OR5AS1,0,0,0,0
ENSG00000279486|OR2AG1,0,5,13,12
ENSG00000181074|OR52N4,3,0,0,0
ENSG00000149554|CHEK1,3871,4749,4462,5450
ENSG00000197849|OR8G1,0,0,0,0
ENSG00000196371|FUT4,662,628,484,696
ENSG00000181939|OR4C15,0,0,0,0
ENSG00000176900|OR51T1,0,0,0,0
ENSG00000166368|OR2D2,0,3,0,0
ENSG00000183303|OR5P2,0,1,0,0
ENSG00000279116|OR8D2,0,0,0,0
ENSG00000255307|OR52B2,0,0,0,0
ENSG00000254834|OR5M10,0,0,0,0
ENSG00000176922|OR51S1,0,0,0,0
ENSG00000181499|OR6T1,1,0,0,0
ENSG00000221931|OR6X1,0,0,0,0
ENSG00000170953|OR8B12,0,0,0,0
ENSG00000280090|OR8B4,0,0,0,0
ENSG00000255223|OR5M11,0,0,0,0
ENSG00000181371|OR5M8,0,0,0,0
ENSG00000196099|OR6M1,0,0,0,0
ENSG00000072952|IRAG1,185,223,127,234
ENSG00000172188|OR4C11,0,0,0,0
ENSG00000172377|OR9I1,0,0,0,0
ENSG00000167800|TBX10,5,10,0,0
ENSG00000180934|OR56A1,0,0,0,0
ENSG00000198283|OR5B21,0,0,0,0
ENSG00000174970|OR10AG1,0,0,0,0
ENSG00000167359|OR51I1,0,1,1,0
ENSG00000279012|OR51B2,0,0,0,1
ENSG00000176540|OR4C5,0,0,0,0
ENSG00000181616|OR52H1,0,5,0,8
ENSG00000181718|OR5T2,0,0,0,0
ENSG00000254469,398,604,516,699
ENSG00000186714|CCDC73,46,49,39,43
ENSG00000183644|HOATZ,0,0,0,0
ENSG00000172464|OR5AP2,0,0,0,0
ENSG00000166884|OR4D6,0,0,0,0
ENSG00000177963|RIC8A,16593,15464,11928,14169
ENSG00000197136|PCNX3,19859,20307,14359,17840
ENSG00000172269|DPAGT1,2750,2472,1765,2266
ENSG00000162129|CLPB,7526,7925,6190,7399
ENSG00000180720|CHRM4,72,31,43,51
ENSG00000137727|ARHGAP20,22,23,30,25
ENSG00000170959|DCDC1,140,206,164,163
ENSG00000214872|SMTNL1,15,16,8,23
ENSG00000182667|NTM,0,0,0,0
ENSG00000170322|NFRKB,5171,5585,4242,5383
ENSG00000178795|GDPD4,10,45,28,40
ENSG00000110497|AMBRA1,7509,7511,5056,6122
ENSG00000154114|TBCEL,3003,4011,3076,3730
ENSG00000050165|DKK3,5387,5996,4137,5469
ENSG00000166435|XRRA1,1160,1604,1054,1164
ENSG00000129167|TPH1,151,128,107,145
ENSG00000162241|SLC25A45,563,482,401,502
ENSG00000110011|DNAJC4,3817,3385,2336,3070
ENSG00000168959|GRM5,40,76,70,66
ENSG00000175224|ATG13,14270,14703,10501,13227
ENSG00000133816|MICAL2,17778,21833,12806,15000
ENSG00000167346|MMP26,0,0,0,0
ENSG00000186174|BCL9L,15106,15699,9530,11605
ENSG00000166926|MS4A6E,0,0,0,0
ENSG00000182053|TRIM49B,0,3,0,2
ENSG00000126500|FLRT1,131,142,92,201
ENSG00000150433|TMEM218,1076,1109,766,996
ENSG00000110693|SOX6,1456,1987,1219,1584
ENSG00000233802|TRIM49D2,0,0,3,0
ENSG00000011405|PIK3C2A,13993,21785,17917,21662
ENSG00000173237|C11orf86,6,9,0,0
ENSG00000223417|TRIM49D1,0,0,3,0
ENSG00000019485|PRDM11,3453,4191,2662,3545
ENSG00000180988|OR52N2,0,0,0,3
ENSG00000151240|DIP2C,506,562,528,520
ENSG00000196139|AKR1C3,84,164,37,104
ENSG00000178462|TUBAL3,0,0,0,0
ENSG00000107929|LARP4B,5348,6806,4685,5606
ENSG00000185736|ADARB2,0,4,0,0
ENSG00000165568|AKR1E2,199,198,140,133
ENSG00000065675|PRKCQ,590,729,405,540
ENSG00000134463|ECHDC3,131,78,38,80
ENSG00000107485|GATA3,0,3,0,0
ENSG00000151465|CDC123,5640,5753,3992,5153
ENSG00000178473|UCN3,0,0,0,0
ENSG00000086475|SEPHS1,4424,4608,3584,4275
ENSG00000123240|OPTN,1860,2072,1637,2213
ENSG00000067082|KLF6,6502,7802,4228,6122
ENSG00000134460|IL2RA,0,0,0,0
ENSG00000165629|ATP5F1C,7705,7536,4874,6370
ENSG00000165632|TAF3,978,1007,853,972
ENSG00000065665|SEC61A2,233,274,180,199
ENSG00000151632|AKR1C2,53,49,37,85
ENSG00000187134|AKR1C1,98,74,69,55
ENSG00000048740|CELF2,0,0,0,0
ENSG00000197889|MEIG1,39,20,15,4
ENSG00000151655|ITIH2,8,11,10,7
ENSG00000170525|PFKFB3,3277,3458,2062,2535
ENSG00000107537|PHYH,944,1016,909,1134
ENSG00000134453|RBM17,4287,4420,3407,4047
ENSG00000165609|NUDT5,4483,4665,3449,3789
ENSG00000151468|CCDC3,3044,2843,1629,2153
ENSG00000165623|UCMA,0,0,0,0
ENSG00000151657|KIN,661,776,437,579
ENSG00000148429|USP6NL,2364,2999,1996,2539
ENSG00000134461|ANKRD16,306,239,192,167
ENSG00000151461|UPF2,3571,4221,3134,3802
ENSG00000134470|IL15RA,16,11,10,0
ENSG00000152455|SUV39H2,3074,3327,2780,3217
ENSG00000176244|ACBD7,917,1033,831,987
ENSG00000152464|RPP38,744,626,479,610
ENSG00000123243|ITIH5,0,0,0,0
ENSG00000264006|AKR1C8P,0,0,0,0
ENSG00000151474|FRMD4A,763,870,605,702
ENSG00000260314|MRC1,0,0,0,2
ENSG00000165997|ARL5B,4353,6250,4803,5799
ENSG00000107611|CUBN,142,135,83,104
ENSG00000026025|VIM,483,543,327,286
ENSG00000107614|TRDMT1,743,1045,588,689
ENSG00000165985|C1QL3,187,267,152,219
ENSG00000148481|MINDY3,1630,1798,1482,1833
ENSG00000165309|ARMC3,99,175,82,78
ENSG00000216937|CCDC7,109,135,85,109
ENSG00000223601|EBLN1,0,0,0,0
ENSG00000095794|CREM,466,500,513,568
ENSG00000269897|COMMD3-BMI1,0,0,16,1
ENSG00000241058|NSUN6,1647,2181,1479,1891
ENSG00000150867|PIP4K2A,1451,1688,1216,1520
ENSG00000179133|C10orf67,46,43,53,48
ENSG00000198610|AKR1C4,2,3,0,3
ENSG00000204740|MALRD1,0,0,0,0
ENSG00000148488|ST8SIA6,81,133,66,76
ENSG00000136750|GAD2,0,0,0,0
ENSG00000150051|MKX,491,485,422,573
ENSG00000263761|GDF2,0,0,0,3
ENSG00000169126|ODAD2,363,433,389,519
ENSG00000077943|ITGA8,3,4,0,0
ENSG00000197321|SVIL,5017,6261,3515,4888
ENSG00000148444|COMMD3,1716,1659,1079,1390
ENSG00000148482|SLC39A12,0,0,0,0
ENSG00000172671|ZFAND4,955,1185,811,1112
ENSG00000095777|MYO3A,3,0,0,0
ENSG00000168283|BMI1,2958,3739,2649,3234
ENSG00000148450|MSRB2,638,686,465,503
ENSG00000256574|OR13A1,0,0,0,0
ENSG00000187783|TMEM72,0,0,0,0
ENSG00000168267|PTF1A,0,0,0,0
ENSG00000099256|PRTFDC1,49,72,36,79
ENSG00000152457|DCLRE1C,1987,2123,1645,2036
ENSG00000148426|PROSER2,1310,1290,971,1218
ENSG00000107643|MAPK8,3729,4289,3048,3777
ENSG00000204175|GPRIN2,44,24,55,43
ENSG00000120549|KIAA1217,5751,7151,4499,5698
ENSG00000171988|JMJD1C,2981,5265,3804,4597
ENSG00000151033|LYZL2,0,0,0,0
ENSG00000151023|ENKUR,18,35,15,28
ENSG00000122873|CISD1,3887,3574,2961,3786
ENSG00000136770|DNAJC1,1136,1075,803,988
ENSG00000165633|VSTM4,0,5,0,0
ENSG00000122912|SLC25A16,2363,2324,1687,2158
ENSG00000165443|PHYHIPL,698,849,717,660
ENSG00000198298|ZNF485,558,633,424,539
ENSG00000150201|FXYD4,0,0,0,0
ENSG00000138303|ASCC1,3296,3393,2369,2806
ENSG00000265203|RBP3,0,0,0,0
ENSG00000165322|ARHGAP12,2569,3413,2677,3140
ENSG00000072401|UBE2D1,2678,2552,1959,2665
ENSG00000266524|GDF10,0,8,0,8
ENSG00000196693|ZNF33B,4105,5230,3905,4613
ENSG00000107745|MICU1,4862,4795,3563,4461
ENSG00000099250|NRP1,124,203,109,122
ENSG00000120594|PLXDC2,4075,5242,2606,3031
ENSG00000204176|SYT15,90,85,83,81
ENSG00000148484|RSU1,2818,3249,2083,2488
ENSG00000170312|CDK1,8973,10284,8580,10398
ENSG00000227877|MRLN,0,0,0,9
ENSG00000156026|MCU,4390,4917,3806,4403
ENSG00000165757|JCAD,348,319,379,386
ENSG00000165655|ZNF503,15904,15976,9196,11749
ENSG00000077327|SPAG6,0,0,0,0
ENSG00000165406|MARCHF8,2328,2581,1613,2184
ENSG00000075407|ZNF37A,3186,3996,3168,3907
ENSG00000138336|TET1,1597,2575,1821,2397
ENSG00000107984|DKK1,32,19,52,38
ENSG00000179774|ATOH7,17,31,17,22
ENSG00000012779|ALOX5,3,0,0,3
ENSG00000166321|NUDT13,382,346,297,363
ENSG00000170759|KIF5B,23678,33157,23689,30168
ENSG00000152465|NMT2,770,971,705,893
ENSG00000204161|TMEM273,96,112,89,137
ENSG00000148606|POLR3A,4656,5470,3870,4474
ENSG00000060339|CCAR1,13448,15468,11116,12748
ENSG00000170324|FRMPD2,17,24,20,21
ENSG00000138286|FAM149B1,3635,3644,2650,3495
ENSG00000122952|ZWINT,7233,7332,6442,7789
ENSG00000166228|PCBD1,3310,3002,2244,2868
ENSG00000166224|SGPL1,13101,14120,9665,12010
ENSG00000128815|WDFY4,0,0,0,0
ENSG00000184923|NUTM2A,415,535,325,388
ENSG00000148655|LRMDA,573,486,292,373
ENSG00000148459|PDSS1,2046,1994,1491,1975
ENSG00000165512|ZNF22,384,462,306,405
ENSG00000122359|ANXA11,37100,34066,22797,28994
ENSG00000151150|ANK3,6733,9930,6851,8189
ENSG00000148602|LRIT1,0,0,6,0
ENSG00000122378|PRXL2A,11480,12141,8958,10941
ENSG00000204033|LRIT2,0,3,0,0
ENSG00000148584|A1CF,0,8,0,0
ENSG00000107789|MINPP1,4136,4475,3407,4211
ENSG00000108064|TFAM,11695,13785,10797,13293
ENSG00000169740|ZNF32,688,724,432,550
ENSG00000107731|UNC5B,243,207,97,135
ENSG00000026103|FAS,1210,1397,1226,1490
ENSG00000165678|GHITM,13484,14084,10429,13347
ENSG00000165637|VDAC2,24525,23838,16391,20717
ENSG00000119938|PPP1R3C,564,622,452,611
ENSG00000138308|PLA2G12B,0,0,0,0
ENSG00000182771|GRID1,663,590,311,430
ENSG00000138326|RPS24,79097,75421,53717,66483
ENSG00000108091|CCDC6,8831,10898,6685,8751
ENSG00000188373|C10orf99,25,6,15,15
ENSG00000151208|DLG5,7696,9325,6270,7466
ENSG00000138119|MYOF,12875,15773,9252,12118
ENSG00000165733|BMS1,16504,19231,13716,17129
ENSG00000152804|HHEX,333,260,322,343
ENSG00000152766|ANKRD22,671,744,410,632
ENSG00000107771|CCSER2,3375,5105,3813,4597
ENSG00000165476|REEP3,3530,4027,3176,3925
ENSG00000184719|RNLS,630,698,342,437
ENSG00000269891|ARHGAP19-SLIT1,0,5,0,15
ENSG00000183621|ZNF438,64,48,37,29
ENSG00000095587|TLL2,2139,2310,1466,1439
ENSG00000107796|ACTA2,391,421,173,238
ENSG00000148572|NRBF2,2406,2517,1951,2300
ENSG00000170788|DYDC1,23,12,13,28
ENSG00000107719|PALD1,417,306,328,417
ENSG00000165841|CYP2C19,0,0,0,0
ENSG00000108219|TSPAN14,13716,14067,8997,10489
ENSG00000107854|TNKS2,7289,9741,7145,9271
ENSG00000107443|CCNJ,2211,2636,2086,2807
ENSG00000138134|STAMBPL1,553,532,450,606
ENSG00000095713|CRTAC1,0,0,0,15
ENSG00000181192|DHTKD1,3681,4833,3777,4458
ENSG00000155252|PI4K2A,4048,4033,2976,3520
ENSG00000187553|CYP26C1,0,0,6,0
ENSG00000107551|RASSF4,123,143,71,137
ENSG00000155629|PIK3AP1,2146,2817,2469,2979
ENSG00000120054|CPN1,0,0,0,3
ENSG00000165887|ANKRD2,336,364,217,227
ENSG00000077420|APBB1IP,5,0,0,0
ENSG00000174721|FGFBP3,104,111,54,121
ENSG00000156650|KAT6B,9021,12008,7751,9696
ENSG00000283930|PLD5P1,39,15,10,37
ENSG00000256892|MTRNR2L7,0,0,0,0
ENSG00000175395|ZNF25,466,600,377,465
ENSG00000166275|BORCS7,3394,3097,2480,3222
ENSG00000133665|DYDC2,78,97,118,86
ENSG00000198060|MARCHF5,4092,4220,2893,3683
ENSG00000177853|ZNF518A,2198,3706,2673,3359
ENSG00000151151|IPMK,1356,1924,1690,2101
ENSG00000213341|CHUK,5852,6346,4984,6448
ENSG00000180644|PRF1,0,0,0,0
ENSG00000108242|CYP2C18,0,4,3,0
ENSG00000151224|MAT1A,147,119,63,130
ENSG00000120057|SFRP5,0,0,0,0
ENSG00000107864|CPEB3,506,646,599,708
ENSG00000138190|EXOC6,1379,1827,1234,1616
ENSG00000122870|BICC1,2753,3420,2603,3270
ENSG00000122863|CHST3,1695,1718,1453,1604
ENSG00000155254|MARVELD1,444,463,388,459
ENSG00000148795|CYP17A1,59,38,41,83
ENSG00000065613|SLK,6588,10409,7885,10834
ENSG00000099194|SCD,49864,65672,49260,64061
ENSG00000138316|ADAMTS14,147,94,143,160
ENSG00000241935|HOGA1,908,897,712,874
ENSG00000203942|C10orf62,7,7,15,18
ENSG00000166167|BTRC,4584,5818,3999,4972
ENSG00000107447|DNTT,0,0,0,0
ENSG00000107438|PDLIM1,14966,14133,9903,11974
ENSG00000148468|FAM171A1,1471,1708,1266,1602
ENSG00000189180|ZNF33A,4149,5623,4019,4936
ENSG00000165507|DEPP1,42,30,40,21
ENSG00000171160|MORN4,841,792,605,671
ENSG00000148834|GSTO1,4405,3859,2851,3648
ENSG00000165879|FRAT1,1096,1074,807,1053
ENSG00000196072|BLOC1S2,3771,3787,2943,3971
ENSG00000165886|UBTD1,2743,2388,1397,1549
ENSG00000165813|CCDC186,2863,4513,3818,4461
ENSG00000120053|GOT1,7331,7277,4629,6290
ENSG00000165644|COMTD1,1230,1088,797,912
ENSG00000119986|AVPI1,565,441,400,514
ENSG00000119929|CUTC,1168,1304,886,1033
ENSG00000122882|ECD,5487,6152,4521,5543
ENSG00000107742|SPOCK2,14735,14493,8631,10397
ENSG00000183128|CALHM3,6,6,11,10
ENSG00000052749|RRP12,14504,13552,9812,12050
ENSG00000177613|CSTF2T,4514,4886,3478,4373
ENSG00000180628|PCGF5,1670,2079,1682,2114
ENSG00000213390|ARHGAP19,4633,5767,4112,5025
ENSG00000166171|DPCD,3452,2913,1901,2613
ENSG00000166169|POLL,3826,3474,2511,2897
ENSG00000165669|FAM204A,4131,4042,3114,3584
ENSG00000107829|FBXW4,3616,3153,2227,2910
ENSG00000019995|ZRANB1,2860,4066,3317,3928
ENSG00000155265|GOLGA7B,112,87,70,82
ENSG00000270316|BORCS7-ASMT,0,0,0,0
ENSG00000198018|ENTPD7,4666,6278,4687,5626
ENSG00000148843|PDCD11,29166,30518,23794,28696
ENSG00000258539,119,95,50,56
ENSG00000095627|TDRD1,8,10,0,0
ENSG00000249967,0,0,0,0
ENSG00000203837|PNLIPRP3,0,0,0,0
ENSG00000107807|TLX1,84,62,64,95
ENSG00000165383|LRRC18,0,0,0,0
ENSG00000148600|CDHR1,365,414,400,507
ENSG00000107581|EIF3A,52188,72319,52692,63345
ENSG00000185875|THNSL1,1084,1230,891,1043
ENSG00000072422|RHOBTB1,1144,1569,1153,1552
ENSG00000108187|PBLD,1709,1909,1415,1591
ENSG00000065618|COL17A1,247,271,237,255
ENSG00000120563|LYZL1,0,0,0,0
ENSG00000120029|ARMH3,3815,4176,2900,3503
ENSG00000204172|AGAP9,1538,1475,1021,1133
ENSG00000171314|PGAM1,39989,39153,27320,34107
ENSG00000095596|CYP26A1,22,26,31,12
ENSG00000148541|FAM13C,344,422,297,418
ENSG00000156671|SAMD8,6870,8727,6724,8515
ENSG00000148841|ITPRIP,1372,1330,980,1129
ENSG00000150593|PDCD4,16559,18933,14679,18407
ENSG00000120051|CFAP58,0,0,0,0
ENSG00000138346|DNA2,3600,4812,4328,5238
ENSG00000148604|RGR,0,0,0,0
ENSG00000107954|NEURL1,99,144,112,156
ENSG00000107960|STN1,3551,3848,2776,3196
ENSG00000107593|PKD2L1,0,0,0,0
ENSG00000171811|CFAP46,40,15,15,31
ENSG00000156042|CFAP70,89,72,59,66
ENSG00000182180|MRPS16,10754,10181,7596,9457
ENSG00000214435|AS3MT,1549,1628,1579,2102
ENSG00000196932|TMEM26,59,93,61,37
ENSG00000108100|CCNY,5206,5853,3927,5079
ENSG00000119979|DENND10,4686,5111,3663,4507
ENSG00000151893|CACUL1,12523,15985,11220,14338
ENSG00000181274|FRAT2,6902,6245,4013,4916
ENSG00000107560|RAB11FIP2,9311,14836,10467,12184
ENSG00000107957|SH3PXD2A,1487,2187,1815,1959
ENSG00000188620|HMX3,0,0,0,0
ENSG00000151553|FAM160B1,2105,2786,1720,1950
ENSG00000189319|FAM53B,2833,3131,2213,2482
ENSG00000150594|ADRA2A,2501,2834,1807,2303
ENSG00000148737|TCF7L2,3227,3654,2424,3073
ENSG00000213185|FAM24B,270,277,226,274
ENSG00000119973|PRLHR,0,0,0,0
ENSG00000130649|CYP2E1,18,28,16,6
ENSG00000138152|BTBD16,44,32,29,30
ENSG00000065154|OAT,8566,9068,6911,8693
ENSG00000276490,0,0,0,0
ENSG00000170430|MGMT,2890,2698,1699,2129
ENSG00000156398|SFXN2,5534,5769,3792,4810
ENSG00000148735|PLEKHS1,1390,1374,677,875
ENSG00000148824|MTG1,5591,4916,3830,4730
ENSG00000225899|FRG2B,0,2,6,2
ENSG00000095574|IKZF5,2045,2248,1822,2268
ENSG00000166272|WBP1L,18214,19099,13339,17434
ENSG00000107949|BCCIP,11998,12626,8992,11398
ENSG00000068383|INPP5A,2570,2643,1972,2528
ENSG00000182022|CHST15,18392,20932,12226,15434
ENSG00000138162|TACC2,4605,5336,4243,5430
ENSG00000148702|HABP2,0,0,0,0
ENSG00000186795|KCNK18,0,0,0,0
ENSG00000229544|NKX1-2,25,48,39,55
ENSG00000107902|LHPP,1475,1257,836,1070
ENSG00000089876|DHX32,3658,4291,3241,3638
ENSG00000166033|HTRA1,25,25,31,22
ENSG00000203772|SPRN,107,94,74,107
ENSG00000148773|MKI67,33464,53079,24742,29166
ENSG00000165650|PDZD8,4751,5696,4643,5532
ENSG00000203795|FAM24A,0,0,0,0
ENSG00000175018|TEX36,0,0,19,9
ENSG00000138172|CALHM2,1555,1409,1107,1421
ENSG00000203791|EEF1AKMT2,2704,2920,2025,2633
ENSG00000077147|TM9SF3,31332,36711,27555,35338
ENSG00000171307|ZDHHC16,5333,5532,3929,4983
ENSG00000183605|SFXN4,3266,3435,2423,2917
ENSG00000154485|MMP21,34,37,11,20
ENSG00000175470|PPP2R2D,5384,5287,3852,4963
ENSG00000138161|CUZD1,46,78,46,84
ENSG00000188916|INSYN2A,12,17,21,27
ENSG00000180745|CLRN3,0,0,0,0
ENSG00000120008|WDR11,16195,19214,14653,19022
ENSG00000165672|PRDX3,14644,14406,10330,13983
ENSG00000171311|EXOSC1,2536,2431,1925,2364
ENSG00000169129|AFAP1L2,2337,2471,1516,2109
ENSG00000138279|ANXA7,7445,7945,5550,7345
ENSG00000285932,6,14,13,0
ENSG00000188613|NANOS1,1903,1847,1259,1865
ENSG00000203780|FANK1,91,91,54,44
ENSG00000196177|ACADSB,1778,2423,1292,1813
ENSG00000203867|RBM20,587,698,442,525
ENSG00000108039|XPNPEP1,10834,11065,8299,9891
ENSG00000186766|FOXI2,0,0,0,0
ENSG00000165646|SLC18A2,11,9,7,17
ENSG00000148826|NKX6-2,0,3,0,0
ENSG00000165660|ABRAXAS2,4187,4206,3286,3983
ENSG00000187164|SHTN1,6619,8553,7197,8596
ENSG00000187021|PNLIPRP1,0,0,0,0
ENSG00000154478|GPR26,0,3,0,0
ENSG00000107518|ATRNL1,257,260,233,258
ENSG00000165752|STK32C,636,523,468,527
ENSG00000188690|UROS,6579,6157,4392,5455
ENSG00000183559|C10orf120,0,0,0,0
ENSG00000154473|BUB3,16061,17678,13649,16865
ENSG00000176171|BNIP3,4936,5083,3911,5033
ENSG00000175029|CTBP2,24781,27028,16417,19982
ENSG00000119965|C10orf88,2180,2220,1838,2536
ENSG00000254636|ARMS2,0,0,0,0
ENSG00000107938|EDRF1,5554,6386,5035,6303
ENSG00000254536,267,221,243,272
ENSG00000176769|TCERG1L,0,0,0,0
ENSG00000198873|GRK5,207,177,178,176
ENSG00000119946|CNNM1,33,33,21,22
ENSG00000286088,42,0,13,21
ENSG00000043591|ADRB1,18,25,53,73
ENSG00000151640|DPYSL4,16,22,10,18
ENSG00000075290|WNT8B,19,12,23,35
ENSG00000214279|SCART1,69,76,34,30
ENSG00000265763|ZNF488,43,71,72,68
ENSG00000182645|CCDC172,0,0,0,0
ENSG00000148908|RGS10,1384,1349,963,1214
ENSG00000188385|JAKMIP3,12,8,6,8
ENSG00000175535|PNLIP,0,0,0,0
ENSG00000185737|NRG3,94,78,67,70
ENSG00000148704|VAX1,0,0,0,0
ENSG00000165863|C10orf82,0,5,0,0
ENSG00000198825|INPP5F,1041,1367,1228,1303
ENSG00000095485|CWF19L1,5850,5177,4146,4803
ENSG00000177291|GJD4,11,3,0,0
ENSG00000165832|TRUB1,3741,4894,3798,4584
ENSG00000148700|ADD3,18572,24309,16171,20264
ENSG00000121898|CPXM2,0,0,9,6
ENSG00000151025|GPR158,2146,2811,2215,2453
ENSG00000107554|DNMBP,5124,5956,3671,4403
ENSG00000155229|MMS19,9146,8976,6443,7914
ENSG00000138175|ARL3,6418,6512,4211,4826
ENSG00000172987|HPSE2,0,0,0,0
ENSG00000188316|ENO4,53,47,28,37
ENSG00000138315|OIT3,0,0,6,0
ENSG00000119919|NKX2-3,12,6,0,11
ENSG00000213551|DNAJC9,4119,4311,4123,4975
ENSG00000196865|NHLRC2,4035,5832,4459,5758
ENSG00000170370|EMX2,24604,24439,16258,19534
ENSG00000182010|RTKN2,2656,3126,2644,3278
ENSG00000197430|OPALIN,0,0,0,0
ENSG00000155287|SLC25A28,1528,1402,1196,1459
ENSG00000099204|ABLIM1,77473,102311,65750,79495
ENSG00000095564|BTAF1,4618,6296,5224,6373
ENSG00000165816|VWA2,222,227,176,251
ENSG00000107679|PLEKHA1,3936,5105,4137,5325
ENSG00000270099,0,0,0,0
ENSG00000198924|DCLRE1A,3197,4074,3432,4540
ENSG00000107566|ERLIN1,6428,7196,5287,6562
ENSG00000065621|GSTO2,326,343,215,292
ENSG00000148498|PARD3,5731,6898,4175,4959
ENSG00000148814|LRRC27,694,790,454,659
ENSG00000171813|PWWP2B,2140,2239,1631,2111
ENSG00000077150|NFKB2,8892,7655,7757,9322
ENSG00000059915|PSD,217,234,144,196
ENSG00000107874|CUEDC2,8921,7845,5687,6754
ENSG00000120055|C10orf95,194,130,138,206
ENSG00000138111|MFSD13A,599,626,511,633
ENSG00000138107|ACTR1A,26462,26476,18379,22958
ENSG00000107562|CXCL12,0,0,0,0
ENSG00000122861|PLAU,2274,2330,1277,1780
ENSG00000148680|HTR7,0,0,3,0
ENSG00000148677|ANKRD1,1519,1887,1116,1516
ENSG00000099290|WASHC2A,4368,4615,4029,4811
ENSG00000138311|ZNF365,294,396,309,529
ENSG00000285837,1,0,0,0
ENSG00000181915|ADO,4693,4694,3394,4300
ENSG00000203805|PLPP4,214,208,123,155
ENSG00000180592|SKIDA1,1722,1805,1433,1771
ENSG00000185933|CALHM1,12,15,24,21
ENSG00000214285|NPS,0,0,0,0
ENSG00000152463|OLAH,0,0,4,0
ENSG00000172538|FAM170B,0,0,0,0
ENSG00000214413|BBIP1,2080,2228,1631,1923
ENSG00000165806|CASP7,5731,6789,4410,5505
ENSG00000151929|BAG3,4881,4592,3167,3633
ENSG00000107779|BMPR1A,5678,7123,5143,6188
ENSG00000108055|SMC3,13196,18020,13675,17013
ENSG00000185532|PRKG1,1636,2201,1271,1483
ENSG00000108061|SHOC2,6430,8448,6013,7704
ENSG00000095585|BLNK,226,265,246,277
ENSG00000035403|VCL,30282,35393,23759,29437
ENSG00000107882|SUFU,5892,5905,3952,5004
ENSG00000014919|COX15,9034,10100,7382,8821
ENSG00000197893|NRAP,84,94,52,85
ENSG00000120539|MASTL,6038,7858,8025,9803
ENSG00000122375|OPN4,0,8,0,0
ENSG00000107890|ANKRD26,2207,2511,2260,2446
ENSG00000187122|SLIT1,108,92,75,97
ENSG00000173848|NET1,2221,2828,2278,2807
ENSG00000178372|CALML5,0,0,0,0
ENSG00000178363|CALML3,0,0,0,0
ENSG00000196372|ASB13,1162,1053,789,984
ENSG00000108021|TASOR2,6191,9503,7064,8832
ENSG00000057608|GDI2,13303,14121,10381,12207
ENSG00000138180|CEP55,5685,6690,4268,4853
ENSG00000186188|FFAR4,0,8,3,0
ENSG00000138207|RBP4,7,0,0,10
ENSG00000095464|PDE6C,12,14,15,0
ENSG00000148690|FRA10AC1,2127,2191,1570,1813
ENSG00000108231|LGI1,0,0,12,0
ENSG00000185267|CDNF,159,174,98,113
ENSG00000187522|HSPA14,2799,2948,2306,2668
ENSG00000148842|CNNM2,6123,6021,4680,4235
ENSG00000235376|RPEL1,58,67,65,58
ENSG00000148798|INA,3148,3333,2912,3509
ENSG00000156374|PCGF6,1365,1463,1327,1678
ENSG00000148835|TAF5,2454,2979,2314,2773
ENSG00000173915|ATP5MK,17971,15642,10972,14098
ENSG00000076685|NT5C2,7343,9530,6927,9447
ENSG00000176273|SLC35G1,1055,1202,1008,1271
ENSG00000173145|NOC3L,4992,6624,5021,6677
ENSG00000108239|TBC1D12,1002,1247,887,1171
ENSG00000119969|HELLS,4795,5265,5156,6263
ENSG00000138193|PLCE1,4528,6046,4546,5104
ENSG00000261456|TUBB8,46,67,19,21
ENSG00000015171|ZMYND11,4306,5644,3911,4828
ENSG00000156113|KCNMA1,60,83,61,45
ENSG00000165471|MBL2,0,0,0,0
ENSG00000023839|ABCC2,54,76,55,43
ENSG00000264717|NPY4R2,0,0,0,2
ENSG00000276430|FAM25C,0,0,0,0
ENSG00000204022|LIPJ,13,13,0,3
ENSG00000182333|LIPF,0,0,0,0
ENSG00000173239|LIPM,0,0,0,0
ENSG00000204020|LIPN,0,0,0,0
ENSG00000107968|MAP3K8,1373,1498,1177,1370
ENSG00000119953|SMNDC1,5179,6104,4455,5650
ENSG00000138166|DUSP5,3635,4930,2054,3534
ENSG00000107951|MTPAP,5191,5373,3986,4899
ENSG00000165732|DDX21,57701,69284,56112,68758
ENSG00000122862|SRGN,12,6,0,4
ENSG00000265190|ANXA8,0,0,0,0
ENSG00000172661|WASHC2C,4993,5901,4380,5185
ENSG00000204130|RUFY2,2085,2437,1642,2044
ENSG00000138347|MYPN,0,7,14,5
ENSG00000128805|ARHGAP22,37,54,52,73
ENSG00000171772|SYCE1,7,4,13,0
ENSG00000196233|LCOR,10280,16157,12699,15541
ENSG00000136758|YME1L1,38137,44121,33658,42252
ENSG00000151532|VTI1A,2742,3260,2412,2792
ENSG00000183049|CAMK1D,5709,6344,3433,4339
ENSG00000198954|KIFBP,6343,6949,5418,6679
ENSG00000204147|ASAH2B,1137,1242,1092,1267
ENSG00000134452|FBH1,3237,3538,2195,2984
ENSG00000148688|RPP30,2987,2901,2187,2699
ENSG00000078114|NEBL,241,278,162,240
ENSG00000150760|DOCK1,4573,6379,4861,5329
ENSG00000188649|CC2D2B,54,37,43,59
ENSG00000197748|CFAP43,110,156,106,94
ENSG00000171206|TRIM8,10879,10022,6717,8710
ENSG00000187908|DMBT1,0,0,0,0
ENSG00000108094|CUL2,3799,4363,3269,3835
ENSG00000165868|HSPA12A,931,1227,720,1097
ENSG00000177791|MYOZ1,35,17,29,23
ENSG00000166317|SYNPO2L,48,48,37,30
ENSG00000176986|SEC24C,17179,17048,12083,15068
ENSG00000196968|FUT11,1842,2041,1328,1670
ENSG00000172586|CHCHD1,3020,2780,2023,2491
ENSG00000214655|ZSWIM8,5178,4807,3382,4235
ENSG00000272916,861,417,793,556
ENSG00000166507|NDST2,1470,1851,676,1214
ENSG00000177354|C10orf71,0,0,0,0
ENSG00000265354|TIMM23,11784,11910,8777,10290
ENSG00000263639|MSMB,0,0,0,0
ENSG00000122958|VPS26A,9832,11160,8549,10088
ENSG00000156502|SUPV3L1,5045,5530,3911,4735
ENSG00000156510|HKDC1,4933,5008,2677,3167
ENSG00000075073|TACR2,0,11,7,4
ENSG00000099282|TSPAN15,1957,1784,1237,1639
ENSG00000122859|NEUROG3,0,0,0,0
ENSG00000171224|FAM241B,834,781,614,847
ENSG00000107897|ACBD5,5275,6756,5338,6591
ENSG00000138160|KIF11,9084,12293,8174,9316
ENSG00000042286|AIFM2,1274,1267,1103,1303
ENSG00000079332|SAR1A,13267,14442,11646,14006
ENSG00000180817|PPA1,26171,26729,18070,21369
ENSG00000156521|TYSND1,1035,882,610,895
ENSG00000107669|ATE1,2066,2796,1930,2381
ENSG00000107672|NSMCE4A,2592,2725,2071,2342
ENSG00000166189|HPS6,3043,2625,1973,2248
ENSG00000198728|LDB1,23209,21281,13360,16307
ENSG00000148840|PPRC1,12624,13670,10005,12499
ENSG00000166197|NOLC1,29777,35294,27866,33656
ENSG00000119915|ELOVL3,183,159,120,188
ENSG00000107859|PITX3,7,16,0,12
ENSG00000067057|PFKP,1782,1537,1135,1670
ENSG00000249860|MTRNR2L5,0,0,0,0
ENSG00000107959|PITRM1,2985,3022,2238,2726
ENSG00000119912|IDE,4146,5327,4256,5296
ENSG00000133661|SFTPD,246,239,142,171
ENSG00000133678|TMEM254,3299,3113,2262,2652
ENSG00000189129|PLAC9,51,36,28,22
ENSG00000099284|MACROH2A2,6350,5772,4400,5471
ENSG00000148734|NPFFR1,95,153,62,98
ENSG00000107862|GBF1,20277,22963,15865,19640
ENSG00000150093|ITGB1,39576,53351,39442,48396
ENSG00000136754|ABI1,5674,6216,4181,5219
ENSG00000196793|ZNF239,350,436,238,315
ENSG00000078403|MLLT10,1697,2154,1479,1734
ENSG00000120616|EPC1,2710,3103,2335,2589
ENSG00000138182|KIF20B,6625,9707,6853,8318
ENSG00000204152|TIMM23B,791,1055,658,856
ENSG00000166024|R3HCC1L,2636,3325,2498,3024
ENSG00000179988|PSTK,786,807,488,620
ENSG00000183346|CABCOCO1,192,149,70,107
ENSG00000284024,2021,2608,2304,2525
ENSG00000214562|NUTM2D,553,627,399,456
ENSG00000132334|PTPRE,0,6,0,0
ENSG00000185009|AP3M1,8812,10520,7776,9537
ENSG00000148634|HERC4,6739,8134,6042,7500
ENSG00000065328|MCM10,2120,2516,2722,3176
ENSG00000119950|MXI1,4162,4314,3418,4536
ENSG00000165338|HECTD2,2762,3563,2468,2944
ENSG00000156110|ADK,5726,5567,3800,4690
ENSG00000156515|HK1,11259,11878,7907,9449
ENSG00000122367|LDB3,176,124,99,95
ENSG00000165995|CACNB2,427,346,302,311
ENSG00000204010|IFIT1B,5,4,0,0
ENSG00000185745|IFIT1,619,501,398,696
ENSG00000152779|SLC16A12,109,142,114,139
ENSG00000166295|ANAPC16,7370,6839,4913,6286
ENSG00000168209|DDIT4,2042,1758,1314,1674
ENSG00000107863|ARHGAP21,2039,2936,2258,2858
ENSG00000165996|HACD1,185,199,184,200
ENSG00000136738|STAM,2378,2804,2188,2521
ENSG00000148483|TMEM236,3,14,8,0
ENSG00000107937|GTPBP4,6888,8052,5931,7369
ENSG00000148377|IDI2,0,0,1,0
ENSG00000047056|WDR37,1444,1601,1092,1457
ENSG00000264230|ANXA8L1,0,0,0,0
ENSG00000204174|NPY4R,0,0,0,3
ENSG00000165730|STOX1,1068,1162,981,1180
ENSG00000107625|DDX50,10223,11560,8360,10234
ENSG00000198246|SLC29A3,522,424,367,400
ENSG00000214688|C10orf105,0,0,5,2
ENSG00000107738|VSIR,912,772,786,799
ENSG00000107736|CDH23,604,757,459,468
ENSG00000197746|PSAP,85794,86717,61381,76616
ENSG00000108175|ZMIZ1,11361,13553,7118,8213
ENSG00000108179|PPIF,8389,7386,6192,7582
ENSG00000165424|ZCCHC24,794,844,612,751
ENSG00000185303|SFTPA2,0,12,0,10
ENSG00000122852|SFTPA1,0,0,0,3
ENSG00000188199|NUTM2B,341,341,276,324
ENSG00000062650|WAPL,10152,14486,10671,13317
ENSG00000138109|CYP2C9,0,0,0,0
ENSG00000138115|CYP2C8,12,32,11,15
ENSG00000173124|ACSM6,0,0,4,0
ENSG00000059573|ALDH18A1,9399,9550,6294,7897
ENSG00000138185|ENTPD1,2251,2604,2256,2672
ENSG00000138131|LOXL4,140,129,79,95
ENSG00000119943|PYROXD2,1266,1182,754,1004
ENSG00000107521|HPS1,2359,1916,1327,1710
ENSG00000156395|SORCS3,12,0,14,0
ENSG00000197771|MCMBP,6380,7241,6213,7884
ENSG00000107651|SEC23IP,8387,10365,8521,9620
ENSG00000152778|IFIT5,1146,1424,1192,1378
ENSG00000138135|CH25H,69,100,70,80
ENSG00000107798|LIPA,3255,3564,2691,3282
ENSG00000119977|TCTN3,4808,4675,3398,4292
ENSG00000119917|IFIT3,821,818,703,978
ENSG00000148660|CAMK2G,7066,6566,5169,6431
ENSG00000197444|OGDHL,4203,4057,2790,3156
ENSG00000178440|TIMM23B-AGAP6,769,847,559,805
ENSG00000204149|AGAP6,1668,1419,1171,1157
ENSG00000198964|SGMS1,1236,1642,1133,1472
ENSG00000188234|AGAP4,1590,1365,848,1014
ENSG00000198682|PAPSS2,630,830,744,754
ENSG00000138138|ATAD1,6616,7827,6171,7455
ENSG00000227268|KLLN,177,217,127,176
ENSG00000171862|PTEN,7437,8833,5908,7156
ENSG00000150347|ARID5B,11389,15197,9581,12004
ENSG00000166343|MSS51,100,125,77,67
ENSG00000107758|PPP3CB,3816,4446,2654,3377
ENSG00000166348|USP54,6360,7090,5304,6290
ENSG00000075826|SEC31B,155,166,122,166
ENSG00000255339,71,24,134,119
ENSG00000166136|NDUFB8,13376,12587,8424,10478
ENSG00000166135|HIF1AN,14532,16329,12821,15687
ENSG00000075891|PAX2,3,0,0,0
ENSG00000119906|SLF2,10750,15528,14683,18224
ENSG00000055950|MRPL43,17523,15268,10556,13367
ENSG00000095539|SEMA4G,4011,4235,2744,3544
ENSG00000107815|TWNK,19876,20659,15335,18350
ENSG00000107816|LZTS2,27126,24632,16615,19750
ENSG00000186862|PDZD7,186,204,168,174
ENSG00000107819|SFXN3,3564,3341,2549,2883
ENSG00000107821|KAZALD1,2872,2841,1832,2506
ENSG00000119922|IFIT2,408,557,411,573
ENSG00000095787|WAC,19625,23833,17132,21176
ENSG00000095739|BAMBI,505,458,432,452
ENSG00000171794|UTF1,0,0,0,0
ENSG00000151650|VENTX,0,0,0,0
ENSG00000151651|ADAM8,313,217,123,149
ENSG00000198546|ZNF511,3426,3179,2279,2685
ENSG00000283496|ZNF511-PRAP1,0,0,0,0
ENSG00000130643|CALY,34,15,15,16
ENSG00000165828|PRAP1,89,115,96,86
ENSG00000148803|FUOM,485,553,379,421
ENSG00000127884|ECHS1,21597,21521,14343,18603
ENSG00000148832|PAOX,73,58,42,73
ENSG00000225830|ERCC6,3961,5468,3848,4950
ENSG00000070748|CHAT,9,0,0,2
ENSG00000187714|SLC18A3,6,6,0,0
ENSG00000178645|C10orf53,9,3,6,6
ENSG00000198105|ZNF248,2025,2264,1765,2062
ENSG00000266412|NCOA4,27505,30611,21177,25685
ENSG00000165606|DRGX,0,3,0,0
ENSG00000165983|PTER,1874,2220,1825,2083
ENSG00000096746|HNRNPH3,27383,28935,21200,25772
ENSG00000165312|OTUD1,487,568,472,598
ENSG00000253626|EIF5AL1,3818,3536,2317,3204
ENSG00000188816|HMX2,22,32,33,18
ENSG00000227345|PARG,3057,3929,2949,3638
ENSG00000177283|FZD8,624,570,445,497
ENSG00000151923|TIAL1,10876,11022,8332,10348
ENSG00000165449|SLC16A9,393,419,414,545
ENSG00000065809|FAM107B,1747,2160,1683,1999
ENSG00000067064|IDI1,3820,4654,4042,5169
ENSG00000156384|SFR1,733,861,588,822
ENSG00000107833|NPM3,4331,3853,2624,3525
ENSG00000198408|OGA,17056,21215,15253,19151
ENSG00000120049|KCNIP2,109,81,58,62
ENSG00000171798|KNDC1,11,21,0,0
ENSG00000107831|FGF8,6,6,13,5
ENSG00000151892|GFRA1,243,263,366,441
ENSG00000173269|MMRN2,152,168,152,154
ENSG00000173267|SNCG,973,946,573,688
ENSG00000148671|ADIRF,1,2,2,1
ENSG00000188100|FAM25A,0,0,0,0
ENSG00000122376|SHLD2,4831,6200,4353,5296
ENSG00000099246|RAB18,7913,9195,6889,8742
ENSG00000197177|ADGRA1,0,0,0,3
ENSG00000119927|GPAM,2849,3978,3026,3458
ENSG00000119913|TECTB,2,3,0,0
ENSG00000148516|ZEB1,0,4,5,3
ENSG00000130640|TUBGCP2,11818,10825,7649,9847
ENSG00000023041|ZDHHC6,3700,3987,3272,3781
ENSG00000172731|LRRC20,1529,1423,1100,1288
ENSG00000148730|EIF4EBP2,21083,26415,21467,27079
ENSG00000156574|NODAL,39,33,33,30
ENSG00000108001|EBF3,2131,2445,1790,2139
ENSG00000237489|C10orf143,60,29,27,19
ENSG00000108010|GLRX3,11299,11015,8107,9783
ENSG00000165630|PRPF18,1103,1270,907,1180
ENSG00000282246,37,0,0,0
ENSG00000165626|BEND7,474,553,330,516
ENSG00000197142|ACSL5,80,65,68,56
ENSG00000152782|PANK1,1333,1629,1059,1502
ENSG00000165731|RET,1063,1067,848,945
ENSG00000169826|CSGALNACT2,2454,3076,2324,3021
ENSG00000198915|RASGEF1A,2118,2322,1448,1629
ENSG00000197467|COL13A1,14,17,0,0
ENSG00000122877|EGR2,1664,1864,467,896
ENSG00000148672|GLUD1,14444,16465,11509,14111
ENSG00000066468|FGFR2,8835,9943,6651,8635
ENSG00000150275|PCDH15,216,186,123,178
ENSG00000183230|CTNNA3,70,117,82,81
ENSG00000198739|LRRTM3,10,0,14,18
ENSG00000108176|DNAJC12,683,653,561,597
ENSG00000096717|SIRT1,4567,5644,4727,5832
ENSG00000148719|DNAJB12,5306,5372,3708,4587
ENSG00000079393|DUSP13,235,196,168,157
ENSG00000108018|SORCS1,14036,17686,8806,11139
ENSG00000107872|FBXL15,1140,1040,758,814
ENSG00000178217|SH2D4B,19,31,20,7
ENSG00000274209|ANTXRL,0,0,0,0
ENSG00000277758,183,197,177,189
ENSG00000172650|AGAP5,590,397,333,445
ENSG00000138136|LBX1,0,8,0,0
ENSG00000189090|FAM25G,0,0,0,0
ENSG00000286135,0,0,0,0
ENSG00000154493|C10orf90,4,8,7,14
ENSG00000122884|P4HA1,4207,4565,3377,4251
ENSG00000148848|ADAM12,365,467,334,296
ENSG00000243660|ZNF487,197,145,108,133
ENSG00000148513|ANKRD30A,0,0,0,0
ENSG00000204021|LIPK,39,54,31,32
ENSG00000155256|ZFYVE27,4032,3618,2651,3053
ENSG00000150054|MPP7,2982,3633,2539,3120
ENSG00000095637|SORBS1,431,593,500,605
ENSG00000169813|HNRNPF,19732,20807,14783,18157
ENSG00000198879|SFMBT2,0,0,0,0
ENSG00000204179|PTPN20,19,40,34,17
ENSG00000188716|DUSP29,0,0,0,4
ENSG00000188611|ASAH2,363,533,434,447
ENSG00000166220|TBATA,6,0,0,0
ENSG00000228570|NUTM2E,436,461,316,365
ENSG00000073614|KDM5A,11142,15046,11254,14216
ENSG00000255639,13,31,14,0
ENSG00000120645|IQSEC3,0,8,0,0
ENSG00000047621|C12orf4,2970,3549,2722,3486
ENSG00000151079|KCNA6,2,0,0,0
ENSG00000004478|FKBP4,19002,18501,14162,17268
ENSG00000065970|FOXJ2,1296,1585,1048,1431
ENSG00000111732|AICDA,0,0,0,0
ENSG00000059804|SLC2A3,0,0,0,0
ENSG00000130037|KCNA5,5,13,9,8
ENSG00000120647|CCDC77,1851,2090,1762,1977
ENSG00000111254|AKAP3,241,302,181,242
ENSG00000082805|ERC1,10996,14880,9940,12100
ENSG00000196946|ZNF705A,0,4,0,7
ENSG00000171792|RHNO1,5914,6339,4447,5606
ENSG00000010379|SLC6A13,55,48,37,44
ENSG00000197614|MFAP5,37,36,52,39
ENSG00000184293|CLECL1,9,12,0,7
ENSG00000166523|CLEC4E,0,0,0,0
ENSG00000183542|KLRC4,0,0,0,0
ENSG00000111215|PRR4,28,26,9,17
ENSG00000089818|NECAP1,4462,5083,3942,4546
ENSG00000212126|TAS2R50,1,4,0,3
ENSG00000166532|RIMKLB,3828,4885,3839,4597
ENSG00000212127|TAS2R14,21,15,21,13
ENSG00000139083|ETV6,3431,3808,2122,2759
ENSG00000150048|CLEC1A,25,10,16,10
ENSG00000171860|C3AR1,0,0,0,0
ENSG00000251655|PRB1,0,0,0,0
ENSG00000150045|KLRF1,134,178,128,100
ENSG00000226761|TAS2R46,0,2,1,1
ENSG00000197992|CLEC9A,0,0,0,6
ENSG00000121318|TAS2R10,2,6,6,9
ENSG00000070018|LRP6,4451,6888,5643,6847
ENSG00000184344|GDF3,0,0,0,0
ENSG00000256537|SMIM10L1,1897,1780,1337,1771
ENSG00000284393,0,0,0,0
ENSG00000139112|GABARAPL1,4818,4821,3673,4453
ENSG00000180574|EIF2S3B,808,883,721,852
ENSG00000255819|KLRC4-KLRK1,0,4,0,0
ENSG00000134539|KLRD1,3,0,0,10
ENSG00000111196|MAGOHB,2168,2096,1724,2084
ENSG00000110848|CD69,36,38,50,57
ENSG00000111796|KLRB1,0,0,0,8
ENSG00000069493|CLEC2D,1417,1030,957,1091
ENSG00000173391|OLR1,0,11,5,14
ENSG00000166527|CLEC4D,0,0,0,0
ENSG00000060138|YBX3,34162,33357,23606,29339
ENSG00000212124|TAS2R19,5,5,5,5
ENSG00000151490|PTPRO,72,51,62,55
ENSG00000139055|ERP27,3200,2994,1872,2356
ENSG00000111701|APOBEC1,0,0,0,0
ENSG00000172243|CLEC7A,177,246,204,293
ENSG00000134551|PRH2,16,11,6,10
ENSG00000172322|CLEC12A,0,0,0,0
ENSG00000111261|MANSC1,8805,8970,6175,8042
ENSG00000084444|FAM234B,913,1099,919,1218
ENSG00000231887|PRH1,116,77,43,91
ENSG00000255641,0,0,0,0
ENSG00000179256|SMCO3,16,22,21,17
ENSG00000256436|TAS2R31,3,4,1,7
ENSG00000171847|FAM90A1,10,11,4,0
ENSG00000139053|PDE6H,0,0,0,0
ENSG00000070019|GUCY2C,0,0,0,0
ENSG00000121335|PRB2,0,2,2,6
ENSG00000166535|A2ML1,358,314,210,268
ENSG00000182993|C12orf60,394,355,339,306
ENSG00000060140|STYK1,640,710,735,710
ENSG00000053702|NRIP2,184,228,169,207
ENSG00000188393|CLEC2A,0,0,0,0
ENSG00000256188|TAS2R30,1,3,0,4
ENSG00000060982|BCAT1,18831,27855,22445,26996
ENSG00000197905|TEAD4,2974,2843,2562,2938
ENSG00000213809|KLRK1,7,0,8,0
ENSG00000084463|WBP11,22995,24410,19196,23682
ENSG00000211455|STK38L,4348,6158,4941,5976
ENSG00000188991|SLC15A5,0,0,0,0
ENSG00000064763|FAR2,672,922,824,969
ENSG00000111713|GYS2,0,2,0,0
ENSG00000110888|CAPRIN2,5004,5477,3467,3879
ENSG00000255374|TAS2R43,3,2,0,3
ENSG00000165714|BORCS5,703,945,615,750
ENSG00000230657|PRB4,0,0,0,0
ENSG00000008394|MGST1,22241,21952,15606,19384
ENSG00000121381|TAS2R9,0,1,2,1
ENSG00000205846|CLEC6A,0,0,0,0
ENSG00000285854,27,18,25,64
ENSG00000187569|DPPA3,0,0,0,0
ENSG00000111339|ART4,0,0,5,0
ENSG00000048540|LMO3,17152,18956,10714,13571
ENSG00000111218|PRMT8,0,0,0,0
ENSG00000257062,0,0,0,0
ENSG00000121377|TAS2R7,1,0,0,0
ENSG00000197870|PRB3,42,45,41,49
ENSG00000111341|MGP,27,41,23,40
ENSG00000186136|TAS2R42,2,5,1,5
ENSG00000111203|ITFG2,2107,1908,1436,1937
ENSG00000246705|H2AJ,3891,3232,1923,2292
ENSG00000010219|DYRK4,1085,1032,683,704
ENSG00000212128|TAS2R13,1,1,2,2
ENSG00000110975|SYT10,56,137,85,111
ENSG00000187950|OVCH1,0,36,33,23
ENSG00000029153|ARNTL2,4609,6004,5159,6533
ENSG00000121316|PLBD1,119,157,107,138
ENSG00000151491|EPS8,4066,5230,4148,4792
ENSG00000139174|PRICKLE1,12848,15144,9900,12806
ENSG00000111224|PARP11,26,37,30,21
ENSG00000130038|CRACR2A,0,0,0,0
ENSG00000134533|RERG,509,576,320,365
ENSG00000023697|DERA,6879,7138,5039,6283
ENSG00000165682|CLEC1B,0,0,0,0
ENSG00000121380|BCL2L14,7,2,8,9
ENSG00000283297|TEX52,26,26,19,32
ENSG00000130035|GALNT8,2,0,11,3
ENSG00000087502|ERGIC2,9222,11059,8192,10440
ENSG00000011105|TSPAN9,742,640,456,574
ENSG00000179715|PCED1B,522,505,339,401
ENSG00000272921,0,0,0,0
ENSG00000139044|B4GALNT3,3024,3093,2248,2619
ENSG00000139209|SLC38A4,3215,4149,3301,3885
ENSG00000139160|ETFBKMT,592,582,344,521
ENSG00000151743|AMN1,1476,1731,941,1317
ENSG00000197837|H4-16,750,1088,501,556
ENSG00000111186|WNT5B,48,47,44,48
ENSG00000135436|FAM186B,301,352,214,309
ENSG00000205857|NANOGNB,0,0,0,0
ENSG00000023734|STRAP,34813,35632,25691,32741
ENSG00000173157|ADAMTS20,20,30,40,46
ENSG00000177875|CCDC184,521,491,373,479
ENSG00000170456|DENND5B,1395,1818,1525,2046
ENSG00000111405|ENDOU,423,348,133,225
ENSG00000188375|H3-5,576,559,311,500
ENSG00000139146|SINHCAF,12506,14497,9847,12387
ENSG00000064102|INTS13,7652,9347,6716,8099
ENSG00000167778|SPRYD3,3207,3189,1904,2231
ENSG00000177981|ASB8,4817,4701,3311,4205
ENSG00000078246|TULP3,4952,5209,3888,5031
ENSG00000135447|PPP1R1A,0,0,9,0
ENSG00000139173|TMEM117,1813,1921,1262,1821
ENSG00000257987|TEX49,3,0,0,0
ENSG00000180806|HOXC9,139,70,77,102
ENSG00000151229|SLC2A13,585,839,710,728
ENSG00000179919|OR10A7,0,0,0,0
ENSG00000133687|TMTC1,13690,19298,14062,17368
ENSG00000180116|C12orf40,0,0,0,0
ENSG00000111704|NANOG,6,19,3,9
ENSG00000111371|SLC38A1,85201,120506,80427,101865
ENSG00000175548|ALG10B,3549,5178,4047,5155
ENSG00000256797|KLRF2,0,0,0,0
ENSG00000178449|COX14,2587,2205,1487,1992
ENSG00000129315|CCNT1,10656,14817,11204,14556
ENSG00000013573|DDX11,7201,6674,5892,7056
ENSG00000123094|RASSF8,5128,7393,5977,7435
ENSG00000134294|SLC38A2,45662,61046,49445,63715
ENSG00000275778,109,97,89,52
ENSG00000135413|LACRT,0,0,0,0
ENSG00000170484|KRT74,22,6,0,10
ENSG00000185652|NTF3,961,1000,736,838
ENSG00000133704|IPO8,9393,12274,9361,12232
ENSG00000167588|GPD1,128,105,69,78
ENSG00000167566|NCKAP5L,13515,12833,9915,12693
ENSG00000139180|NDUFA9,9241,8869,6252,7913
ENSG00000182199|SHMT2,24429,22647,17404,21153
ENSG00000185479|KRT6B,21,17,16,23
ENSG00000135423|GLS2,88,63,87,92
ENSG00000161634|DCD,0,0,0,0
ENSG00000005175|RPAP3,10820,13832,9909,12334
ENSG00000185069|KRT76,0,0,0,0
ENSG00000180818|HOXC10,229,283,157,229
ENSG00000189079|ARID2,8053,11080,8285,10014
ENSG00000123388|HOXC11,40,57,17,44
ENSG00000170423|KRT78,88,30,23,47
ENSG00000037965|HOXC8,198,220,202,264
ENSG00000139117|CPNE8,2093,2560,1962,2299
ENSG00000161798|AQP5,382,278,204,170
ENSG00000139610|CELA1,0,0,0,0
ENSG00000152556|PFKM,11223,10985,6851,8896
ENSG00000170545|SMAGP,1479,1414,1254,1515
ENSG00000135407|AVIL,293,311,245,246
ENSG00000198353|HOXC4,1052,1248,918,1203
ENSG00000185633|NDUFA4L2,543,466,437,460
ENSG00000170477|KRT4,1699,1738,1046,1346
ENSG00000174718|RESF1,13553,20912,12614,15512
ENSG00000127318|IL22,0,0,0,0
ENSG00000165966|PDZRN4,87,116,94,148
ENSG00000152944|MED21,4344,4774,3670,4625
ENSG00000177990|DPY19L2,145,193,163,209
ENSG00000161813|LARP4,14391,20869,15619,19922
ENSG00000139624|CERS5,5339,4773,3820,4445
ENSG00000173451|THAP2,655,749,562,776
ENSG00000111536|IL26,0,0,0,0
ENSG00000273049,54,0,22,23
ENSG00000118596|SLC16A7,2704,4675,4333,5353
ENSG00000285528,0,0,0,0
ENSG00000170442|KRT86,92,108,57,121
ENSG00000135443|KRT85,7,7,0,0
ENSG00000076067|RBMS2,25790,29003,18706,23551
ENSG00000066117|SMARCD1,22922,23761,16580,20046
ENSG00000175215|CTDSP2,37360,37166,24598,31347
ENSG00000205426|KRT81,31,23,30,32
ENSG00000050405|LIMA1,7592,9377,6545,8505
ENSG00000196935|SRGAP1,1631,2134,1542,1792
ENSG00000166896|ATP23,1023,1090,879,1025
ENSG00000058272|PPP1R12A,12236,15134,10926,13932
ENSG00000139626|ITGB7,37,43,14,33
ENSG00000139291|TMEM19,3871,4395,2975,3792
ENSG00000161638|ITGA5,3361,3243,3024,3666
ENSG00000111058|ACSS3,2926,3443,2474,3128
ENSG00000170465|KRT6C,35,60,29,26
ENSG00000185640|KRT79,5,8,0,0
ENSG00000161800|RACGAP1,18477,20498,12927,15735
ENSG00000167779|IGFBP6,203,139,169,170
ENSG00000172867|KRT2,19,8,11,21
ENSG00000111602|TIMELESS,14320,15371,14583,18058
ENSG00000177425|PAWR,10416,12850,10529,12560
ENSG00000111110|PPM1H,6554,7504,4668,5974
ENSG00000186081|KRT5,51,64,47,35
ENSG00000135472|FAIM2,0,6,0,8
ENSG00000139644|TMBIM6,119450,117082,82762,111190
ENSG00000110934|BIN2,0,7,0,11
ENSG00000127325|BEST3,0,0,0,0
ENSG00000180881|CAPS2,143,271,216,274
ENSG00000139629|GALNT6,3587,3679,2804,3520
ENSG00000133639|BTG1,10115,10810,7634,9747
ENSG00000111605|CPSF6,18782,21489,16316,19511
ENSG00000186442|KRT3,6,0,8,7
ENSG00000161849|KRT84,0,0,0,0
ENSG00000123268|ATF1,4783,5580,3982,4900
ENSG00000067715|SYT1,2628,3577,2088,2261
ENSG00000133640|LRRIQ1,900,893,595,675
ENSG00000153233|PTPRR,868,1067,644,843
ENSG00000170454|KRT75,11,9,3,3
ENSG00000151746|BICD1,4591,6301,4467,5583
ENSG00000172819|RARG,9042,8737,6388,7754
ENSG00000090382|LYZ,59,53,28,47
ENSG00000133636|NTS,21,9,34,35
ENSG00000067798|NAV3,162,226,147,187
ENSG00000175782|SLC35E3,5516,6178,4355,5397
ENSG00000166211|SPIC,0,0,0,0
ENSG00000185958|FAM186A,25,29,15,12
ENSG00000180318|ALX1,472,419,384,462
ENSG00000172551|MUCL1,0,0,3,0
ENSG00000197651|CCER1,0,0,7,0
ENSG00000258064,0,0,0,0
ENSG00000167768|KRT1,0,0,0,0
ENSG00000171310|CHST11,3059,3698,1967,2292
ENSG00000139343|SNRPF,8477,7278,5662,6950
ENSG00000066084|DIP2B,11893,17096,11352,13784
ENSG00000135655|USP15,4966,6109,4625,5640
ENSG00000186666|BCDIN3D,2461,2476,1790,2173
ENSG00000139287|TPH2,108,117,91,110
ENSG00000133773|CCDC59,4379,4451,3020,3694
ENSG00000111057|KRT18,240001,219744,115957,147205
ENSG00000050438|SLC4A8,902,1070,677,708
ENSG00000111530|CAND1,21857,29190,23596,28774
ENSG00000170486|KRT72,0,0,0,0
ENSG00000170523|KRT83,143,115,109,89
ENSG00000136010|ALDH1L2,1689,2187,1907,2289
ENSG00000079337|RAPGEF3,14386,13866,6871,7979
ENSG00000259075|POC1B-GALNT4,8,79,93,223
ENSG00000111581|NUP107,13307,15512,12486,15520
ENSG00000167780|SOAT2,40,29,30,24
ENSG00000139318|DUSP6,3156,3677,1624,2405
ENSG00000186049|KRT73,0,0,0,0
ENSG00000179912|R3HDM2,9536,10016,6990,8005
ENSG00000127720|METTL25,279,246,212,191
ENSG00000111145|ELK3,2150,2582,2193,2873
ENSG00000151572|ANO4,50,46,28,45
ENSG00000180263|FGD6,788,1073,864,1027
ENSG00000196091|MYBPC1,0,0,0,0
ENSG00000059758|CDK17,2619,3564,2532,3289
ENSG00000111647|UHRF1BP1L,2573,3900,2962,3641
ENSG00000174600|CMKLR1,20,23,8,6
ENSG00000120860|WASHC3,992,1020,692,783
ENSG00000253719|ATXN7L3B,21321,22943,16399,20468
ENSG00000111670|GNPTAB,5901,7837,5782,7742
ENSG00000084110|HAL,49,38,50,37
ENSG00000205420|KRT6A,959,825,492,578
ENSG00000111275|ALDH2,2700,2932,1949,2341
ENSG00000189182|KRT77,3,0,0,0
ENSG00000139354|GAS2L3,3159,4315,2018,2474
ENSG00000064115|TM7SF3,14778,15930,11816,15435
ENSG00000135519|KCNH3,688,611,422,569
ENSG00000161791|FMNL3,5527,5940,2204,5498
ENSG00000139436|GIT2,4924,5979,4197,5359
ENSG00000166226|CCT2,45671,47518,34194,41527
ENSG00000179104|TMTC2,4554,5749,3528,3997
ENSG00000136044|APPL2,7375,7745,5822,7758
ENSG00000197757|HOXC6,1559,1464,1138,1418
ENSG00000057704|TMCC3,10965,13839,8008,10446
ENSG00000258102|MAP1LC3B2,273,281,203,258
ENSG00000151233|GXYLT1,7574,11468,9771,11989
ENSG00000012822|CALCOCO1,4960,4629,3450,4215
ENSG00000118600|RXYLT1,3591,3461,2730,3139
ENSG00000167767|KRT80,13120,12454,10347,14087
ENSG00000080371|RAB21,7918,8974,6714,8328
ENSG00000139648|KRT71,3,2,3,6
ENSG00000165972|CCDC38,89,85,120,142
ENSG00000182379|NXPH4,2128,1860,1586,1878
ENSG00000111252|SH2B3,1445,1646,1342,1570
ENSG00000139323|POC1B,1548,1842,1404,1705
ENSG00000139651|ZNF740,13666,14531,11196,13625
ENSG00000012504|NR1H4,5,0,0,0
ENSG00000151135|TMEM263,6259,7366,5786,7036
ENSG00000091039|OSBPL8,4628,8410,6678,8492
ENSG00000177889|UBE2N,17486,17286,13477,16822
ENSG00000135426|TESPA1,0,0,0,3
ENSG00000158104|HPD,113,104,133,165
ENSG00000139133|ALG10,1141,1903,1494,1936
ENSG00000049130|KITLG,1261,1639,1661,1973
ENSG00000028203|VEZT,5871,6974,5195,6435
ENSG00000139218|SCAF11,14130,20152,15648,19080
ENSG00000139154|AEBP2,5534,6626,4800,6112
ENSG00000136040|PLXNC1,389,154,175,451
ENSG00000111046|MYF6,0,0,0,0
ENSG00000120832|MTERF2,1284,1363,1206,1435
ENSG00000111142|METAP2,23978,23551,18340,22474
ENSG00000170627|GTSF1,0,1,0,0
ENSG00000061987|MON2,5610,7426,5110,6794
ENSG00000013503|POLR3B,3278,4143,2745,3557
ENSG00000183283|DAZAP2,20688,22121,14317,17712
ENSG00000183395|PMCH,5,5,3,5
ENSG00000175183|CSRP2,4530,4313,3484,3765
ENSG00000123360|PDE1B,8,5,0,5
ENSG00000174989|FBXW8,4736,5266,3520,4304
ENSG00000120833|SOCS2,59,60,60,85
ENSG00000136026|CKAP4,12029,13083,9824,11574
ENSG00000257594|GALNT4,926,1210,932,1002
ENSG00000102189|EEA1,1892,3671,2838,3409
ENSG00000111785|RIC8B,4225,5139,3352,4182
ENSG00000008405|CRY1,1771,2068,1572,2193
ENSG00000165891|E2F7,1993,2845,2191,2718
ENSG00000188026|RILPL1,1040,973,760,858
ENSG00000139324|TMTC3,5133,8034,6508,8644
ENSG00000125207|PIWIL1,0,0,0,0
ENSG00000075035|WSCD2,8393,9148,4097,4904
ENSG00000111727|HCFC2,1003,1333,1029,1144
ENSG00000256870|SLC5A8,18,36,22,23
ENSG00000188596|CFAP54,150,174,129,153
ENSG00000171435|KSR2,383,595,416,457
ENSG00000139726|DENR,25353,28350,21027,25455
ENSG00000123364|HOXC13,386,495,265,422
ENSG00000135517|MIP,21,8,21,28
ENSG00000111344|RASAL1,1073,1067,709,811
ENSG00000075188|NUP37,4972,4974,3507,4329
ENSG00000089053|ANAPC5,16770,16384,12118,15237
ENSG00000122971|ACADS,762,628,394,629
ENSG00000111144|LTA4H,17452,18464,13922,17209
ENSG00000074527|NTN4,268,317,154,228
ENSG00000110801|PSMD9,5404,5017,3362,4143
ENSG00000211584|SLC48A1,17268,15750,8284,10365
ENSG00000157837|SPPL3,9484,9987,6631,8502
ENSG00000127314|RAP1B,15039,16774,12790,16116
ENSG00000136014|USP44,735,1032,834,1032
ENSG00000088992|TESC,12,19,15,35
ENSG00000122965|RBM19,5266,5299,3985,4314
ENSG00000111726|CMAS,11836,12722,9645,12373
ENSG00000198812|LRRC10,0,0,0,2
ENSG00000110917|MLEC,33760,39088,28549,34986
ENSG00000110931|CAMKK2,5373,5559,4270,5328
ENSG00000175727|MLXIP,9517,10006,7511,8885
ENSG00000139344|AMDHD1,298,275,306,417
ENSG00000171759|PAH,0,0,9,0
ENSG00000151131|C12orf45,2187,2586,1916,2369
ENSG00000111707|SUDS3,8280,9661,6835,8552
ENSG00000171823|FBXL14,2082,2440,1347,1705
ENSG00000198774|RASSF9,553,812,614,656
ENSG00000139405|RITA1,4890,4648,3197,3980
ENSG00000111049|MYF5,0,0,0,0
ENSG00000179941|BBS10,2456,2954,1921,2405
ENSG00000169372|CRADD,787,761,626,662
ENSG00000183273|CCDC60,0,0,0,0
ENSG00000173598|NUDT4,6328,7222,5357,6538
ENSG00000166046|TCP11L2,842,1183,599,797
ENSG00000185610|DBX2,3,9,8,9
ENSG00000136048|DRAM1,881,751,776,1023
ENSG00000139767|SRRM4,0,0,0,0
ENSG00000127324|TSPAN8,104,111,68,89
ENSG00000123384|LRP1,12985,15789,11422,13848
ENSG00000158023|CFAP251,517,517,385,431
ENSG00000196498|NCOR2,49966,51366,28863,34519
ENSG00000123407|HOXC12,3,0,9,13
ENSG00000123338|NCKAP1L,0,0,0,0
ENSG00000170633|RNF34,7868,8132,6522,8006
ENSG00000089157|RPLP0,221271,202526,142374,178794
ENSG00000256950,14,7,8,18
ENSG00000182870|GALNT9,2,0,0,0
ENSG00000187778|MCRS1,11388,10248,6948,8806
ENSG00000120800|UTP20,9043,13711,9730,12354
ENSG00000139292|LGR5,9593,11318,5903,7469
ENSG00000179195|ZNF664,36461,44848,32300,41206
ENSG00000198393|ZNF26,3601,4139,3234,4416
ENSG00000136021|SCYL2,9036,12839,9079,11971
ENSG00000170890|PLA2G1B,6,0,0,0
ENSG00000111452|ADGRD1,9,0,0,5
ENSG00000111537|IFNG,0,0,0,0
ENSG00000184209|SNRNP35,1654,1631,1148,1285
ENSG00000166578|IQCD,2917,3043,1548,1834
ENSG00000256223|ZNF10,952,1669,1036,1736
ENSG00000018236|CNTN1,813,1185,734,828
ENSG00000084112|SSH1,4374,5345,3908,4896
ENSG00000089022|MAPKAPK5,9241,10079,7812,9395
ENSG00000120805|ARL1,6112,6976,4858,5975
ENSG00000111445|RFC5,6008,6492,5459,6839
ENSG00000256825,0,0,0,0
ENSG00000123104|ITPR2,13392,21574,13238,17780
ENSG00000189046|ALKBH2,3126,2890,1805,2262
ENSG00000139437|TCHP,3218,3080,2201,2720
ENSG00000089094|KDM2B,6676,7151,5308,6741
ENSG00000135090|TAOK3,2592,2927,2074,2452
ENSG00000089220|PEBP1,6677,6415,4536,5738
ENSG00000135097|MSI1,2069,2341,1729,2253
ENSG00000173588|CEP83,1440,1736,1499,1607
ENSG00000139352|ASCL1,0,0,0,0
ENSG00000089154|GCN1,37256,40184,29189,35075
ENSG00000135093|USP30,2295,2381,1601,2073
ENSG00000111249|CUX2,6,5,4,18
ENSG00000089250|NOS1,29260,38280,24768,25918
ENSG00000183495|EP400,15259,19796,13533,15917
ENSG00000122970|IFT81,3141,3727,2565,3305
ENSG00000135678|CPM,22282,25258,13530,16587
ENSG00000111450|STX2,102,119,74,104
ENSG00000110887|DAO,0,0,0,0
ENSG00000173093|CCDC63,7,0,0,0
ENSG00000257046|SLCO1B3-SLCO1B7,0,0,0,0
ENSG00000188735|TMEM120B,11431,10338,7902,7800
ENSG00000151136|BTBD11,17,13,17,8
ENSG00000175970|UNC119B,13798,14594,9653,12382
ENSG00000076513|ANKRD13A,5080,5702,4527,5753
ENSG00000139370|SLC15A4,2496,2408,1675,2187
ENSG00000132341|RAN,45098,45391,31516,39256
ENSG00000111245|MYL2,0,0,0,0
ENSG00000060709|RIMBP2,0,0,3,0
ENSG00000196458|ZNF605,3008,4324,3363,3936
ENSG00000089169|RPH3A,0,6,0,0
ENSG00000174456|C12orf76,1143,876,668,932
ENSG00000089041|P2RX7,3,0,16,17
ENSG00000135127|BICDL1,461,511,375,488
ENSG00000276045|ORAI1,1648,1423,1156,1492
ENSG00000151952|TMEM132D,0,0,0,0
ENSG00000157782|CABP1,132,59,143,93
ENSG00000198270|TMEM116,1127,966,797,842
ENSG00000176422|SPRYD4,1861,1889,1352,1693
ENSG00000151948|GLT1D1,0,0,0,0
ENSG00000176915|ANKLE2,8235,9268,7409,8872
ENSG00000179520|SLC17A8,0,6,5,0
ENSG00000185482|STAC3,139,80,76,109
ENSG00000089234|BRAP,4788,5626,4134,5242
ENSG00000139725|RHOF,8699,8023,4323,6918
ENSG00000139714|MORN3,105,89,50,89
ENSG00000111666|CHPT1,6093,5933,4007,5273
ENSG00000111348|ARHGDIB,5550,5035,3224,4338
ENSG00000135111|TBX3,0,0,0,0
ENSG00000166111|SVOP,0,2,0,10
ENSG00000186452|TMPRSS12,0,0,0,0
ENSG00000184967|NOC4L,1086,864,626,769
ENSG00000111262|KCNA1,0,0,0,0
ENSG00000227059|ANHX,0,0,0,0
ENSG00000178882|RFLNA,460,508,225,240
ENSG00000176834|VSIG10,1935,2226,1890,2469
ENSG00000139351|SYCP3,52,65,66,36
ENSG00000086159|AQP6,16,17,4,11
ENSG00000258830,0,0,0,20
ENSG00000183955|KMT5A,8157,8910,6250,7645
ENSG00000257767,3,16,14,0
ENSG00000111696|NT5DC3,1719,2188,1730,2112
ENSG00000185163|DDX51,2054,1865,1202,1491
ENSG00000135480|KRT7,83598,78886,49732,59145
ENSG00000090615|GOLGA3,14595,17490,12391,15523
ENSG00000111737|RAB35,7922,7842,5924,7242
ENSG00000134532|SOX5,2268,3729,1882,2334
ENSG00000111790|FGFR1OP2,3882,4717,3630,4701
ENSG00000123095|BHLHE41,24837,29061,13542,19146
ENSG00000173208|ABCD2,0,6,7,13
ENSG00000127337|YEATS4,3894,4181,3137,4226
ENSG00000006831|ADIPOR2,7678,8541,6690,8467
ENSG00000151062|CACNA2D4,3,2,4,0
ENSG00000166159|LRTM2,2,0,0,0
ENSG00000151065|DCP1B,985,1094,769,913
ENSG00000111752|PHC1,7429,8858,6350,7557
ENSG00000003056|M6PR,22204,22386,16524,20830
ENSG00000139187|KLRG1,207,239,131,149
ENSG00000126838|PZP,2,10,0,4
ENSG00000089225|TBX5,0,0,0,0
ENSG00000175189|INHBC,122,71,82,87
ENSG00000139269|INHBE,147,185,141,103
ENSG00000111087|GLI1,121,108,63,95
ENSG00000123329|ARHGAP9,229,234,181,310
ENSG00000166986|MARS1,42617,41637,29641,35879
ENSG00000285133,1,1,1,1
ENSG00000166987|MBD6,14034,13616,9907,11899
ENSG00000166908|PIP4K2C,8848,9233,7272,8621
ENSG00000178498|DTX3,6603,5643,4657,5847
ENSG00000240771|ARHGEF25,2845,2574,2313,2712
ENSG00000287908,118,94,130,88
ENSG00000135454|B4GALNT1,1284,1355,1199,1434
ENSG00000135506|OS9,32114,31458,22543,28265
ENSG00000135452|TSPAN31,5357,5052,3222,3891
ENSG00000135446|CDK4,31008,29136,22942,28727
ENSG00000139266|MARCHF9,4788,4557,3095,3963
ENSG00000111012|CYP27B1,329,275,210,377
ENSG00000037897|METTL1,2094,1979,1266,1612
ENSG00000123427|EEF1AKMT3,1049,916,797,904
ENSG00000257921,4749,767,736,0
ENSG00000123297|TSFM,1868,5470,3839,5682
ENSG00000205592|MUC19,0,0,11,0
ENSG00000165805|C12orf50,0,12,0,0
ENSG00000133641|C12orf29,3361,3699,2955,3682
ENSG00000158113|LRRC43,134,110,56,87
ENSG00000204671|IL31,4,0,0,0
ENSG00000176383|B3GNT4,192,113,219,188
ENSG00000256861,0,0,0,0
ENSG00000139719|VPS33A,6735,7413,5073,6225
ENSG00000166130|IKBIP,2827,3007,2097,2508
ENSG00000120802|TMPO,49392,61528,44070,54657
ENSG00000139194|RBP5,86,100,91,60
ENSG00000139182|CLSTN3,5196,4891,3840,4942
ENSG00000215009|ACSM4,0,0,0,0
ENSG00000258052,0,0,0,0
ENSG00000166268|MYRFL,46,21,17,37
ENSG00000135643|KCNMB4,190,151,203,197
ENSG00000175899|A2M,19,30,27,28
ENSG00000017427|IGF1,65,56,51,59
ENSG00000166148|AVPR1A,0,10,24,18
ENSG00000110987|BCL7A,3049,3179,2183,2814
ENSG00000174099|MSRB3,1108,1370,975,1317
ENSG00000110881|ASIC1,2918,2724,2236,2913
ENSG00000235162|C12orf75,8945,8730,7136,9063
ENSG00000284791|SMIM41,4,0,0,0
ENSG00000205810|KLRC3,0,0,0,0
ENSG00000179295|PTPN11,27931,39988,32058,41312
ENSG00000090612|ZNF268,5397,7256,5353,6789
ENSG00000127334|DYRK2,16060,21199,13269,16650
ENSG00000136051|WASHC4,6198,8910,7041,8824
ENSG00000198001|IRAK4,1704,1628,1205,1607
ENSG00000139620|KANSL2,5118,4879,4072,4813
ENSG00000111700|SLCO1B3,0,0,0,3
ENSG00000111206|FOXM1,19687,19597,14429,17926
ENSG00000123352|SPATS2,6760,7524,5611,6848
ENSG00000111271|ACAD10,3453,3412,2452,2729
ENSG00000161850|KRT82,5,0,0,5
ENSG00000166006|KCNC2,0,0,0,0
ENSG00000133858|ZFC3H1,5695,7236,6014,7359
ENSG00000139350|NEDD1,6709,8985,7449,8663
ENSG00000111077|TNS2,2330,2235,1439,1703
ENSG00000002016|RAD52,1434,1468,1112,1277
ENSG00000111684|LPCAT3,1312,1405,1025,1353
ENSG00000182326|C1S,1145,1306,1190,1391
ENSG00000159403|C1R,999,1040,857,1008
ENSG00000139197|PEX5,2580,2578,1953,2337
ENSG00000139438|FAM222A,2362,2348,1310,1756
ENSG00000111199|TRPV4,448,468,471,503
ENSG00000139433|GLTP,6411,6402,4288,5657
ENSG00000139151|PLCZ1,0,0,0,3
ENSG00000177938|CAPZA3,0,0,0,0
ENSG00000139144|PIK3C2G,70,69,46,86
ENSG00000083782|EPYC,0,0,0,0
ENSG00000139329|LUM,216,192,122,145
ENSG00000011465|DCN,7,9,16,12
ENSG00000111775|COX6A1,36249,32983,22838,28226
ENSG00000111780,0,0,4,0
ENSG00000170855|TRIAP1,3346,3226,2114,2790
ENSG00000257218|GATC,10738,11379,7952,6158
ENSG00000111786|SRSF9,19623,18562,12862,19735
ENSG00000088986|DYNLL1,28582,26887,19027,23057
ENSG00000110871|COQ5,2776,2711,1880,2249
ENSG00000167272|POP5,4389,3777,3000,3532
ENSG00000272822,33,104,109,122
ENSG00000139537|CCDC65,598,685,482,606
ENSG00000134285|FKBP11,3980,2976,2260,2614
ENSG00000169884|WNT10B,512,528,499,656
ENSG00000125084|WNT1,14,6,0,5
ENSG00000181418|DDN,642,616,489,620
ENSG00000167550|RHEBL1,320,286,253,271
ENSG00000139549|DHH,6,0,0,15
ENSG00000123416|TUBA1B,172259,165162,134195,174611
ENSG00000134287|ARF3,43329,44517,32518,39878
ENSG00000111652|COPS7A,6054,5548,4022,4781
ENSG00000089692|LAG3,138,93,68,87
ENSG00000010610|CD4,21,18,28,21
ENSG00000250510|GPR162,1934,1739,1407,1796
ENSG00000110811|P3H3,881,752,719,877
ENSG00000111664|GNB3,131,93,77,148
ENSG00000010626|LRRC23,1143,1055,842,951
ENSG00000111674|ENO2,947,926,866,1098
ENSG00000111676|ATN1,43710,44048,28159,35315
ENSG00000111678|C12orf57,6844,5923,4054,5340
ENSG00000111679|PTPN6,3126,2899,2292,2759
ENSG00000126749|EMG1,8500,8547,6685,7808
ENSG00000111669|TPI1,104262,96317,67246,82469
ENSG00000204842|ATXN2,12220,12910,9843,12058
ENSG00000139163|ETNK1,13698,18634,16623,19738
ENSG00000284934,9,30,2,7
ENSG00000187109|NAP1L1,60583,67639,53897,67272
ENSG00000078237|TIGAR,2617,2690,2113,2397
ENSG00000118972|FGF23,0,0,0,0
ENSG00000118971|CCND2,0,3,0,3
ENSG00000135414|GDF11,9061,10422,9586,11042
ENSG00000205323|SARNP,2875,3411,2175,2701
ENSG00000257390,1620,637,1352,1117
ENSG00000123353|ORMDL2,4531,4078,2598,3590
ENSG00000123342|MMP19,7,16,13,11
ENSG00000065357|DGKA,1142,1203,1067,1174
ENSG00000184574|LPAR5,27,27,16,33
ENSG00000111644|ACRBP,96,90,40,59
ENSG00000111653|ING4,3005,2602,1908,2581
ENSG00000159335|PTMS,33673,31120,22841,26078
ENSG00000170426|SDR9C7,11,0,11,0
ENSG00000166856|GPR182,7,19,6,15
ENSG00000166860|ZBTB39,4568,5107,3657,4773
ENSG00000166863|TAC3,0,7,12,0
ENSG00000166866|MYO1A,0,0,0,6
ENSG00000166881|NEMP1,9814,12743,11391,14454
ENSG00000166886|NAB2,6945,6408,4366,5506
ENSG00000166888|STAT6,2751,2484,1720,2113
ENSG00000061273|HDAC7,51398,49124,30029,35244
ENSG00000111424|VDR,13638,14696,8591,10059
ENSG00000134291|TMEM106C,11983,11945,8850,11151
ENSG00000139219|COL2A1,1346,1243,688,1023
ENSG00000079387|SENP1,5036,6320,5163,6326
ENSG00000086598|TMED2,33292,35531,25633,32227
ENSG00000111364|DDX55,5032,5295,4464,5425
ENSG00000111361|EIF2B1,15748,14901,10892,14236
ENSG00000111358|GTF2H3,7965,9236,6690,8335
ENSG00000185344|ATP6V0A2,6536,7041,5628,6893
ENSG00000197653|DNAH10,120,177,100,115
ENSG00000152137|HSPB8,8,18,0,15
ENSG00000165935|SMCO2,43,19,24,33
ENSG00000110841|PPFIBP1,31394,39057,28324,34719
ENSG00000174236|REP15,251,239,139,132
ENSG00000061794|MRPS35,10379,10602,7576,9606
ENSG00000087448|KLHL42,4104,5139,4249,5290
ENSG00000087494|PTHLH,203,253,92,174
ENSG00000198707|CEP290,4208,7333,5791,6724
ENSG00000067182|TNFRSF1A,8980,8401,5758,7002
ENSG00000110799|VWF,804,817,977,932
ENSG00000198855|FICD,690,763,584,745
ENSG00000075856|SART3,10204,11080,8532,10527
ENSG00000136003|ISCU,8233,7206,5426,6746
ENSG00000183160|TMEM119,9,4,0,4
ENSG00000134531|EMP1,2538,2852,1496,1975
ENSG00000111305|GSG1,0,4,0,0
ENSG00000110900|TSPAN11,214,204,193,148
ENSG00000063046|EIF4B,71150,77707,58243,74492
ENSG00000135124|P2RX4,1798,1765,1332,1674
ENSG00000151239|TWF1,33093,41373,30616,38075
ENSG00000139155|SLCO1C1,0,0,0,0
ENSG00000167528|ZNF641,4309,4777,3626,4756
ENSG00000139116|KIF21A,7190,9532,7141,8438
ENSG00000123064|DDX54,17165,16386,11102,13481
ENSG00000184613|NELL2,1927,2480,1907,2419
ENSG00000111716|LDHB,200399,196565,141977,172755
ENSG00000139330|KERA,0,0,6,0
ENSG00000135108|FBXO21,8438,9878,7070,9521
ENSG00000127328|RAB3IP,3484,4272,3343,4329
ENSG00000139263|LRIG3,5674,6844,4187,5485
ENSG00000161642|ZNF385A,6110,5771,4519,5227
ENSG00000177675|CD163L1,3,17,0,11
ENSG00000111783|RFX4,31,48,17,25
ENSG00000186815|TPCN1,20995,21071,11410,13966
ENSG00000110876|SELPLG,11,24,18,10
ENSG00000123096|SSPN,3347,3370,2091,2825
ENSG00000110880|CORO1C,13711,16597,12906,15247
ENSG00000167580|AQP2,42,49,21,27
ENSG00000176871|WSB2,10088,10878,8278,10250
ENSG00000172572|PDE3A,482,580,391,522
ENSG00000123066|MED13L,12300,19089,12656,15784
ENSG00000134545|KLRC1,0,0,0,0
ENSG00000118307|CFAP94,395,399,271,305
ENSG00000205707|ETFRF1,3744,3565,2541,3115
ENSG00000205693|MANSC4,16,13,13,14
ENSG00000076248|UNG,9089,9541,7181,8474
ENSG00000076555|ACACB,1991,2541,2081,2257
ENSG00000139445|FOXN4,24,4,17,24
ENSG00000174527|MYO1H,16,26,0,0
ENSG00000110906|KCTD10,9564,10095,7991,9123
ENSG00000151148|UBE3B,8487,10079,6748,8924
ENSG00000139428|MMAB,4846,4467,3571,4594
ENSG00000110921|MVK,3331,2971,2111,2936
ENSG00000033030|ZCCHC8,3999,4673,3765,4634
ENSG00000111011|RSRC2,8685,9774,7241,8773
ENSG00000184445|KNTC1,7506,9912,9448,11371
ENSG00000182782|HCAR2,43,37,65,29
ENSG00000255398|HCAR3,4,2,11,4
ENSG00000196917|HCAR1,312,303,282,358
ENSG00000130783|CCDC62,60,58,78,80
ENSG00000130787|HIP1R,5833,5668,3885,4532
ENSG00000139722|VPS37B,8318,8318,5661,7145
ENSG00000150967|ABCB9,2465,2196,1488,1860
ENSG00000111325|OGFOD2,839,962,489,719
ENSG00000167612|ANKRD33,53,76,31,47
ENSG00000139567|ACVRL1,28,23,41,59
ENSG00000135503|ACVR1B,9136,9626,7169,9027
ENSG00000161835|TAMALIN,108,101,78,87
ENSG00000123358|NR4A1,6308,6171,3296,4845
ENSG00000179088|C12orf42,0,0,0,10
ENSG00000136011|STAB2,5,2,2,11
ENSG00000155980|KIF5A,1478,1613,1376,1515
ENSG00000170439|METTL7B,1082,1126,740,1000
ENSG00000135424|ITGA7,372,374,330,439
ENSG00000258311,914,846,954,1051
ENSG00000135441|BLOC1S1,2566,2229,1492,1956
ENSG00000135437|RDH5,62,33,64,52
ENSG00000135404|CD63,28468,26091,18347,22296
ENSG00000111412|SPRING1,7451,8448,6312,7720
ENSG00000135116|HRK,199,228,263,315
ENSG00000184954|OR6C70,0,0,0,0
ENSG00000205327|OR6C68,0,0,0,0
ENSG00000111319|SCNN1A,33912,32784,18274,24418
ENSG00000111321|LTBR,9362,8679,6346,7770
ENSG00000139192|TAPBPL,95,140,84,107
ENSG00000010278|CD9,29949,30206,19113,25220
ENSG00000110955|ATP5F1B,100051,95371,65280,82074
ENSG00000110958|PTGES3,54503,56773,42178,51348
ENSG00000285625,0,0,0,0
ENSG00000198056|PRIM1,2917,2962,2697,3442
ENSG00000025423|HSD17B6,153,116,152,147
ENSG00000196531|NACA,78680,73918,49392,63673
ENSG00000283536,0,1,0,0
ENSG00000182544|MFSD5,4353,4104,2759,3490
ENSG00000135476|ESPL1,13920,13706,8660,10088
ENSG00000123349|PFDN5,23113,21868,15849,20186
ENSG00000139637|MYG1,5616,4804,3436,4470
ENSG00000094914|AAAS,10456,9221,6188,7691
ENSG00000170374|SP7,8,9,5,8
ENSG00000185591|SP1,16239,21093,14137,18011
ENSG00000135409|AMHR2,0,2,6,14
ENSG00000205352|PRR13,7217,5754,5090,5910
ENSG00000094916|CBX5,52345,74844,65343,83093
ENSG00000123405|NFE2,302,288,288,285
ENSG00000111481|COPZ1,24944,23928,17607,21522
ENSG00000139572|GPR84,12,16,9,3
ENSG00000111639|MRPL51,16246,15319,11019,13569
ENSG00000010292|NCAPD2,42407,44987,27448,35200
ENSG00000111640|GAPDH,533593,495329,321388,400236
ENSG00000111641|NOP2,14625,14466,11058,12562
ENSG00000285238,529,0,0,1171
ENSG00000111642|CHD4,57664,69832,50976,59785
ENSG00000015153|YAF2,2137,2076,1491,1867
ENSG00000134283|PPHLN1,12445,13817,10185,11950
ENSG00000139168|ZCRB1,12039,11616,8418,10060
ENSG00000010295|IFFO1,36,20,26,19
ENSG00000224982|TMEM233,0,0,12,0
ENSG00000111725|PRKAB1,3980,3737,2726,3529
ENSG00000122966|CIT,6155,7870,5357,6697
ENSG00000089693|MLF2,31939,30531,21777,26423
ENSG00000215021|PHB2,33254,31031,21278,26416
ENSG00000120837|NFYB,5095,5492,3908,4553
ENSG00000198431|TXNRD1,51483,60869,39780,47851
ENSG00000255150|EID3,27,32,27,26
ENSG00000135119|RNFT2,926,914,564,687
ENSG00000149948|HMGA2,67525,80374,48704,59611
ENSG00000111596|CNOT2,10293,10351,7484,9382
ENSG00000139190|VAMP1,1156,912,988,979
ENSG00000135486|HNRNPA1,131601,137206,96731,120298
ENSG00000174206|C12orf66,1133,1322,834,1041
ENSG00000185306|C12orf56,127,133,80,94
ENSG00000184575|XPOT,21664,26850,21212,25690
ENSG00000285901,0,0,0,0
ENSG00000175203|DCTN2,16256,15702,11618,14096
ENSG00000184047|DIABLO,8104,7588,5639,6967
ENSG00000110844|PRPF40B,4250,4517,3738,3342
ENSG00000111667|USP5,16402,15894,10960,14044
ENSG00000127329|PTPRB,372,512,382,482
ENSG00000072609|CHFR,1820,2034,1331,1718
ENSG00000139193|CD27,8,0,12,10
ENSG00000139200|PIANP,1088,862,702,892
ENSG00000139631|CSAD,3083,2530,2254,2591
ENSG00000166225|FRS2,4765,7044,4880,6321
ENSG00000111404|RERGL,6,3,0,8
ENSG00000173262|SLC2A14,2,0,0,0
ENSG00000198040|ZNF84,5661,6908,5368,6238
ENSG00000076108|BAZ2A,22671,29761,22028,26375
ENSG00000139718|SETD1B,11246,13459,9563,11732
ENSG00000070961|ATP2B1,22942,30674,21001,26053
ENSG00000139211|AMIGO2,4002,4759,4243,5181
ENSG00000198178|CLEC4C,0,0,0,0
ENSG00000139220|PPFIA2,76,81,80,91
ENSG00000111247|RAD51AP1,2955,3508,3093,3809
ENSG00000198015|MRPL42,8280,9449,7317,8865
ENSG00000185480|PARPBP,3765,4395,3357,4153
ENSG00000121314|TAS2R8,2,2,0,0
ENSG00000119242|CCDC92,2469,2462,1787,2207
ENSG00000129317|PUS7L,7477,11064,8627,10075
ENSG00000111665|CDCA3,3927,3642,2014,2169
ENSG00000111671|SPSB2,872,769,573,560
ENSG00000177575|CD163,0,0,0,0
ENSG00000196876|SCN8A,584,688,654,885
ENSG00000183735|TBK1,3584,4453,3269,3980
ENSG00000153179|RASSF3,2515,3197,2354,3322
ENSG00000135677|GNS,19624,22681,17250,21433
ENSG00000288591,0,0,0,29
ENSG00000156076|WIF1,13,8,15,6
ENSG00000174106|LEMD3,4969,7093,5560,6838
ENSG00000073060|SCARB1,11322,11378,8046,9959
ENSG00000150991|UBC,136730,128636,87822,108446
ENSG00000185432|METTL7A,3152,3073,1795,2654
ENSG00000214511|HIGD1C,0,0,0,0
ENSG00000050426|LETMD1,6569,6149,4995,5966
ENSG00000110925|CSRNP2,8708,9779,8029,9541
ENSG00000135457|TFCP2,3060,3149,2413,2833
ENSG00000184271|POU6F1,249,281,264,344
ENSG00000061936|SFSWAP,7893,8077,5666,6797
ENSG00000177169|ULK1,6314,6160,4561,5689
ENSG00000177192|PUS1,3937,3665,2470,3097
ENSG00000198598|MMP17,151,88,100,86
ENSG00000204583|LRCOL1,0,0,4,0
ENSG00000187848|P2RX2,0,11,9,13
ENSG00000177084|POLE,9164,11171,9573,11272
ENSG00000176894|PXMP2,1993,1797,1300,1792
ENSG00000247077|PGAM5,12366,10996,8568,10621
ENSG00000112787|FBRSL1,14258,13248,9238,10971
ENSG00000231738|TSPAN19,2,5,9,8
ENSG00000166598|HSP90B1,140863,156564,107819,131758
ENSG00000204954|C12orf73,1493,1359,1184,1324
ENSG00000139372|TDG,9656,11895,8838,11187
ENSG00000188906|LRRK2,47,67,75,127
ENSG00000072041|SLC6A15,1770,2076,1780,2339
ENSG00000139304|PTPRQ,49,61,21,30
ENSG00000165899|OTOGL,204,277,257,235
ENSG00000121361|KCNJ8,81,63,122,99
ENSG00000089127|OAS1,1102,1010,582,831
ENSG00000111331|OAS3,1659,1916,1773,2248
ENSG00000111335|OAS2,53,18,5,13
ENSG00000157895|C12orf43,4047,3911,2654,3447
ENSG00000135114|OASL,61,39,56,46
ENSG00000177119|ANO6,8493,11019,8310,10693
ENSG00000168778|TCTN2,3526,3579,2384,2891
ENSG00000111229|ARPC3,22335,20826,15070,18493
ENSG00000111231|GPN3,3438,3636,2509,3154
ENSG00000204856|FAM216A,958,988,601,824
ENSG00000111237|VPS29,5899,5719,4373,5223
ENSG00000151164|RAD9B,120,189,156,165
ENSG00000196850|PPTC7,4961,6249,4334,5766
ENSG00000122986|HVCN1,29,18,14,42
ENSG00000186298|PPP1CC,33295,36571,28583,34325
ENSG00000204852|TCTN1,4899,5125,3674,4351
ENSG00000167552|TUBA1A,45888,48285,37166,45500
ENSG00000167553|TUBA1C,95715,90911,71273,87523
ENSG00000135406|PRPH,23,18,22,24
ENSG00000135451|TROAP,9198,7673,4905,5800
ENSG00000186897|C1QL4,76,80,108,66
ENSG00000178401|DNAJC22,164,165,182,260
ENSG00000151176|PLBD2,10954,11059,8221,10047
ENSG00000135094|SDS,74,63,45,93
ENSG00000139410|SDSL,1238,1188,760,886
ENSG00000089116|LHX5,3,8,0,0
ENSG00000089060|SLC8B1,2010,2053,1445,1906
ENSG00000111540|RAB5B,15643,16755,12137,15591
ENSG00000139531|SUOX,3917,3744,2539,3488
ENSG00000123411|IKZF4,1983,2048,1597,1825
ENSG00000197728|RPS26,26638,24570,17396,21143
ENSG00000257411,0,0,0,1
ENSG00000170515|PA2G4,38928,39286,29160,35247
ENSG00000229117|RPL41,63066,57933,40739,52373
ENSG00000139641|ESYT1,16867,17190,12780,15905
ENSG00000135482|ZC3H10,1284,1297,639,938
ENSG00000196465|MYL6B,12069,11100,7738,9749
ENSG00000092841|MYL6,58097,53299,41833,49174
ENSG00000139613|SMARCC2,16433,17956,13315,16295
ENSG00000181852|RNF41,8185,8498,6120,8005
ENSG00000139579|NABP2,7268,6843,5070,6403
ENSG00000139540|SLC39A5,13,18,4,6
ENSG00000139645|ANKRD52,18281,21804,14850,17929
ENSG00000135469|COQ10A,2055,1802,1531,1791
ENSG00000062485|CS,30994,31519,22046,27144
ENSG00000144785,112,153,249,207
ENSG00000257727|CNPY2,7865,7332,5134,6344
ENSG00000135473|PAN2,3018,2808,1902,2210
ENSG00000110944|IL23A,55,101,63,53
ENSG00000170581|STAT2,9154,9485,7774,9221
ENSG00000175336|APOF,18,4,0,9
ENSG00000134538|SLCO1B1,0,0,0,0
ENSG00000121351|IAPP,0,0,0,0
ENSG00000121350|PYROXD1,6979,7961,5278,6263
ENSG00000004700|RECQL,10404,13073,10721,13525
ENSG00000111711|GOLT1B,7314,7861,6515,8291
ENSG00000134548|SPX,353,443,285,369
ENSG00000139131|YARS2,4902,4709,3356,4242
ENSG00000167535|CACNB3,6108,5635,4622,5505
ENSG00000174243|DDX23,19550,20301,15554,18561
ENSG00000172602|RND1,191,262,241,271
ENSG00000174233|ADCY6,6764,7139,5522,6927
ENSG00000051825|MPHOSPH9,3229,4359,3637,4167
ENSG00000111328|CDK2AP1,11998,12329,9001,10620
ENSG00000139697|SBNO1,14630,18736,14549,17339
ENSG00000130921|C12orf65,3375,3343,2395,2937
ENSG00000150990|DHX37,9031,8874,5958,7043
ENSG00000184992|BRI3BP,7787,10460,8514,10652
ENSG00000081760|AACS,10036,9515,7595,8986
ENSG00000273079|GRIN2B,847,1693,1255,1324
ENSG00000133703|KRAS,18992,24633,18930,22863
ENSG00000139233|LLPH,6449,6403,4847,5993
ENSG00000228144,0,0,0,0
ENSG00000155957|TMBIM4,5255,4865,3591,4385
ENSG00000090376|IRAK3,60,71,76,47
ENSG00000127311|HELB,498,781,679,939
ENSG00000155974|GRIP1,1350,1764,1078,1258
ENSG00000110911|SLC11A2,8272,8656,6019,7973
ENSG00000139547|RDH16,40,31,23,23
ENSG00000135392|DNAJC14,10139,11180,7841,9442
ENSG00000075089|ACTR6,4882,5128,3832,4775
ENSG00000130779|CLIP1,8011,11329,8534,10706
ENSG00000111728|ST8SIA1,2652,3131,2027,2027
ENSG00000196387|ZNF140,514,632,499,553
ENSG00000110852|CLEC2B,18,16,22,19
ENSG00000074590|NUAK1,2064,2804,2155,2499
ENSG00000121749|TBC1D15,4393,5700,4646,5718
ENSG00000187166|H1-7,8,0,0,3
ENSG00000186908|ZDHHC17,3037,4403,3405,4015
ENSG00000172789|HOXC5,93,102,63,58
ENSG00000089163|SIRT4,98,129,115,115
ENSG00000179615|OR2AP1,0,0,0,0
ENSG00000179695|OR6C2,0,0,0,0
ENSG00000111729|CLEC4A,31,22,14,0
ENSG00000139289|PHLDA1,329,341,340,447
ENSG00000120820|GLT8D2,1180,1266,911,970
ENSG00000111052|LIN7A,394,551,449,521
ENSG00000214700|C12orf71,12,3,4,5
ENSG00000261308|FIGNL2,41,39,34,27
ENSG00000089159|PXN,28176,28083,18796,23239
ENSG00000205809|KLRC2,0,0,0,0
ENSG00000214029|ZNF891,3307,3906,2985,3774
ENSG00000139636|LMBR1L,1591,1545,1023,1253
ENSG00000150977|RILPL2,1584,1767,1447,1700
ENSG00000089009|RPL6,181878,173983,121041,151836
ENSG00000052126|PLEKHA5,5362,6221,3928,5016
ENSG00000060237|WNK1,36651,51884,31743,40325
ENSG00000087470|DNM1L,15059,18626,14582,17361
ENSG00000111490|TBC1D30,1680,1922,1442,1722
ENSG00000120798|NR2C1,2153,2186,1482,1979
ENSG00000184752|NDUFA12,6878,6673,4623,6098
ENSG00000022840|RNF10,14306,14178,10251,13085
ENSG00000288623,1,1,1,1
ENSG00000075415|SLC25A3,61335,57825,40466,51414
ENSG00000120868|APAF1,3162,4637,3925,4424
ENSG00000111269|CREBL2,4364,5180,3860,4870
ENSG00000183150|GPR19,320,342,252,303
ENSG00000178878|APOLD1,576,662,819,447
ENSG00000213782|DDX47,11647,12003,8229,11025
ENSG00000135100|HNF1A,9,11,16,11
ENSG00000174437|ATP2A2,63671,74327,52856,64798
ENSG00000170473|PYM1,3663,3260,2814,3341
ENSG00000185664|PMEL,164,168,148,145
ENSG00000123374|CDK2,6859,7360,6698,8327
ENSG00000173401|GLIPR1L1,15,8,13,6
ENSG00000180481|GLIPR1L2,31,22,12,19
ENSG00000139278|GLIPR1,944,1023,1014,1087
ENSG00000111615|KRR1,8766,10356,7896,9609
ENSG00000179626|OR6C4,0,0,0,0
ENSG00000152936|LMNTD1,6,0,9,0
ENSG00000065361|ERBB3,16670,18747,13976,17481
ENSG00000072657|TRHDE,36245,48838,31665,37478
ENSG00000069431|ABCC9,14,5,2,6
ENSG00000187857|OR6C75,0,0,0,0
ENSG00000185821|OR6C76,0,0,0,0
ENSG00000057294|PKP2,6781,7966,6088,7394
ENSG00000188324|OR6C6,0,0,0,0
ENSG00000205330|OR6C1,0,0,0,2
ENSG00000139223|ANP32D,7,10,4,11
ENSG00000177627|C12orf54,0,0,0,0
ENSG00000284723|OR8S1,5,0,2,0
ENSG00000198678|OR5BS1P,0,0,0,0
ENSG00000167531|LALBA,0,0,0,0
ENSG00000123307|NEUROD4,0,0,0,0
ENSG00000170605|OR9K2,0,0,0,0
ENSG00000139132|FGD4,2713,3641,2666,3300
ENSG00000111266|DUSP16,4739,6049,4089,4881
ENSG00000013588|GPRC5A,7382,8133,6598,8454
ENSG00000111291|GPRC5D,94,132,65,138
ENSG00000013583|HEBP1,1786,1662,1322,1760
ENSG00000180219|FAM71C,0,0,6,4
ENSG00000185046|ANKS1B,198,189,173,220
ENSG00000182196|ARL6IP4,14286,13180,8453,10164
ENSG00000181929|PRKAG1,11862,11774,8395,10116
ENSG00000111276|CDKN1B,14403,14627,10925,13002
ENSG00000089248|ERP29,14836,13999,10628,12902
ENSG00000111300|NAA25,7747,9995,8391,9896
ENSG00000135148|TRAFD1,7796,7773,5616,7168
ENSG00000173064|HECTD4,9726,12955,9477,11801
ENSG00000139178|C1RL,3121,3061,2035,2598
ENSG00000151067|CACNA1C,3,3,0,0
ENSG00000186710|CFAP73,107,73,65,75
ENSG00000111731|C2CD5,8732,11379,7945,9933
ENSG00000111241|FGF6,0,0,0,0
ENSG00000175197|DDIT3,3140,2972,1796,2498
ENSG00000196510|ANAPC7,8774,8889,6276,7890
ENSG00000171840|NINJ2,28,5,15,12
ENSG00000181234|TMEM132C,0,6,0,0
ENSG00000175398|OR10P1,0,0,0,0
ENSG00000197706|OR6C74,0,0,0,0
ENSG00000205328|OR6C65,0,0,0,0
ENSG00000123395|ATG101,8477,7900,5829,6861
ENSG00000256660|CLEC12B,0,5,3,14
ENSG00000205329|OR6C3,0,0,0,0
ENSG00000172640|OR10AD1,0,0,0,2
ENSG00000255837|TAS2R20,84,46,53,65
ENSG00000198673|TAFA2,62,32,29,50
ENSG00000135439|AGAP2,143,138,94,153
ENSG00000135679|MDM2,12122,14553,10275,12621
ENSG00000284730|TMDD1,4,4,14,14
ENSG00000288710,433,67,73,409
ENSG00000167548|KMT2D,34975,50393,35081,41195
ENSG00000126746|ZNF384,12950,12729,9738,11637
ENSG00000111181|SLC6A12,434,508,342,410
ENSG00000047617|ANO2,450,560,359,397
ENSG00000170421|KRT8,420954,382609,193737,247567
ENSG00000198324|PHETA1,1263,1021,939,1312
ENSG00000123415|SMUG1,5643,5365,3696,4796
ENSG00000084453|SLCO1A2,308,367,338,324
ENSG00000187510|PLEKHG7,4,0,0,4
ENSG00000111554|MDM1,1569,2114,1428,1672
ENSG00000182050|MGAT4C,41,42,74,53
ENSG00000090975|PITPNM2,310,366,272,307
ENSG00000111432|FZD10,0,0,0,0
ENSG00000165685|TMEM52B,0,0,0,0
ENSG00000123106|CCDC91,4067,4799,3023,3730
ENSG00000166153|DEPDC4,283,298,212,278
ENSG00000008323|PLEKHG6,1564,1654,1231,1509
ENSG00000135144|DTX1,358,365,289,311
ENSG00000136052|SLC41A2,2194,2546,2116,2550
ENSG00000171681|ATF7IP,10650,14654,9924,12057
ENSG00000118308|IRAG2,24,27,21,37
ENSG00000136045|PWP1,9910,10127,7053,8651
ENSG00000110851|PRDM4,5303,6167,4174,5323
ENSG00000187855|ASCL4,0,0,0,0
ENSG00000139364|TMEM132B,21,41,23,14
ENSG00000197111|PCBP2,118137,114193,79199,99308
ENSG00000139625|MAP3K12,2857,2539,2062,2261
ENSG00000139546|TARBP2,3992,3538,2457,3186
ENSG00000139574|NPFF,105,99,33,83
ENSG00000267281|ATF7-NPFF,7,1,51,0
ENSG00000170653|ATF7,6541,7557,5275,6731
ENSG00000135390|ATP5MC2,19263,16701,10758,13663
ENSG00000240654|C1QTNF9,4,5,6,8
ENSG00000102699|PARP4,11554,13793,9260,11369
ENSG00000027001|MIPEP,2811,2960,1761,2252
ENSG00000132972|RNF17,0,0,0,0
ENSG00000150459|SAP18,11377,11767,8425,10661
ENSG00000139517|LNX2,2521,3050,2294,2901
ENSG00000165487|MICU2,2959,3282,2454,2960
ENSG00000132963|POMP,11217,10343,7216,9321
ENSG00000102781|KATNAL1,505,777,712,852
ENSG00000196199|MPHOSPH8,6171,5834,4427,5492
ENSG00000165480|SKA3,3018,3222,2642,3250
ENSG00000236444|UBE2L5,7,9,10,22
ENSG00000133101|CCNA1,1140,1077,969,1221
ENSG00000102678|FGF9,379,411,382,406
ENSG00000132952|USPL1,2637,2880,2182,2860
ENSG00000183463|URAD,0,0,0,0
ENSG00000189403|HMGB1,45143,47241,36364,43600
ENSG00000120669|SOHLH2,66,132,132,135
ENSG00000139515|PDX1,11,19,3,0
ENSG00000133114|GPALPP1,2638,3206,2446,3091
ENSG00000273167,17,29,8,19
ENSG00000120694|HSPH1,19753,24524,18443,21777
ENSG00000083635|NUFIP1,2114,2151,1772,2040
ENSG00000102753|KPNA3,6734,8684,6207,7158
ENSG00000165475|CRYL1,198,183,136,189
ENSG00000165556|CDX2,5,0,0,8
ENSG00000152520|PAN3,3743,5024,3256,4004
ENSG00000102547|CAB39L,801,968,638,842
ENSG00000102743|SLC25A15,5315,5551,3736,4755
ENSG00000120675|DNAJC15,326,242,130,153
ENSG00000132975|GPR12,0,0,0,0
ENSG00000188342|GTF2F2,3689,3715,2971,3628
ENSG00000132970|WASF3,1928,2319,1810,2098
ENSG00000133110|POSTN,72,220,125,195
ENSG00000120658|ENOX1,2488,2713,1423,1885
ENSG00000151778|SERP2,1284,1251,900,1173
ENSG00000102531|FNDC3A,4859,7392,5120,6590
ENSG00000136169|SETDB2,959,1244,926,1124
ENSG00000250709|CCDC169-SOHLH2,144,0,3,0
ENSG00000183722|LHFPL6,1047,1074,869,1089
ENSG00000179630|LACC1,871,1079,891,1053
ENSG00000226792|C13orf42,4,13,3,3
ENSG00000237378,0,0,0,0
ENSG00000136147|PHF11,610,603,487,573
ENSG00000023516|AKAP11,3667,6742,4703,5967
ENSG00000139656|SMIM2,0,4,5,0
ENSG00000204899|MZT1,3119,3314,2654,3226
ENSG00000280165|PCDH20,139,136,126,172
ENSG00000120685|PROSER1,8423,9765,7030,8898
ENSG00000165837|ERICH6B,4,11,12,6
ENSG00000133116|KL,17,10,28,28
ENSG00000136099|PCDH8,0,0,3,6
ENSG00000083535|PIBF1,1966,2253,1827,2119
ENSG00000151773|CCDC122,838,769,798,779
ENSG00000136122|BORA,1722,2008,1097,1359
ENSG00000150361|KLHL1,11,11,18,7
ENSG00000122034|GTF3A,9799,9630,6677,8431
ENSG00000136110|CNMD,0,8,0,0
ENSG00000187676|B3GLCT,2291,2669,1938,2360
ENSG00000281883,6,4,8,0
ENSG00000173141|MRPL57,3043,2831,1854,2579
ENSG00000120690|ELF1,3955,5052,3617,4462
ENSG00000136155|SCEL,4446,5606,3532,4511
ENSG00000102804|TSC22D1,35821,37635,22816,30928
ENSG00000150893|FREM2,348,535,448,577
ENSG00000204918|PRR20B,0,0,0,0
ENSG00000136111|TBC1D4,876,1177,1012,1227
ENSG00000227151|PRR20D,0,0,0,0
ENSG00000136158|SPRY2,1180,1276,734,981
ENSG00000234278|PRR20E,0,0,0,0
ENSG00000120686|UFM1,7400,8479,5782,7348
ENSG00000276644|DACH1,5694,7098,3689,4685
ENSG00000102554|KLF5,16250,20858,14135,18137
ENSG00000121390|PSPC1,8457,9226,6175,7687
ENSG00000174015|CBY2,0,14,0,5
ENSG00000088451|TGDS,1255,1567,1120,1378
ENSG00000102755|FLT1,11,7,53,22
ENSG00000134882|UBAC2,7398,7653,4969,6034
ENSG00000133119|RFC3,6193,7407,6631,8240
ENSG00000080166|DCT,5,0,0,0
ENSG00000152192|POU4F1,978,1097,871,1056
ENSG00000125304|TM9SF2,23015,25096,18248,22824
ENSG00000139737|SLAIN1,802,1014,609,663
ENSG00000182957|SPATA13,5631,7813,5780,6406
ENSG00000188811|NHLRC3,1420,1618,1267,1709
ENSG00000102837|OLFM4,3,0,0,0
ENSG00000204919|PRR20A,0,0,0,0
ENSG00000065150|IPO5,21161,26352,19647,24456
ENSG00000139734|DIAPH3,3489,4647,4212,5254
ENSG00000285566,0,0,0,0
ENSG00000118946|PCDH17,862,1238,1042,1236
ENSG00000136160|EDNRB,0,0,6,12
ENSG00000152484|USP12,3446,4674,3831,4631
ENSG00000136153|LMO7,5681,6906,4871,5943
ENSG00000120688|WBP4,2033,1957,1351,1633
ENSG00000180440|SERTM1,7,8,27,35
ENSG00000132964|CDK8,2427,2468,1910,2392
ENSG00000125285|SOX21,25,10,8,9
ENSG00000139514|SLC7A1,8806,10987,8368,10807
ENSG00000088386|SLC15A1,400,453,242,350
ENSG00000125246|CLYBL,671,650,361,413
ENSG00000102471|NDFIP2,4646,5410,4165,5366
ENSG00000150907|FOXO1,1961,2522,1790,2375
ENSG00000136152|COG3,2950,3831,2753,3409
ENSG00000136141|LRCH1,1780,2171,1764,2087
ENSG00000152749|GPR180,2481,3192,2613,3257
ENSG00000139496|NUP58,5417,7301,6446,8099
ENSG00000102543|CDADC1,525,540,381,554
ENSG00000125257|ABCC4,2261,3149,2211,2864
ENSG00000083520|DIS3,7364,9287,7042,8836
ENSG00000133103|COG6,2123,2445,1800,2338
ENSG00000102738|MRPS31,1986,1908,1502,1654
ENSG00000102802|MEDAG,0,0,0,0
ENSG00000134871|COL4A2,26509,27305,21443,25095
ENSG00000229665|PRR20C,0,0,0,0
ENSG00000133121|STARD13,1023,1152,711,849
ENSG00000283361|CFAP97D2,0,0,0,0
ENSG00000184564|SLITRK6,26,46,45,54
ENSG00000184226|PCDH9,716,890,785,883
ENSG00000102580|DNAJC3,3344,4116,2999,3352
ENSG00000283199|C13orf46,0,3,0,4
ENSG00000242715|CCDC169,477,599,469,682
ENSG00000132950|ZMYM5,1055,1167,1014,1122
ENSG00000132958|TPTE2,6,7,6,8
ENSG00000182968|SOX1,0,1,0,0
ENSG00000175664|TEX26,0,0,0,0
ENSG00000185896|LAMP1,20895,20589,14526,18083
ENSG00000139835|GRTP1,1822,1677,1321,1438
ENSG00000102595|UGGT2,2609,3361,2509,2972
ENSG00000041515|MYO16,408,404,336,478
ENSG00000187498|COL4A1,12759,15727,13081,16157
ENSG00000139668|WDFY2,1439,1679,1099,1312
ENSG00000136144|RCBTB1,2152,2701,1924,2334
ENSG00000185950|IRS2,5109,6254,4895,6299
ENSG00000130177|CDC16,5544,5275,4148,5370
ENSG00000198176|TFDP1,14882,16924,12877,16169
ENSG00000153498|SPACA7,0,0,0,0
ENSG00000134873|CLDN10,1121,1185,632,778
ENSG00000186009|ATP4B,29,30,13,28
ENSG00000198824|CHAMP1,3892,4657,3769,4631
ENSG00000150401|DCUN1D2,4719,4676,3314,3994
ENSG00000133115|STOML3,8,0,10,8
ENSG00000169062|UPF3A,4877,4737,3607,4393
ENSG00000088448|ANKRD10,2536,2607,2019,2290
ENSG00000204442|FAM155A,3,0,0,0
ENSG00000126231|PROZ,20,16,10,11
ENSG00000184497|TMEM255B,0,6,0,0
ENSG00000126226|PCID2,4046,4189,2936,3492
ENSG00000175198|PCCA,1203,1228,851,997
ENSG00000043355|ZIC2,20,22,11,26
ENSG00000126216|TUBGCP3,3361,3939,2492,3282
ENSG00000185974|GRK1,10,1,5,3
ENSG00000139797|RNF113B,5,9,0,0
ENSG00000152193|OBI1,2223,3084,2471,2843
ENSG00000150403|TMCO3,5435,5777,3964,5003
ENSG00000126218|F10,75,97,37,67
ENSG00000197991,0,19,0,0
ENSG00000179399|GPC5,56,82,79,97
ENSG00000122042|UBL3,2481,2908,2422,2886
ENSG00000126217|MCF2L,1614,1760,1418,1647
ENSG00000185989|RASA3,111,128,93,113
ENSG00000169840|GSX1,0,0,0,0
ENSG00000152213|ARL11,8,11,18,3
ENSG00000183098|GPC6,6127,8099,4484,5614
ENSG00000139842|CUL4A,10433,12844,9143,11310
ENSG00000198542|ITGBL1,6,0,0,0
ENSG00000123179|EBPL,2950,2891,2038,2519
ENSG00000102539|MLNR,10,19,36,21
ENSG00000122025|FLT3,39,73,65,71
ENSG00000134884|ARGLU1,8671,9625,7608,9375
ENSG00000152767|FARP1,19157,21017,12996,16857
ENSG00000179813|FAM216B,0,0,3,0
ENSG00000120659|TNFSF11,9,0,0,3
ENSG00000198033|TUBA3C,0,0,0,0
ENSG00000136156|ITM2B,17368,17356,12749,15913
ENSG00000204977|TRIM13,2022,2408,1847,2378
ENSG00000198553|KCNRG,63,64,30,63
ENSG00000136104|RNASEH2B,3269,3192,2919,3286
ENSG00000150510|FAM124A,3789,3973,2141,2576
ENSG00000205863|C1QTNF9B,31,17,0,23
ENSG00000189167|ZAR1L,0,11,9,13
ENSG00000139597|N4BP2L1,197,213,187,220
ENSG00000120693|SMAD9,1597,1925,1518,1602
ENSG00000120699|EXOSC8,2649,2549,2157,2441
ENSG00000102710|SUPT20H,5573,6049,4447,5297
ENSG00000180138|CSNK1A1L,2,4,3,6
ENSG00000281106|TMEM272,10,12,16,15
ENSG00000123191|ATP7B,1240,1375,799,972
ENSG00000133111|RFXAP,682,647,489,692
ENSG00000186184|POLR1D,10614,10311,7703,9502
ENSG00000133107|TRPC4,103,66,58,60
ENSG00000057593|F7,0,0,0,6
ENSG00000139508|SLC46A3,115,111,82,130
ENSG00000122035|RASL11A,241,193,135,156
ENSG00000080618|CPB2,9,13,0,0
ENSG00000136167|LCP1,1350,1513,1206,1423
ENSG00000215475|SIAH3,744,990,593,648
ENSG00000173988|LRRC63,30,31,62,36
ENSG00000102452|NALCN,0,0,0,0
ENSG00000134900|TPP2,5265,6868,4537,5959
ENSG00000175820|CCDC168,22,73,80,42
ENSG00000151287|TEX30,679,875,723,841
ENSG00000134901|POGLUT2,1088,1059,806,1087
ENSG00000270181|BIVM-ERCC5,0,0,0,0
ENSG00000134897|BIVM,1492,1943,1217,1585
ENSG00000183087|GAS6,104,46,95,65
ENSG00000136159|NUDT15,4201,4349,3475,4324
ENSG00000136146|MED4,3547,3703,2893,3547
ENSG00000139687|RB1,5461,8064,6185,7612
ENSG00000102683|SGCG,110,113,72,83
ENSG00000139746|RBM26,7496,9287,6790,8243
ENSG00000180776|ZDHHC20,11443,14003,10590,12754
ENSG00000133083|DCLK1,734,772,409,558
ENSG00000075673|ATP12A,212,167,139,205
ENSG00000125266|EFNB2,17642,22161,13734,17248
ENSG00000102780|DGKH,4356,7325,6576,7688
ENSG00000134874|DZIP1,4339,4962,3962,4890
ENSG00000136143|SUCLA2,3763,4185,3149,4022
ENSG00000118939|UCHL3,2296,1972,1256,1785
ENSG00000169508|GPR183,7,0,3,3
ENSG00000174032|SLC25A30,2174,2628,1980,2332
ENSG00000133112|TPT1,130832,124713,85573,104735
ENSG00000139826|ABHD13,2046,2351,1693,2003
ENSG00000174405|LIG4,1433,1949,1479,1706
ENSG00000139684|ESD,4428,4103,2877,3437
ENSG00000102468|HTR2A,5,2,0,0
ENSG00000083544|TDRD3,1550,1522,1100,1218
ENSG00000133104|SPART,4847,5791,4720,5629
ENSG00000102572|STK24,10923,11506,9486,11019
ENSG00000136161|RCBTB2,1235,1198,1158,1365
ENSG00000178235|SLITRK1,47,37,51,62
ENSG00000132965|ALOX5AP,3,0,5,0
ENSG00000102466|FGF14,18,42,31,34
ENSG00000032742|IFT88,882,1219,775,939
ENSG00000102445|RUBCNL,33,50,76,59
ENSG00000125247|TMTC4,1594,1658,1079,1303
ENSG00000133106|EPSTI1,1354,1274,767,1058
ENSG00000127863|TNFRSF19,1485,1914,989,1268
ENSG00000139832|RAB20,906,817,606,757
ENSG00000134905|CARS2,4272,4079,2635,3192
ENSG00000153487|ING1,2675,2764,2042,2372
ENSG00000165572|KBTBD6,1617,2032,1696,2235
ENSG00000120696|KBTBD7,1340,1448,1010,1374
ENSG00000120662|MTRF1,946,907,734,828
ENSG00000172766|NAA16,2380,2949,1969,2415
ENSG00000102760|RGCC,7821,6898,4205,5568
ENSG00000102763|VWA8,4038,5321,3636,4715
ENSG00000123200|ZC3H13,15491,18732,14052,17165
ENSG00000125249|RAP2A,4251,5913,4635,5538
ENSG00000139793|MBNL2,5035,6624,5313,6180
ENSG00000139679|LPAR6,123,119,74,77
ENSG00000213995|NAXD,3582,3467,2600,3386
ENSG00000121743|GJA3,54,95,56,147
ENSG00000165474|GJB2,4642,4857,3545,4628
ENSG00000121742|GJB6,628,701,641,771
ENSG00000121741|ZMYM2,10530,15333,10975,13135
ENSG00000150456|EEF1AKMT1,196,223,173,193
ENSG00000132953|XPO4,5981,8761,7475,8814
ENSG00000150457|LATS2,1822,2442,1928,2378
ENSG00000151849|CENPJ,3013,3938,3379,3935
ENSG00000180730|SHISA2,5,0,13,0
ENSG00000133105|RXFP2,0,0,0,0
ENSG00000073910|FRY,1229,1792,1565,1834
ENSG00000244754|N4BP2L2,6004,7242,5665,6635
ENSG00000083642|PDS5B,4498,6528,4547,5723
ENSG00000180660|MAB21L1,55,74,45,57
ENSG00000123178|SPRYD7,693,871,466,641
ENSG00000139618|BRCA2,2564,4276,4425,5722
ENSG00000182346|DAOA,0,0,0,0
ENSG00000172915|NBEA,1107,1510,1044,1301
ENSG00000120697|ALG5,2523,2389,1586,2051
ENSG00000253797|UTP14C,905,1444,1170,1211
ENSG00000197168|NEK5,116,127,94,138
ENSG00000136098|NEK3,796,763,584,635
ENSG00000253710|ALG11,4033,5350,3826,4779
ENSG00000102786|INTS6,5497,6882,5347,6438
ENSG00000139505|MTMR6,2137,2880,1962,2126
ENSG00000122033|MTIF3,1414,1289,858,1100
ENSG00000185352|HS6ST3,40,88,37,67
ENSG00000123171|CCDC70,0,0,0,0
ENSG00000125245|GPR18,3,9,5,8
ENSG00000132938|MTUS2,2,9,9,9
ENSG00000102524|TNFSF13B,21,10,12,22
ENSG00000151846|PABPC3,337,201,206,251
ENSG00000186047|DLEU7,5,3,5,0
ENSG00000165566|AMER2,13,16,10,14
ENSG00000127870|RNF6,3960,5290,3948,4898
ENSG00000132932|ATP8A2,5,4,2,5
ENSG00000151835|SACS,3256,6204,5759,7004
ENSG00000102606|ARHGEF7,5743,6629,4670,5959
ENSG00000153495|TEX29,0,1,0,3
ENSG00000285444,0,0,0,0
ENSG00000178695|KCTD12,1468,2237,1859,1943
ENSG00000102794|ACOD1,0,0,0,3
ENSG00000102805|CLN5,3513,3613,2735,3202
ENSG00000283208,13,28,19,5
ENSG00000005812|FBXL3,3227,3876,3065,3802
ENSG00000005810|MYCBP2,5313,8983,6783,7960
ENSG00000288716,1,1,1,1
ENSG00000102796|DHRS12,542,560,410,457
ENSG00000253309|SERPINE3,15,10,6,9
ENSG00000122026|RPL21,29998,27731,19545,25153
ENSG00000139780|METTL21C,0,0,0,0
ENSG00000134899|ERCC5,2723,3579,2280,2921
ENSG00000125255|SLC10A2,0,0,0,0
ENSG00000172458|IL17D,143,183,137,205
ENSG00000134864|GGACT,195,208,94,127
ENSG00000088387|DOCK9,4229,5006,3435,4368
ENSG00000139800|ZIC5,2,12,0,0
ENSG00000180332|KCTD4,4,3,3,3
ENSG00000165300|SLITRK5,6032,7484,4114,5515
ENSG00000068650|ATP11A,8880,11493,8110,9781
ENSG00000118922|KLF12,1756,2563,2028,2391
ENSG00000152207|CYSLTR2,0,0,0,4
ENSG00000165621|OXGR1,280,391,323,367
ENSG00000153531|ADPRHL1,1643,1416,900,1132
ENSG00000188243|COMMD6,3457,3283,2154,2532
ENSG00000136114|THSD1,58,34,30,58
ENSG00000136100|VPS36,3857,5036,3487,4039
ENSG00000136108|CKAP2,9324,12064,7926,9814
ENSG00000139675|HNRNPA1L2,1056,708,1106,240
ENSG00000165416|SUGT1,3779,3968,3055,3745
ENSG00000222036|POTEM,29,65,57,39
ENSG00000139910|NOVA1,3106,3137,2539,3014
ENSG00000151413|NUBPL,1370,1387,1000,1044
ENSG00000100852|ARHGAP5,9000,14515,11915,14915
ENSG00000129515|SNX6,12457,14448,11098,13510
ENSG00000129518|EAPP,6890,6763,5614,6411
ENSG00000100442|FKBP3,12462,12812,10241,12515
ENSG00000129514|FOXA1,1262,1345,956,1222
ENSG00000168952|STXBP6,4755,5128,2976,3949
ENSG00000100890|PRORP,6151,3232,4232,6327
ENSG00000183032|SLC25A21,317,460,352,372
ENSG00000087301|TXNDC16,2012,2498,2249,2708
ENSG00000168229|PTGDR,0,0,4,0
ENSG00000165501|LRR1,4524,4493,3345,4320
ENSG00000165516|KLHDC2,9004,8517,6521,8096
ENSG00000189139|FSCB,3,2,0,0
ENSG00000073712|FERMT2,8264,10309,7496,9375
ENSG00000129480|DTD2,1155,1411,910,1245
ENSG00000100519|PSMC6,14902,15457,12312,14067
ENSG00000258790,1798,11681,3888,1626
ENSG00000087303|NID2,8739,10818,6893,8673
ENSG00000197776|KLHDC1,86,110,102,116
ENSG00000182107|TMEM30B,7276,8761,6615,8813
ENSG00000131951|LRRC9,0,16,0,0
ENSG00000180998|GPR137C,929,1128,1110,1117
ENSG00000126773|PCNX4,8594,11036,8869,11233
ENSG00000126778|SIX1,2258,2627,1860,2176
ENSG00000139970|RTN1,19,16,15,13
ENSG00000154001|PPP2R5E,13223,16820,12110,15303
ENSG00000186469|GNG2,9674,11236,6836,8354
ENSG00000198252|STYX,5037,6128,5065,6322
ENSG00000126790|L3HYPDH,718,734,539,636
ENSG00000179008|C14orf39,0,0,10,6
ENSG00000129493|HEATR5A,2552,3601,2811,3648
ENSG00000184302|SIX6,0,0,0,5
ENSG00000100625|SIX4,6226,7996,5848,6885
ENSG00000100614|PPM1A,9290,11089,8231,10008
ENSG00000165527|ARF6,17264,18901,13666,17232
ENSG00000100714|MTHFD1,17414,19115,13323,17111
ENSG00000151838|CCDC175,0,0,12,0
ENSG00000100652|SLC10A1,17,6,11,21
ENSG00000100612|DHRS7,5389,5017,3132,4000
ENSG00000100731|PCNX1,6987,10205,8339,9941
ENSG00000179600|GPHB5,0,0,0,0
ENSG00000020426|MNAT1,5501,6234,4017,4798
ENSG00000267909|CCDC177,82,70,50,79
ENSG00000100632|ERH,24935,22831,17891,22423
ENSG00000179476|C14orf28,576,617,422,498
ENSG00000119599|DCAF4,1536,1476,1090,1302
ENSG00000050130|JKAMP,5356,5526,3972,4814
ENSG00000126785|RHOJ,47,41,30,67
ENSG00000180008|SOCS4,9956,13491,11759,14289
ENSG00000140015|KCNH5,241,354,295,295
ENSG00000126814|TRMT5,4210,5005,3543,4381
ENSG00000165861|ZFYVE1,4749,4760,3580,4290
ENSG00000100647|SUSD6,6496,7146,4867,6414
ENSG00000258989,0,0,0,5
ENSG00000100626|GALNT16,92,128,113,99
ENSG00000184227|ACOT1,850,768,590,805
ENSG00000181619|GPR135,474,626,464,615
ENSG00000179841|AKAP5,665,854,951,1052
ENSG00000119688|ABCD4,8521,8583,6441,8061
ENSG00000258653,600,1228,1620,687
ENSG00000205659|LIN52,3054,3144,2502,3220
ENSG00000081177|EXD2,6618,7284,5487,6721
ENSG00000119661|DNAL1,4174,4781,3262,4286
ENSG00000156030|MIDEAS,13705,16729,10352,13177
ENSG00000119711|ALDH6A1,5903,6453,4422,5572
ENSG00000165555|NOXRED1,299,205,178,191
ENSG00000129521|EGLN3,1958,2228,1824,2229
ENSG00000205669|ACOT6,24,7,1,21
ENSG00000203546,30,46,17,28
ENSG00000165389|SPTSSA,4781,4512,4155,5066
ENSG00000029364|SLC39A9,23706,27266,20494,24637
ENSG00000170345|FOS,34606,36434,17121,26918
ENSG00000119723|COQ6,3081,2671,2050,2507
ENSG00000175985|PLEKHD1,498,484,583,692
ENSG00000119681|LTBP2,1813,2354,1318,1517
ENSG00000133980|VRTN,9,4,5,4
ENSG00000165898|ISCA2,3011,2783,2014,2630
ENSG00000140044|JDP2,8220,7984,6314,7869
ENSG00000042317|SPATA7,1236,1146,890,1081
ENSG00000165355|FBXO33,3741,4163,3232,3878
ENSG00000198718|TOGARAM1,3653,4898,3868,4686
ENSG00000133962|CATSPERB,99,126,90,99
ENSG00000053770|AP5M1,7539,8567,6344,7671
ENSG00000165548|TMEM63C,1974,1932,1349,1617
ENSG00000151812|SLC35F4,0,3,0,4
ENSG00000125378|BMP4,2088,2009,1643,2020
ENSG00000139865|TTC6,57,54,39,61
ENSG00000187790|FANCM,2548,3593,3083,3884
ENSG00000080815|PSEN1,13517,15550,11183,13784
ENSG00000170468|RIOX1,2954,3404,2312,2915
ENSG00000071246|VASH1,1210,1280,1112,1172
ENSG00000100591|AHSA1,37675,36281,26720,32800
ENSG00000100479|POLE2,2243,2509,2226,2719
ENSG00000165525|NEMF,9807,10871,7901,9463
ENSG00000100650|SRSF5,20337,19397,14593,18380
ENSG00000168282|MGAT2,9619,10564,7509,9381
ENSG00000033170|FUT8,12157,14513,7395,8868
ENSG00000176903|PNMA1,8764,8956,6605,7933
ENSG00000197930|ERO1A,16785,18850,15303,19643
ENSG00000139946|PELI2,7012,9481,6062,6860
ENSG00000139977|NAA30,5823,7141,5252,6475
ENSG00000176435|CLEC14A,2,0,3,0
ENSG00000182732|RGS6,90,92,66,53
ENSG00000070778|PTPN21,4881,6031,4319,5503
ENSG00000183379|SYNDIG1L,9,0,0,8
ENSG00000198668|CALM1,35842,37341,29190,35604
ENSG00000100523|DDHD1,5317,7517,5184,6534
ENSG00000214943|GPR33,0,0,0,0
ENSG00000139921|TMX1,11030,12247,10028,12406
ENSG00000185246|PRPF39,5230,4716,4187,5081
ENSG00000165588|OTX2,16,21,20,24
ENSG00000119636|BBOF1,1003,1025,664,763
ENSG00000089723|OTUB2,646,891,611,680
ENSG00000151445|VIPAS39,6278,6583,5022,5996
ENSG00000198894|CIPC,5607,6796,4478,5876
ENSG00000011114|BTBD7,4486,6009,4272,5221
ENSG00000100593|ISM2,61,66,84,69
ENSG00000087302|RTRAF,20599,20616,14385,17818
ENSG00000129534|MIS18BP1,7485,11457,8132,9433
ENSG00000119614|VSX2,9,0,7,4
ENSG00000151320|AKAP6,3816,5157,3299,3979
ENSG00000139874|SSTR1,234,237,220,354
ENSG00000197119|SLC25A29,4212,3668,3233,3663
ENSG00000100629|CEP128,3462,4967,3702,4225
ENSG00000119632|IFI27L2,1049,892,659,773
ENSG00000119707|RBM25,28406,32114,25348,29385
ENSG00000133958|UNC79,145,137,96,132
ENSG00000139971|ARMH4,121,185,181,161
ENSG00000070367|EXOC5,16146,22422,18506,22521
ENSG00000187581|COX8C,4,3,2,2
ENSG00000100811|YY1,33197,37342,26354,33675
ENSG00000119720|NRDE2,5927,5441,4358,5378
ENSG00000089737|DDX24,16531,17145,13475,16049
ENSG00000205476|CCDC85C,27494,26765,16816,20497
ENSG00000080823|MOK,2009,1956,1409,1602
ENSG00000213231|TCL1B,0,0,0,0
ENSG00000196663|TECPR2,5040,5832,3782,4523
ENSG00000100764|PSMC1,27536,28216,19508,23907
ENSG00000125384|PTGER2,492,504,522,611
ENSG00000182979|MTA1,34643,32444,22380,26685
ENSG00000165502|RPL36AL,20220,18724,14530,16889
ENSG00000071537|SEL1L,14331,20737,15310,19350
ENSG00000156414|TDRD9,0,4,5,3
ENSG00000198752|CDC42BPB,30982,35471,24524,30015
ENSG00000140107|SLC25A47,0,0,0,0
ENSG00000100628|ASB2,84,64,66,58
ENSG00000119698|PPP4R4,261,410,286,290
ENSG00000259164,0,0,0,0
ENSG00000226174|TEX22,79,69,31,42
ENSG00000127152|BCL11B,15,9,3,0
ENSG00000066739|ATG2B,4564,6807,4815,5864
ENSG00000100784|RPS6KA5,1197,1583,1271,1707
ENSG00000165949|IFI27,276,232,165,254
ENSG00000156381|ANKRD9,1388,1341,1148,1363
ENSG00000184916|JAG2,879,757,525,703
ENSG00000182512|GLRX5,10240,9733,7050,8941
ENSG00000165948|IFI27L1,353,309,264,327
ENSG00000140057|AK7,175,126,91,133
ENSG00000088808|PPP1R13B,7843,8022,6071,7235
ENSG00000066455|GOLGA5,9166,10413,7145,9222
ENSG00000099814|CEP170B,14377,14161,10945,12994
ENSG00000140030|GPR65,0,6,0,0
ENSG00000070269|TMEM260,3285,3880,2779,3325
ENSG00000100902|PSMA6,45916,38491,31222,39599
ENSG00000054983|GALC,5121,6635,4804,6370
ENSG00000100739|BDKRB1,3,3,3,0
ENSG00000175785|PRIMA1,4213,4506,2578,3460
ENSG00000170779|CDCA4,6297,6021,4794,5633
ENSG00000140105|WARS1,19220,19614,14058,17752
ENSG00000183484|GPR132,14,25,29,41
ENSG00000257341,30,496,26,400
ENSG00000089902|RCOR1,10784,14401,10178,12926
ENSG00000227729|RD3L,0,0,0,0
ENSG00000131323|TRAF3,8108,9371,7755,9544
ENSG00000184986|TMEM121,229,222,168,217
ENSG00000166183|ASPG,59,49,44,57
ENSG00000036530|CYP46A1,174,232,222,290
ENSG00000100600|LGMN,10673,11145,7969,10087
ENSG00000090061|CCNK,6288,6933,4908,6604
ENSG00000140104|CLBA1,3678,3091,2162,2671
ENSG00000183576|SETD3,8032,9467,7136,8926
ENSG00000175699|CCDC197,2,8,7,9
ENSG00000185567|AHNAK2,3156,3845,2571,2812
ENSG00000100865|CINP,8982,8335,5833,7342
ENSG00000165914|TTC7B,1582,1855,1517,1851
ENSG00000197406|DIO3,0,0,0,0
ENSG00000119714|GPR68,90,75,32,48
ENSG00000156050|FAM161B,1835,2126,1158,2041
ENSG00000140067|FAM181A,367,338,182,273
ENSG00000119669|IRF2BPL,26408,26128,15924,19859
ENSG00000213145|CRIP1,14970,12447,7272,8834
ENSG00000258691,0,0,0,0
ENSG00000168350|DEGS2,90,74,19,68
ENSG00000152315|KCNK13,544,520,352,456
ENSG00000042088|TDP1,6264,6180,4178,5288
ENSG00000196405|EVL,6558,5800,4867,5956
ENSG00000165496|RPL10L,0,0,0,0
ENSG00000131966|ACTR10,6632,7098,4925,6032
ENSG00000100744|GSKIP,4275,4634,3722,4528
ENSG00000198604|BAZ1A,11929,14210,13470,15696
ENSG00000126777|KTN1,60851,77475,59211,71904
ENSG00000078304|PPP2R5C,21463,23256,16131,19828
ENSG00000140025|EFCAB11,2158,2173,1377,1710
ENSG00000150527|MIA2,2854,3210,2116,2777
ENSG00000100599|RIN3,4541,4277,2840,3510
ENSG00000100522|GNPNAT1,17906,19035,14611,18760
ENSG00000015133|CCDC88C,5454,6164,3749,4513
ENSG00000129562|DAD1,9559,8831,6410,7692
ENSG00000100439|ABHD4,1543,1448,1096,1513
ENSG00000155463|OXA1L,9440,9298,6258,8193
ENSG00000197324|LRP10,10652,10691,7407,9106
ENSG00000139890|REM2,262,201,209,192
ENSG00000100461|RBM23,5913,5973,4800,5655
ENSG00000100462|PRMT5,11810,11794,8361,10589
ENSG00000259132,0,0,0,0
ENSG00000129474|AJUBA,17193,17525,13420,17237
ENSG00000100802|C14orf93,1330,1474,908,1171
ENSG00000100804|PSMB5,10990,10001,7413,8963
ENSG00000222028|PSMB11,6,7,3,3
ENSG00000179933|C14orf119,5918,5783,3790,4785
ENSG00000283654|LMLN2,0,8,10,8
ENSG00000092068|SLC7A8,9387,10898,8096,9958
ENSG00000215277|RNF212B,12,13,16,10
ENSG00000215271|HOMEZ,2658,2818,2092,2688
ENSG00000235194|PPP1R3E,508,476,408,404
ENSG00000100842|EFS,0,0,3,5
ENSG00000166090|IL25,0,0,0,0
ENSG00000166091|CMTM5,0,0,0,0
ENSG00000092054|MYH7,3,2,0,0
ENSG00000129460|NGDN,3294,3066,2202,2940
ENSG00000136367|ZFHX2,1303,1672,1060,1411
ENSG00000259431|THTPA,449,584,311,413
ENSG00000213983|AP1G2,3684,3342,2651,2972
ENSG00000092051|JPH4,36,34,56,34
ENSG00000157326|DHRS4,1174,1048,891,902
ENSG00000187630|DHRS4L2,1059,926,599,754
ENSG00000100721|TCL1A,0,0,0,0
ENSG00000100604|CHGA,205,209,163,253
ENSG00000100605|ITPK1,3886,3836,2265,2615
ENSG00000165943|MOAP1,3408,3643,2714,3574
ENSG00000153485|TMEM251,1421,1328,938,1247
ENSG00000259066,6,8,5,4
ENSG00000170270|GON7,1531,1474,1182,1339
ENSG00000012963|UBR7,4651,5636,4255,5435
ENSG00000100601|ALKBH1,3474,3529,2837,3437
ENSG00000119705|SLIRP,12995,11601,7856,9889
ENSG00000063761|ADCK1,1643,1580,977,1223
ENSG00000151748|SAV1,11561,13838,10075,12544
ENSG00000100504|PYGL,4734,5536,4171,5178
ENSG00000131969|ABHD12B,32,49,25,38
ENSG00000119689|DLST,21302,21648,15552,19351
ENSG00000198208|RPS6KL1,373,308,244,279
ENSG00000119630|PGF,1413,1336,1133,1220
ENSG00000119718|EIF2B2,10132,10258,7416,8575
ENSG00000119684|MLH3,3170,3977,3170,3721
ENSG00000119640|ACYP1,871,820,712,811
ENSG00000119703|ZC2HC1C,1143,1054,892,1100
ENSG00000170348|TMED10,51147,57878,41136,51679
ENSG00000100665|SERPINA4,0,0,0,3
ENSG00000188488|SERPINA5,445,501,206,363
ENSG00000273259,13,3,29,23
ENSG00000196136|SERPINA3,1,23,1,0
ENSG00000100526|CDKN3,9339,8683,4873,6106
ENSG00000100528|CNIH1,25817,28892,21176,26243
ENSG00000197045|GMFB,24395,30129,22850,27982
ENSG00000020577|SAMD4A,6053,7640,7006,7905
ENSG00000198554|WDHD1,8144,11246,10528,13094
ENSG00000213741|RPS29,64687,52675,35741,47240
ENSG00000198732|SMOC1,18,11,15,0
ENSG00000187105|HEATR4,99,81,51,49
ENSG00000139926|FRMD6,858,1192,895,1153
ENSG00000182809|CRIP2,33233,28035,13647,16689
ENSG00000100767|PAPLN,307,345,262,296
ENSG00000184304|PRKD1,840,996,677,888
ENSG00000066629|EML1,1249,1387,976,1356
ENSG00000156411|ATP5MJ,14211,11942,8975,10813
ENSG00000080824|HSP90AA1,470081,498514,338147,403460
ENSG00000100867|DHRS2,1354,1176,254,312
ENSG00000119655|NPC2,13277,11545,9029,12150
ENSG00000100603|SNW1,15488,16964,12279,15466
ENSG00000211448|DIO2,578,916,717,857
ENSG00000013523|ANGEL1,5552,5643,4240,5287
ENSG00000179454|KLHL28,3093,4285,3308,4392
ENSG00000119725|ZNF410,7345,6792,4758,6860
ENSG00000166126|AMN,175,176,143,151
ENSG00000166428|PLD4,0,5,7,6
ENSG00000100678|SLC8A3,0,6,0,0
ENSG00000176246|OR4L1,0,0,0,0
ENSG00000176219|OR11H6,2,0,0,4
ENSG00000136319|TTC5,3536,4289,2757,3327
ENSG00000100814|CCNB1IP1,10673,9763,7125,9305
ENSG00000129566|TEP1,7660,9468,7446,8685
ENSG00000185271|KLHL33,0,5,12,8
ENSG00000092094|OSGEP,7845,7043,5731,6456
ENSG00000100823|APEX1,36982,35295,24763,30084
ENSG00000198805|PNP,17148,16644,14026,17079
ENSG00000182545|RNASE10,12,17,15,23
ENSG00000188655|RNASE9,7,19,0,15
ENSG00000259060,0,0,0,0
ENSG00000173464|RNASE11,0,0,0,0
ENSG00000258436|RNASE12,0,1,0,0
ENSG00000181803|OR6S1,0,0,0,0
ENSG00000258818|RNASE4,127,148,114,162
ENSG00000259171,0,0,0,0
ENSG00000181562|EDDM3A,0,0,0,0
ENSG00000181552|EDDM3B,0,0,0,0
ENSG00000169413|RNASE6,0,0,0,0
ENSG00000129538|RNASE1,0,0,0,0
ENSG00000169385|RNASE2,3,0,0,0
ENSG00000165794|SLC39A2,8,0,20,19
ENSG00000179636|TPPP2,0,0,0,0
ENSG00000206150|RNASE13,0,0,6,0
ENSG00000165799|RNASE7,0,0,0,0
ENSG00000173431|RNASE8,3,0,0,0
ENSG00000165801|ARHGEF40,3137,3193,2354,2551
ENSG00000165804|ZNF219,3036,3032,2097,2593
ENSG00000169327|OR5AU1,2,11,0,6
ENSG00000092201|SUPT16H,28672,36619,28875,34678
ENSG00000214274|ANG,78,67,97,83
ENSG00000166165|CKB,31915,29105,23155,27245
ENSG00000166166|TRMT61A,5746,4830,3524,4229
ENSG00000126214|KLC1,29603,31823,22969,28731
ENSG00000256500,0,203,1203,98
ENSG00000126215|XRCC3,5588,4703,4200,5134
ENSG00000256053|COA8,8156,7862,5221,7114
ENSG00000176165|FOXG1,9977,9979,7792,9093
ENSG00000119699|TGFB3,2125,2241,1623,1914
ENSG00000283071|LBHD2,10,11,8,15
ENSG00000205436|EXOC3L4,120,94,72,50
ENSG00000185215|TNFAIP2,52472,52046,31523,38115
ENSG00000100664|EIF5,53159,61088,42430,54311
ENSG00000165959|CLMN,6937,8832,6356,8205
ENSG00000258986|TMEM179,0,2,2,0
ENSG00000184990|SIVA1,6213,5008,3966,4540
ENSG00000179627|ZBTB42,2490,2388,1699,2113
ENSG00000100697|DICER1,13755,23371,17052,21843
ENSG00000100722|ZC3H14,10942,12864,8879,11335
ENSG00000165521|EML5,27,39,21,43
ENSG00000165533|TTC8,3538,3514,2404,2911
ENSG00000203485|INF2,4808,4524,3815,4471
ENSG00000165410|CFL2,12920,13948,10827,13628
ENSG00000131979|GCH1,1169,1574,1513,1983
ENSG00000126821|SGPP1,616,767,652,901
ENSG00000054654|SYNE2,23430,43379,32579,39365
ENSG00000185559|DLK1,0,0,0,0
ENSG00000187537|POTEG,5,17,6,7
ENSG00000176294|OR4N2,3,0,0,0
ENSG00000186648|CARMIL3,45,22,25,35
ENSG00000129535|NRL,119,111,85,77
ENSG00000100889|PCK2,1414,1209,1098,1329
ENSG00000100897|DCAF11,6213,6108,4326,5138
ENSG00000259371,0,0,0,1
ENSG00000092010|PSME1,6423,6516,4101,5372
ENSG00000100908|EMC9,1757,1593,999,1239
ENSG00000100911|PSME2,7382,6540,5453,6041
ENSG00000092098|RNF31,1116,756,840,665
ENSG00000259529,5537,5663,3790,5041
ENSG00000213928|IRF9,148,127,106,152
ENSG00000100918|REC8,213,129,155,135
ENSG00000196497|IPO4,13080,12846,8647,9225
ENSG00000259522,666,588,550,2392
ENSG00000100926|TM9SF1,4758,4500,3278,3858
ENSG00000254692,0,0,0,0
ENSG00000139908|TSSK4,98,106,75,86
ENSG00000254505|CHMP4A,2388,2313,1560,1897
ENSG00000213920|MDP1,380,317,135,264
ENSG00000255526|NEDD8-MDP1,65,108,49,48
ENSG00000129559|NEDD8,10865,10184,7096,9524
ENSG00000092330|TINF2,2082,2035,1307,1614
ENSG00000092295|TGM1,505,446,282,322
ENSG00000157379|DHRS1,723,634,472,582
ENSG00000196943|NOP9,5236,5746,3772,4347
ENSG00000136305|CIDEB,0,0,0,0
ENSG00000213906|LTB4R2,408,407,351,349
ENSG00000213903|LTB4R,1163,959,910,999
ENSG00000129465|RIPK3,7,9,5,5
ENSG00000100968|NFATC4,2294,1875,1461,1612
ENSG00000100888|CHD8,16013,20319,14925,18348
ENSG00000129472|RAB2B,2013,2350,1757,2115
ENSG00000140090|SLC24A4,0,0,0,10
ENSG00000100567|PSMA3,16085,15658,11386,13991
ENSG00000032219|ARID4A,3634,4069,3397,3971
ENSG00000196860|TOMM20L,18,12,9,20
ENSG00000100575|TIMM9,4165,4047,2587,3337
ENSG00000100578|KIAA0586,3053,3951,2768,3251
ENSG00000100938|GMPR2,4327,4058,3080,3777
ENSG00000184601|C14orf180,0,0,0,0
ENSG00000197616|MYH6,0,0,2,0
ENSG00000100711|ZFYVE21,4956,4901,3798,4577
ENSG00000165782|PIP4P1,4997,4804,3526,4288
ENSG00000140153|WDR20,5313,5750,4259,4828
ENSG00000179364|PACS2,11506,11199,7904,9543
ENSG00000100592|DAAM1,10424,15377,10361,12303
ENSG00000100557|CCDC198,2,0,6,0
ENSG00000171723|GPHN,3777,4303,3002,3738
ENSG00000100433|KCNK10,0,0,0,0
ENSG00000100596|SPTLC2,12201,16187,12067,14964
ENSG00000185100|ADSS1,1167,1199,767,1020
ENSG00000165617|DACT1,138,207,139,178
ENSG00000139974|SLC38A6,874,1011,789,890
ENSG00000165792|METTL17,4579,4148,3145,3844
ENSG00000133937|GSC,36,19,38,25
ENSG00000165506|DNAAF2,8503,9188,6667,8187
ENSG00000185347|TEDC1,3340,2865,1976,2144
ENSG00000255582|OR10G2,7,6,2,8
ENSG00000232070|TMEM253,28,18,0,6
ENSG00000182652|OR4Q3,0,0,0,0
ENSG00000129473|BCL2L2,5095,5154,3725,4668
ENSG00000258643|BCL2L2-PABPN1,4807,1233,2405,2368
ENSG00000165409|TSHR,25305,29232,14247,18786
ENSG00000165417|GTF2A1,9838,14461,10251,12915
ENSG00000140022|STON2,9334,11939,7204,8325
ENSG00000254656|RTL1,0,0,0,0
ENSG00000134001|EIF2S1,22977,23615,18589,22097
ENSG00000100558|PLEK2,1492,1355,1514,1716
ENSG00000156127|BATF,0,0,0,0
ENSG00000119686|FLVCR2,671,753,558,802
ENSG00000119685|TTLL5,7666,8699,6409,7717
ENSG00000133935|ERG28,10461,10269,8298,10064
ENSG00000089916|GPATCH2L,7320,11510,9886,11753
ENSG00000119650|IFT43,4040,3571,2556,2800
ENSG00000100503|NIN,9781,15174,12872,15357
ENSG00000054690|PLEKHH1,5203,6731,4781,5814
ENSG00000100564|PIGH,2601,2176,1652,2119
ENSG00000081181|ARG2,1484,1418,1295,1526
ENSG00000100568|VTI1B,15361,15743,11451,14337
ENSG00000258466,5,5,8,9
ENSG00000072042|RDH11,13746,15205,10885,13514
ENSG00000139988|RDH12,178,146,133,164
ENSG00000151332|MBIP,4833,5278,3808,4547
ENSG00000257520|SFTA3,27,43,23,44
ENSG00000136352|NKX2-1,2257,2163,1595,2091
ENSG00000136327|NKX2-8,236,188,181,160
ENSG00000198807|PAX9,1217,1297,884,1231
ENSG00000172717|FAM71D,10,4,4,11
ENSG00000072415|MPP5,8328,10740,9378,11617
ENSG00000100554|ATP6V1D,7132,7838,5965,7318
ENSG00000100883|SRP54,15207,17508,13522,16180
ENSG00000119638|NEK9,8263,10322,7843,9637
ENSG00000075413|MARK3,21270,22175,16373,20291
ENSG00000205978|NYNRIN,6950,8203,6168,7656
ENSG00000139899|CBLN3,73,92,66,99
ENSG00000100441|KHNYN,17793,17531,12283,15223
ENSG00000092009|CMA1,0,0,0,0
ENSG00000100450|GZMH,0,0,5,0
ENSG00000100453|GZMB,0,3,8,13
ENSG00000100448|CTSG,0,0,0,0
ENSG00000021645|NRXN3,1763,2469,1698,2115
ENSG00000139990|DCAF5,18175,19929,14999,17353
ENSG00000092140|G2E3,3107,4273,2624,3089
ENSG00000092108|SCFD1,6021,6416,4993,6362
ENSG00000140093|SERPINA10,9,12,11,9
ENSG00000170099|SERPINA6,0,0,0,0
ENSG00000197249|SERPINA1,2577,2381,1634,1998
ENSG00000186910|SERPINA11,0,0,0,0
ENSG00000170054|SERPINA9,0,0,0,0
ENSG00000165953|SERPINA12,0,0,0,0
ENSG00000129484|PARP2,10734,10964,9511,10760
ENSG00000133943|DGLUCY,531,464,394,514
ENSG00000129467|ADCY4,22,18,15,31
ENSG00000187097|ENTPD5,3931,4522,3238,4053
ENSG00000227051|C14orf132,35,34,23,21
ENSG00000119715|ESRRB,178,192,127,104
ENSG00000168398|BDKRB2,0,2,0,0
ENSG00000092067|CEBPE,0,0,0,0
ENSG00000092199|HNRNPC,76310,77828,59521,71577
ENSG00000053254|FOXN3,5995,8270,5784,7167
ENSG00000089775|ZBTB25,1837,2214,1933,2383
ENSG00000151327|FAM177A1,7107,7698,6192,7547
ENSG00000250366|TUNAR,0,0,0,0
ENSG00000155465|SLC7A7,83,63,81,92
ENSG00000157227|MMP14,500,490,523,634
ENSG00000140006|WDR89,2731,3318,2365,2918
ENSG00000165929|TC2N,4529,5608,3703,4955
ENSG00000100815|TRIP11,9893,15269,10588,13025
ENSG00000066427|ATXN3,3348,3799,2929,3262
ENSG00000183648|NDUFB1,6353,5446,4105,4746
ENSG00000165934|CPSF2,19311,25374,18744,23153
ENSG00000140092|FBLN5,1657,1873,1308,1564
ENSG00000092203|TOX4,8883,9322,6711,8192
ENSG00000165819|METTL3,6261,6616,4595,5773
ENSG00000165821|SALL2,5167,5594,3961,4784
ENSG00000100483|VCPKMT,1555,1437,1080,1240
ENSG00000100485|SOS2,6598,8984,6091,7794
ENSG00000087299|L2HGDH,4869,5525,4467,5621
ENSG00000125375|DMAC2L,2885,3047,2206,2799
ENSG00000100490|CDKL1,3358,3497,2544,3224
ENSG00000092200|RPGRIP1,82,96,78,92
ENSG00000133983|COX16,8077,7571,5477,6624
ENSG00000258644|SYNJ2BP-COX16,45,38,37,47
ENSG00000213463|SYNJ2BP,16338,21180,15958,19403
ENSG00000139985|ADAM21,219,190,231,258
ENSG00000134007|ADAM20,0,2,0,0
ENSG00000133997|MED6,6843,7030,5017,6112
ENSG00000133985|TTC9,1567,1842,1140,1440
ENSG00000151322|NPAS3,8959,10875,1703,4736
ENSG00000006432|MAP3K9,4966,6418,4767,5918
ENSG00000100934|SEC23A,14505,18435,13762,17411
ENSG00000182400|TRAPPC6B,6021,7557,5899,6819
ENSG00000100941|PNN,26971,29776,24556,28656
ENSG00000100749|VRK1,10422,11742,10086,12017
ENSG00000100532|CGRRF1,1928,2074,1382,1720
ENSG00000119682|AREL1,12838,14974,10653,13416
ENSG00000119616|FCF1,12869,13473,9806,12152
ENSG00000119596|YLPM1,20488,27484,20347,24382
ENSG00000168175|MAPK1IP1L,34881,39613,28927,38086
ENSG00000131981|LGALS3,21986,20623,12497,16517
ENSG00000126787|DLGAP5,20488,24819,13320,15695
ENSG00000178974|FBXO34,5714,6220,4600,5832
ENSG00000126775|ATG14,3922,4429,3471,4331
ENSG00000182521|TBPL2,0,0,2,0
ENSG00000072121|ZFYVE26,6792,8652,6690,8066
ENSG00000182185|RAD51B,580,702,579,730
ENSG00000100906|NFKBIA,22541,22587,17454,21849
ENSG00000168348|INSM2,2,8,6,3
ENSG00000100916|BRMS1L,2923,3708,2787,3575
ENSG00000092020|PPP2R3C,5171,5043,3704,4511
ENSG00000166170|BAG5,17297,19755,14943,18389
ENSG00000022976|ZNF839,2291,2210,1393,1717
ENSG00000100949|RABGGTA,1179,1136,737,952
ENSG00000100796|PPP4R3A,18419,23245,16328,20117
ENSG00000140009|ESR2,266,230,182,176
ENSG00000092036|HAUS4,1872,1702,1378,1732
ENSG00000182218|HHIPL1,182,231,179,183
ENSG00000119673|ACOT2,1193,1183,752,1097
ENSG00000177465|ACOT4,370,398,375,424
ENSG00000139914|FITM1,11,11,4,4
ENSG00000165762|OR4K2,0,0,0,4
ENSG00000165379|LRFN5,68,62,59,59
ENSG00000176299|OR4M1,0,0,0,0
ENSG00000169484|OR4K14,0,0,0,0
ENSG00000255804|OR6J1,0,6,5,0
ENSG00000176253|OR4K13,0,0,0,0
ENSG00000155249|OR4K1,0,0,0,0
ENSG00000169208|OR10G3,0,0,0,0
ENSG00000174373|RALGAPA1,4727,6925,5151,6237
ENSG00000012983|MAP4K5,12647,17639,11906,14810
ENSG00000197102|DYNC1H1,72065,100251,77754,93690
ENSG00000100813|ACIN1,20460,22284,15547,17814
ENSG00000125954|CHURC1-FNTB,19,172,0,0
ENSG00000176153|GPX2,14,19,12,23
ENSG00000139998|RAB15,2884,3084,2879,3389
ENSG00000257365|FNTB,4215,3937,2605,3235
ENSG00000125952|MAX,8189,7813,6296,7817
ENSG00000172590|MRPL52,2382,2219,1724,1918
ENSG00000185650|ZFP36L1,24084,27030,15798,21860
ENSG00000196553|CCDC196,6,13,0,5
ENSG00000177108|ZDHHC22,0,0,4,7
ENSG00000100577|GSTZ1,2762,2602,1970,2331
ENSG00000100580|TMED8,5811,8460,6318,8406
ENSG00000100583|SAMD15,1637,2140,1327,1641
ENSG00000183828|NUDT14,1467,1265,820,1047
ENSG00000185024|BRF1,5065,4909,3722,4335
ENSG00000183092|BEGAIN,126,109,112,99
ENSG00000198133|TMEM229B,18,48,20,63
ENSG00000165807|PPP1R36,16,21,22,16
ENSG00000126822|PLEKHG3,6258,6257,4967,6160
ENSG00000070182|SPTB,354,410,253,281
ENSG00000009830|POMT2,5131,5046,3233,4161
ENSG00000184394|OR4N5,0,0,0,0
ENSG00000142208|AKT1,25405,23568,17712,21607
ENSG00000221977|OR4E2,0,0,0,0
ENSG00000184887|BTBD6,6524,6114,4805,5630
ENSG00000176198|OR11H4,0,0,4,2
ENSG00000198513|ATL1,708,767,504,657
ENSG00000100473|COCH,611,604,683,794
ENSG00000196792|STRN3,3317,4596,3488,3957
ENSG00000092148|HECTD1,16187,23281,15861,19914
ENSG00000072110|ACTN1,47486,48736,33179,40195
ENSG00000100478|AP4S1,881,972,524,707
ENSG00000185070|FLRT2,1705,2251,1646,1918
ENSG00000176473|WDR25,1123,1158,842,962
ENSG00000090060|PAPOLA,42306,53188,40421,49364
ENSG00000133961|NUMB,10661,11594,8754,10538
ENSG00000258289|CHURC1,12402,13625,9969,12419
ENSG00000092208|GEMIN2,3149,3237,2293,2878
ENSG00000205683|DPF3,0,16,9,0
ENSG00000176281|OR4K5,0,0,0,0
ENSG00000257115|OR11H12,1,3,4,1
ENSG00000140043|PTGR2,3987,4356,3018,4138
ENSG00000196832|OR11G2,0,0,0,0
ENSG00000066735|KIF26A,50,40,31,49
ENSG00000100836|PABPN1,14871,17028,11574,14782
ENSG00000027075|PRKCH,2737,2937,1961,2498
ENSG00000276240|OR4E1,0,0,0,3
ENSG00000100445|SDR39U1,1150,1125,793,1044
ENSG00000165553|NGB,9,0,0,3
ENSG00000258453|OR11H2,2,3,3,2
ENSG00000139915|MDGA2,134,147,111,126
ENSG00000169488|OR4K15,0,0,0,0
ENSG00000165795|NDRG2,2261,2334,1571,1910
ENSG00000169397|RNASE3,0,0,0,0
ENSG00000151338|MIPOL1,1305,1769,1174,1458
ENSG00000176438|SYNE3,111,134,130,174
ENSG00000092096|SLC22A17,3269,2919,2357,2792
ENSG00000126803|HSPA2,2075,2270,2287,2586
ENSG00000100565|LRRC74A,0,0,0,0
ENSG00000119608|PROX2,48,67,88,64
ENSG00000197555|SIPA1L1,21332,26318,16638,19378
ENSG00000126804|ZBTB1,5261,6123,5163,6434
ENSG00000100505|TRIM9,148,164,85,158
ENSG00000100884|CPNE6,0,0,0,0
ENSG00000176230|OR4K17,0,0,0,0
ENSG00000139880|CDH24,1921,1843,1579,1993
ENSG00000100644|HIF1A,44783,59480,42205,52496
ENSG00000023608|SNAPC1,2853,2916,2440,3172
ENSG00000139973|SYT16,88,136,94,135
ENSG00000277865|GOLGA6L22,0,4,0,0
ENSG00000214265,5,13,13,17
ENSG00000261739|GOLGA8S,2,0,1,2
ENSG00000153684|GOLGA8F,0,0,1,0
ENSG00000182974|OR4M2B,0,0,0,0
ENSG00000274102|OR4M2,0,0,0,0
ENSG00000279408|OR4N4C,0,0,0,0
ENSG00000174450|GOLGA6L2,0,0,0,0
ENSG00000183629|GOLGA8G,0,0,0,0
ENSG00000275835|TUBGCP5,1640,1838,1299,1651
ENSG00000285472,0,0,0,0
ENSG00000273976|GOLGA6L1,0,1,1,0
ENSG00000277322|GOLGA6L6,0,1,0,0
ENSG00000186297|GABRA5,0,0,0,3
ENSG00000188626|GOLGA8M,1,3,2,2
ENSG00000206190|ATP10A,0,0,0,0
ENSG00000166133|RPUSD2,2927,2656,1808,2145
ENSG00000273749|CYFIP1,13898,15245,11240,13700
ENSG00000261247|GOLGA8T,2,6,5,3
ENSG00000166140|ZFYVE19,3764,3572,2888,3424
ENSG00000198826|ARHGAP11A,8143,10186,6118,7586
ENSG00000104081|BMF,13077,13542,7486,9397
ENSG00000198146|ZNF770,12370,17618,11909,14532
ENSG00000137801|THBS1,10671,15236,16179,20011
ENSG00000021776|AQR,14659,19043,13706,17559
ENSG00000137843|PAK6,2051,2188,1901,2435
ENSG00000159248|GJD2,6,12,10,9
ENSG00000259330|INAFM2,1856,1821,1480,1724
ENSG00000134138|MEIS2,5386,6412,3713,4380
ENSG00000104044|OCA2,12,10,0,16
ENSG00000280709|LINC02203,0,0,0,0
ENSG00000128829|EIF2AK4,13944,16520,11122,13978
ENSG00000166206|GABRB3,3,5,0,4
ENSG00000261649|GOLGA6L7,0,0,0,0
ENSG00000230031|POTEB2,0,0,0,0
ENSG00000134146|DPH6,1719,1791,1142,1563
ENSG00000179938|GOLGA8J,4,4,4,6
ENSG00000166923|GREM1,131,280,84,88
ENSG00000188277|C15orf62,887,883,450,576
ENSG00000166068|SPRED1,5646,7827,5350,6634
ENSG00000159337|PLA2G4D,9,3,27,0
ENSG00000140323|DISP2,322,276,222,272
ENSG00000248905|FMN1,602,913,578,650
ENSG00000171262|FAM98B,14865,17317,12840,15606
ENSG00000128965|CHAC1,2132,1982,1753,2294
ENSG00000150667|FSIP1,220,233,190,238
ENSG00000182256|GABRG3,2,0,0,0
ENSG00000172575|RASGRP1,583,628,575,619
ENSG00000170113|NIPA1,2499,2800,2347,2963
ENSG00000273173|SNURF,48,77,23,58
ENSG00000128917|DLL4,68,92,84,85
ENSG00000166450|PRTG,3066,4197,3202,4077
ENSG00000051180|RAD51,4258,4225,3550,4303
ENSG00000159251|ACTC1,81,68,51,53
ENSG00000258461,62,99,32,53
ENSG00000166734|GOLM2,22237,28769,20545,26459
ENSG00000159433|STARD9,468,571,579,721
ENSG00000140320|BAHD1,6386,6666,5324,6433
ENSG00000185634|SHC4,70,61,74,91
ENSG00000092531|SNAP23,13094,13855,10490,12910
ENSG00000233041|PHGR1,0,0,0,0
ENSG00000140299|BNIP2,17258,20740,15622,19193
ENSG00000138613|APH1B,2264,2561,1978,2741
ENSG00000171877|FRMD5,16055,18598,11283,14027
ENSG00000174442|ZWILCH,15505,18560,15929,20140
ENSG00000151575|TEX9,1626,1428,1360,1649
ENSG00000137878|GCOM1,224,367,232,308
ENSG00000137770|CTDSPL2,13911,19070,15774,19546
ENSG00000233932|CTXN2,63,58,43,22
ENSG00000157456|CCNB2,21247,21403,12546,15286
ENSG00000183706|OR4N4,0,0,0,0
ENSG00000261652|C15orf65,370,354,286,292
ENSG00000232653|GOLGA8N,52,83,60,80
ENSG00000171989|LDHAL6B,18,16,19,24
ENSG00000138604|GLCE,4340,5939,4811,6365
ENSG00000103642|LACTB,1984,2087,1365,1630
ENSG00000166200|COPS2,22374,26298,19465,24548
ENSG00000137834|SMAD6,12342,12232,7562,8012
ENSG00000137776|SLTM,24410,26630,20626,24740
ENSG00000138593|SECISBP2L,6407,10047,7471,9575
ENSG00000103657|HERC1,9966,15662,11694,13959
ENSG00000168907|PLA2G4F,0,22,0,12
ENSG00000137814|HAUS2,7291,7671,6295,7404
ENSG00000174446|SNAPC5,4642,4443,3482,4162
ENSG00000255346|NOX5,439,476,284,338
ENSG00000188779|SKOR1,56,49,35,66
ENSG00000129028|THAP10,1702,1688,1376,1623
ENSG00000103647|CORO2B,159,104,124,158
ENSG00000241839|PLEKHO2,1765,1491,1378,1734
ENSG00000198535|C2CD4A,28,26,15,9
ENSG00000171956|FOXB1,1517,1533,945,1073
ENSG00000128944|KNSTRN,12567,13204,8495,10762
ENSG00000249240,5,3,3,12
ENSG00000188501|LCTL,233,223,231,249
ENSG00000137880|GCHFR,29,13,19,38
ENSG00000074410|CA12,2369,2147,1664,1807
ENSG00000157483|MYO1E,7917,9522,6813,8297
ENSG00000075131|TIPIN,2747,3366,2939,3293
ENSG00000258484|SPESP1,0,15,3,13
ENSG00000214013|GANC,1697,1841,1441,1569
ENSG00000259288|BUB1B-PAK6,0,6,2,4
ENSG00000166128|RAB8B,4212,5485,4747,5545
ENSG00000255529|POLR2M,8386,10999,8296,10596
ENSG00000166233|ARIH1,20141,24110,17489,20954
ENSG00000137841|PLCB2,80,103,70,107
ENSG00000137809|ITGA11,40,23,33,40
ENSG00000074696|HACD3,32072,37672,28723,35756
ENSG00000183324|REC114,0,0,0,0
ENSG00000167139|TBC1D21,0,0,0,0
ENSG00000156642|NPTN,10551,11249,8301,10626
ENSG00000178802|MPI,4475,4164,3015,3704
ENSG00000169018|FEM1B,15617,22003,15749,20225
ENSG00000285942,0,0,0,0
ENSG00000140464|PML,5161,4529,3260,3964
ENSG00000171914|TLN2,8639,10504,8104,9526
ENSG00000167178|ISLR2,49,76,38,41
ENSG00000103599|IQCH,1086,1431,934,1164
ENSG00000180304|OAZ2,24791,23152,18385,22162
ENSG00000166938|DIS3L,5877,6838,5171,6478
ENSG00000187720|THSD4,6575,7330,3586,4363
ENSG00000174444|RPL4,409113,400064,271723,350779
ENSG00000178741|COX5A,9508,9014,5793,7359
ENSG00000169410|PTPN9,1925,2244,1534,2179
ENSG00000140481|CCDC33,31,27,13,23
ENSG00000104140|RHOV,3409,3185,2148,2537
ENSG00000128918|ALDH1A2,481,489,462,620
ENSG00000067141|NEO1,12270,15554,10363,12867
ENSG00000140382|HMG20A,6970,7919,6485,8151
ENSG00000182950|ODF3L1,12,13,16,0
ENSG00000138629|UBL7,3379,3158,2321,2947
ENSG00000140350|ANP32A,50930,54792,37960,45142
ENSG00000140505|CYP1A2,234,288,137,193
ENSG00000140284|SLC27A2,339,390,274,396
ENSG00000140478|GOLGA6D,23,22,28,44
ENSG00000136381|IREB2,8277,12029,9514,11234
ENSG00000189227|C15orf61,1274,964,629,813
ENSG00000138621|PPCDC,444,444,371,471
ENSG00000129009|ISLR,0,2,0,3
ENSG00000138622|HCN4,39,29,17,66
ENSG00000179151|EDC3,7391,7481,5277,6529
ENSG00000137764|MAP2K5,4754,4670,3135,4070
ENSG00000166839|ANKDD1A,501,736,755,856
ENSG00000138623|SEMA7A,175,200,196,203
ENSG00000188089|PLA2G4E,14,7,11,25
ENSG00000167195|GOLGA6C,8,24,18,34
ENSG00000140367|UBE2Q2,2920,3394,2616,3549
ENSG00000136378|ADAMTS7,381,421,294,358
ENSG00000140465|CYP1A1,1014,958,586,586
ENSG00000041357|PSMA4,14765,14084,10558,12858
ENSG00000140459|CYP11A1,0,3,0,0
ENSG00000213578|CPLX3,0,28,0,0
ENSG00000159289|GOLGA6A,11,25,37,35
ENSG00000137868|STRA6,99,106,49,59
ENSG00000140474|ULK3,3501,3254,2237,2885
ENSG00000173546|CSPG4,764,784,832,1005
ENSG00000103966|EHD4,20617,21008,17631,20537
ENSG00000167173|C15orf39,5493,5344,3534,4484
ENSG00000167196|FBXO22,5061,5245,4304,5200
ENSG00000166035|LIPC,163,135,135,107
ENSG00000067221|STOML1,444,474,315,254
ENSG00000081014|AP4E1,3726,5138,3920,4621
ENSG00000104043|ATP8B4,13,0,8,8
ENSG00000166963|MAP1A,2774,3381,2600,3373
ENSG00000129038|LOXL1,5908,5616,3430,4493
ENSG00000103742|IGDCC4,129,136,110,153
ENSG00000278662|GOLGA6L10,144,138,143,140
ENSG00000140297|GCNT3,5631,5687,2408,3731
ENSG00000117906|RCN2,8533,9400,7111,8481
ENSG00000185088|RPS27L,4258,3653,2639,3325
ENSG00000285253,209,93,168,180
ENSG00000104142|VPS18,8536,8562,6010,7488
ENSG00000140506|LMAN1L,0,6,6,6
ENSG00000138587|MNS1,1824,2237,1759,1997
ENSG00000156958|GALK2,3452,3746,2455,3207
ENSG00000080644|CHRNA3,65,50,53,89
ENSG00000188549|CCDC9B,3192,3263,2471,2872
ENSG00000066933|MYO9A,11458,16204,10823,13805
ENSG00000278570|NR2E3,68,75,50,68
ENSG00000092529|CAPN3,108,85,94,105
ENSG00000180979|LRRC57,4992,5343,4142,4947
ENSG00000256061|DNAAF4,1644,1993,1907,2846
ENSG00000178761|FAM219B,938,906,588,787
ENSG00000137824|RMDN3,6664,6347,4781,6013
ENSG00000182774|RPS17,39005,34286,24079,29689
ENSG00000198794|SCAMP5,1261,1236,939,1282
ENSG00000263155|MYZAP,269,401,321,366
ENSG00000169684|CHRNA5,981,1241,1092,1229
ENSG00000140307|GTF2A2,13158,13278,9885,11949
ENSG00000174498|IGDCC3,107,124,97,90
ENSG00000140395|WDR61,3833,3457,2629,3098
ENSG00000166426|CRABP1,1114,1087,807,1007
ENSG00000137831|UACA,16689,25680,19124,23066
ENSG00000140365|COMMD4,3397,2833,2413,2832
ENSG00000183578|TNFAIP8L3,81,101,69,82
ENSG00000140497|SCAMP2,4951,4562,3271,4330
ENSG00000205502|C2CD4B,16,26,12,27
ENSG00000169371|SNUPN,2695,2623,1939,2351
ENSG00000166415|WDR72,397,474,289,376
ENSG00000169752|NRG4,539,616,449,558
ENSG00000166922|SCG5,15,18,11,7
ENSG00000140374|ETFA,7326,7126,5114,6603
ENSG00000169758|TMEM266,431,416,252,360
ENSG00000188467|SLC24A5,5,0,0,6
ENSG00000140386|SCAPER,1281,1550,1115,1488
ENSG00000188266|HYKK,331,329,292,293
ENSG00000104129|DNAJC17,1668,1655,1100,1427
ENSG00000140455|USP3,6519,7067,5189,6304
ENSG00000136379|ABHD17C,871,932,700,883
ENSG00000128881|TTBK2,3872,5578,4448,5538
ENSG00000166557|TMED3,6266,6276,3998,5147
ENSG00000197978|GOLGA6L9,672,655,526,647
ENSG00000103888|CEMIP,469,482,261,354
ENSG00000166073|GPR176,2874,2695,2161,2440
ENSG00000117971|CHRNB4,32,38,39,45
ENSG00000140557|ST8SIA2,12,8,2,6
ENSG00000103569|AQP9,74,127,53,82
ENSG00000140368|PSTPIP1,5,19,19,22
ENSG00000169609|C15orf40,2735,2556,1870,2305
ENSG00000140598|EFL1,2958,3303,2410,2784
ENSG00000196547|MAN2A2,2302,1967,1756,1747
ENSG00000103942|HOMER2,6118,7185,4997,6264
ENSG00000159556|ISL2,188,162,160,112
ENSG00000073417|PDE8A,2001,2291,1649,2041
ENSG00000140398|NEIL1,583,568,380,490
ENSG00000169330|MINAR1,34,37,24,28
ENSG00000140612|SEC11A,10908,10308,7544,10049
ENSG00000181991|MRPS11,2860,2603,2063,2474
ENSG00000166831|RBPMS2,1525,1701,1564,1563
ENSG00000140400|MAN2C1,3568,3161,2229,2627
ENSG00000140391|TSPAN3,15689,16030,11931,15128
ENSG00000166173|LARP6,4477,4714,3367,4141
ENSG00000140553|UNC45A,7072,6126,4659,5413
ENSG00000069667|RORA,8498,13239,9583,11777
ENSG00000140319|SRP14,35917,33029,23333,28731
ENSG00000074603|DPP8,11350,15436,11303,13993
ENSG00000172379|ARNT2,11,10,23,9
ENSG00000255302|EID1,22443,23337,16757,20302
ENSG00000186399|GOLGA8R,23,22,40,18
ENSG00000140326|CDAN1,3207,3409,2700,3185
ENSG00000183496|MEX3B,516,722,480,561
ENSG00000156218|ADAMTSL3,1110,1568,1235,1520
ENSG00000140287|HDC,0,13,0,4
ENSG00000140450|ARRDC4,1499,1682,1093,1568
ENSG00000128928|IVD,8844,8584,7402,8559
ENSG00000103740|ACSBG1,93,145,31,148
ENSG00000197696|NMB,643,535,408,568
ENSG00000128908|INO80,10035,11694,7743,9347
ENSG00000169612|RAMAC,3420,3350,2640,3175
ENSG00000279765,42,35,52,71
ENSG00000183655|KLHL25,959,957,509,682
ENSG00000068305|MEF2A,3480,4608,3424,4384
ENSG00000176463|SLCO3A1,9000,9369,5261,6171
ENSG00000181026|AEN,1755,1768,1499,1786
ENSG00000185787|MORF4L1,21220,22161,16520,20367
ENSG00000173867,443,203,100,141
ENSG00000137845|ADAM10,63003,88822,61917,75671
ENSG00000198901|PRC1,8251,8305,5615,6274
ENSG00000140600|SH3GL3,318,373,289,313
ENSG00000176371|ZSCAN2,932,1013,579,865
ENSG00000259494|MRPL46,1456,1581,1244,1304
ENSG00000154237|LRRK1,618,619,444,518
ENSG00000182253|SYNM,662,793,706,821
ENSG00000173575|CHD2,12554,16042,11714,14660
ENSG00000168904|LRRC28,452,474,287,446
ENSG00000103852|TTC23,1339,1550,949,1355
ENSG00000182175|RGMA,46,15,33,34
ENSG00000140443|IGF1R,2672,3893,2218,2961
ENSG00000140534|TICRR,3210,4330,3533,4090
ENSG00000140577|CRTC3,1910,2058,1450,1869
ENSG00000128923|MINDY2,15068,19712,14717,18253
ENSG00000185551|NR2F2,9630,10994,7084,8675
ENSG00000183571|PGPEP1L,0,0,2,0
ENSG00000185442|FAM174B,1023,784,579,747
ENSG00000103995|CEP152,4116,6177,5168,6238
ENSG00000140563|MCTP2,3,12,6,11
ENSG00000157470|FAM81A,3886,4478,3322,3907
ENSG00000137869|CYP19A1,0,0,0,0
ENSG00000140519|RHCG,248,222,246,271
ENSG00000140538|NTRK3,0,7,0,5
ENSG00000166965|RCCD1,1833,1719,1169,1367
ENSG00000104177|MYEF2,11063,13303,8466,10824
ENSG00000260836,0,0,0,0
ENSG00000284946,2954,3113,1419,2295
ENSG00000140451|PIF1,5149,4170,1906,1984
ENSG00000064726|BTBD1,9725,12061,9013,11337
ENSG00000169375|SIN3A,9479,11169,8458,10089
ENSG00000184254|ALDH1A3,42,51,43,42
ENSG00000103978|TMEM87A,11432,12688,9450,11442
ENSG00000180357|ZNF609,31087,38483,23992,28354
ENSG00000166716|ZNF592,6449,7519,5280,6642
ENSG00000166477|LEO1,7068,8475,6314,7240
ENSG00000138594|TMOD3,18687,24982,18968,23725
ENSG00000168781|PPIP5K1,6197,6445,4022,4768
ENSG00000237289|CKMT1B,3688,3462,2633,3147
ENSG00000242866|STRC,225,155,94,145
ENSG00000284772,0,0,6,7
ENSG00000223572|CKMT1A,2938,2881,2160,2646
ENSG00000167004|PDIA3,125055,136196,91974,114034
ENSG00000128886|ELL3,486,446,426,480
ENSG00000262560,59,74,14,79
ENSG00000140259|MFAP1,10427,11627,9200,10949
ENSG00000138614|INTS14,10369,10075,7101,9545
ENSG00000074621|SLC24A1,3458,5085,3426,4282
ENSG00000174485|DENND4A,4987,6803,5494,7199
ENSG00000103769|RAB11A,25738,28361,20438,25942
ENSG00000249931|GOLGA8K,4,11,7,15
ENSG00000206127|GOLGA8O,46,94,64,52
ENSG00000136425|CIB2,1443,1375,1032,1401
ENSG00000166411|IDH3A,5891,6030,4570,5869
ENSG00000184206|GOLGA6L4,225,170,147,167
ENSG00000092470|WDR76,3726,4481,3443,4386
ENSG00000140416|TPM1,16521,17904,12340,15305
ENSG00000140332|TLE3,14082,14271,9335,11873
ENSG00000067369|TP53BP1,20784,26028,20364,25390
ENSG00000156970|BUB1B,25029,31442,18632,23205
ENSG00000233917|POTEB,0,0,0,0
ENSG00000184508|HDDC3,444,375,253,262
ENSG00000255192|NANOGP8,15,11,10,2
ENSG00000137872|SEMA6D,2581,3163,1598,2070
ENSG00000169032|MAP2K1,10811,11167,9079,10851
ENSG00000128731|HERC2,8626,12809,8882,10498
ENSG00000170776|AKAP13,7813,11235,7897,9377
ENSG00000137822|TUBGCP4,8678,9331,6954,8804
ENSG00000166143|PPP1R14D,22,9,15,17
ENSG00000178718|RPP25,490,490,379,465
ENSG00000184056|VPS33B,503,544,430,586
ENSG00000185823|NPAP1,0,0,0,3
ENSG00000129003|VPS13C,4996,8712,6904,8926
ENSG00000177082|WDR73,4230,4432,2955,3194
ENSG00000169105|CHST14,5250,4988,4466,5557
ENSG00000166664|CHRFAM7A,10,9,8,9
ENSG00000137812|KNL1,10989,19574,13692,17193
ENSG00000173548|SNX33,2258,2288,1738,1992
ENSG00000166762|CATSPER2,880,970,710,742
ENSG00000140262|TCF12,12341,15580,10484,13301
ENSG00000175344|CHRNA7,20,18,12,15
ENSG00000134153|EMC7,9856,8829,6444,8432
ENSG00000182405|PGBD4,1107,1280,818,1043
ENSG00000134152|KATNBL1,3377,4049,3127,3667
ENSG00000128463|EMC4,11436,9690,7233,9173
ENSG00000182117|NOP10,11274,9969,6758,8431
ENSG00000184507|NUTM1,13,11,22,20
ENSG00000176454|LPCAT4,5012,4614,3445,3823
ENSG00000140526|ABHD2,7029,9151,6528,7946
ENSG00000140522|RLBP1,0,0,0,0
ENSG00000140199|SLC12A6,5994,7642,5823,6911
ENSG00000138606|SHF,1198,1218,1048,1121
ENSG00000137860|SLC28A2,75,57,57,72
ENSG00000171766|GATM,263,223,236,324
ENSG00000171763|SPATA5L1,2031,2199,1592,1923
ENSG00000104154|SLC30A4,1616,1938,1549,2323
ENSG00000104164|BLOC1S6,10452,13707,10599,13071
ENSG00000260170,0,0,0,0
ENSG00000137767|SQOR,215,210,139,178
ENSG00000138592|USP8,18425,23556,17342,20970
ENSG00000170236|USP50,176,189,127,138
ENSG00000092439|TRPM7,10938,16063,12995,15895
ENSG00000288645,1,1,1,1
ENSG00000138600|SPPL2A,13865,16597,13146,17474
ENSG00000140525|FANCI,8638,9483,8969,11612
ENSG00000140521|POLG,4464,4714,3574,4268
ENSG00000117899|MESD,5366,5071,4291,5278
ENSG00000140406|TLNRD1,1650,1764,1139,1666
ENSG00000156206|CFAP161,0,0,6,0
ENSG00000156222|SLC28A1,2,0,0,0
ENSG00000114062|UBE3A,15683,19755,13549,16876
ENSG00000136383|ALPK3,32,58,47,65
ENSG00000169857|AVEN,3143,3061,2227,2931
ENSG00000184984|CHRM5,19,33,18,32
ENSG00000166262|FAM227B,855,1059,788,1049
ENSG00000104047|DTWD1,3153,3285,2311,2816
ENSG00000035664|DAPK2,314,367,319,372
ENSG00000166797|CIAO2A,11246,10544,8323,9722
ENSG00000028528|SNX1,21571,23066,18146,21321
ENSG00000157734|SNX22,249,2004,1295,1472
ENSG00000169118|CSNK1G1,12922,17004,12305,15020
ENSG00000166803|PCLAF,6464,6245,5767,6986
ENSG00000103671|TRIP4,5566,5752,4264,5078
ENSG00000259316,62,180,144,147
ENSG00000178115|GOLGA8Q,9,12,12,16
ENSG00000285077|ARHGAP11B,789,801,651,711
ENSG00000284906,80,243,29,79
ENSG00000159459|UBR1,8946,12831,9923,12413
ENSG00000137842|TMEM62,1383,1464,1355,1548
ENSG00000166946|CCNDBP1,4906,4847,3355,4448
ENSG00000104055|TGM5,284,208,280,368
ENSG00000159495|TGM7,19,22,22,17
ENSG00000168806|LCMT2,1120,1368,687,972
ENSG00000166947|EPB42,0,0,0,0
ENSG00000186417|GLDN,27,48,35,13
ENSG00000104093|DMXL2,5980,10883,9011,11048
ENSG00000104112|SCG3,1369,1426,1155,1199
ENSG00000140280|LYSMD2,2487,2402,1690,1992
ENSG00000198838|RYR3,464,464,391,474
ENSG00000168803|ADAL,817,852,554,757
ENSG00000197361|FBXL22,210,149,86,116
ENSG00000033800|PIAS1,11123,13933,10192,12316
ENSG00000138617|PARP16,2936,3011,2444,2966
ENSG00000166887|VPS39,18747,19119,13892,16940
ENSG00000140543|DET1,616,888,585,616
ENSG00000128739|SNRPN,5516,5401,3647,4433
ENSG00000242028|HYPK,15956,14326,10568,11388
ENSG00000157450|RNF111,7325,9255,7269,8625
ENSG00000137821|LRRC49,3099,3633,2660,3066
ENSG00000278522|POTEB3,0,0,0,0
ENSG00000166813|KIF7,2251,2143,1854,2121
ENSG00000166819|PLIN1,19,16,12,26
ENSG00000166821|PEX11A,764,948,515,804
ENSG00000288625,1,1,1,1
ENSG00000243789|JMJD7,1024,821,447,491
ENSG00000168970|JMJD7-PLA2G4B,2979,2637,2288,3213
ENSG00000137877|SPTBN5,707,776,514,637
ENSG00000104131|EIF3J,35925,37307,28565,34486
ENSG00000185880|TRIM69,2611,2546,1674,2118
ENSG00000103855|CD276,15926,15446,11631,14529
ENSG00000128915|ICE2,26767,34496,26548,32862
ENSG00000140527|WDR93,76,84,45,55
ENSG00000166823|MESP1,73,62,25,42
ENSG00000188095|MESP2,19,42,17,13
ENSG00000166825|ANPEP,4152,3979,2238,2916
ENSG00000157823|AP3S2,4353,5157,3636,4372
ENSG00000250021|ARPIN-AP3S2,807,0,0,0
ENSG00000242498|ARPIN,322,335,215,276
ENSG00000182718|ANXA2,426372,426828,277556,335200
ENSG00000136371|MTHFS,1789,1675,1468,1671
ENSG00000259332|ST20-MTHFS,207,174,6,34
ENSG00000180953|ST20,301,230,193,186
ENSG00000086666|ZFAND6,3739,3860,2796,3404
ENSG00000140379|BCL2A1,0,0,0,3
ENSG00000090487|SPG21,17251,17854,13433,16764
ENSG00000103707|MTFMT,3102,3438,2340,2801
ENSG00000186198|SLC51B,39,21,17,38
ENSG00000103710|RASL12,347,429,436,480
ENSG00000090470|PDCD7,8758,8219,6770,7846
ENSG00000166855|CLPX,10329,12052,8230,10810
ENSG00000138615|CILP,85244,89951,50192,63806
ENSG00000254585|MAGEL2,0,0,0,1
ENSG00000182636|NDN,0,0,0,0
ENSG00000137819|PAQR5,1860,2073,1685,2293
ENSG00000137818|RPLP1,250164,213883,148296,188355
ENSG00000137807|KIF23,22572,27863,17120,20892
ENSG00000128833|MYO5C,3479,4281,3339,4321
ENSG00000128989|ARPP19,34969,41975,33694,42155
ENSG00000197535|MYO5A,3889,6165,4680,5668
ENSG00000131871|SELENOS,2681,2608,1746,2256
ENSG00000131876|SNRPA1,5200,5299,4164,4867
ENSG00000234438|KBTBD13,11,2,3,5
ENSG00000131873|CHSY1,3689,4204,3369,4147
ENSG00000184277|TM2D3,2100,1955,1210,1664
ENSG00000185418|TARS3,689,686,518,645
ENSG00000140479|PCSK6,90,68,54,81
ENSG00000069974|RAB27A,1370,1566,1432,1821
ENSG00000225973|PIGBOS1,981,1088,688,709
ENSG00000069943|PIGB,2180,2422,1738,2359
ENSG00000137876|RSL24D1,27450,27968,21118,25952
ENSG00000187446|CHP1,18307,19675,13253,17038
ENSG00000285920,0,653,534,729
ENSG00000104147|OIP5,4246,4460,2657,3718
ENSG00000137804|NUSAP1,32262,33109,20394,23414
ENSG00000137806|NDUFAF1,3271,3166,2121,2517
ENSG00000137815|RTF1,25832,27373,20556,24841
ENSG00000137825|ITPKA,236,202,291,343
ENSG00000062524|LTK,34,38,20,40
ENSG00000103932|RPAP1,12723,12187,9017,10492
ENSG00000092445|TYRO3,2501,2909,2798,3011
ENSG00000169926|KLF13,7504,8179,5105,6367
ENSG00000058335|RASGRF1,16,10,15,12
ENSG00000169918|OTUD7A,12,34,13,14
ENSG00000103811|CTSH,1473,1412,1133,1444
ENSG00000179455|MKRN3,1241,1497,1167,1468
ENSG00000140285|FGF7,7,9,15,1
ENSG00000140264|SERF2,34962,31856,21633,26682
ENSG00000128891|CCDC32,2525,2498,1989,2427
ENSG00000246922|UBAP1L,462,443,301,304
ENSG00000185518|SV2B,0,0,0,0
ENSG00000103994|ZNF106,23083,33791,26041,32596
ENSG00000171016|PYGO1,2007,3201,2715,3555
ENSG00000166710|B2M,28244,27283,25079,30462
ENSG00000069966|GNB5,2944,2931,2857,3223
ENSG00000104064|GABPB1,3080,3276,2275,3001
ENSG00000169783|LINGO1,1234,1091,684,800
ENSG00000128849|CGNL1,1361,1822,1411,1690
ENSG00000166920|C15orf48,37,62,40,34
ENSG00000140511|HAPLN3,4086,3240,1969,2321
ENSG00000140545|MFGE8,10840,9428,7017,8576
ENSG00000157766|ACAN,21,21,29,2
ENSG00000074803|SLC12A1,27,30,48,34
ENSG00000166949|SMAD3,11677,13545,11235,13622
ENSG00000103591|AAGAB,13573,15430,10931,13718
ENSG00000104067|TJP1,12211,17131,12741,15940
ENSG00000140470|ADAMTS17,0,0,0,0
ENSG00000140471|LINS1,923,1101,822,984
ENSG00000183475|ASB7,1896,2495,1765,2141
ENSG00000154227|CERS3,0,0,0,0
ENSG00000182511|FES,11,0,3,9
ENSG00000197299|BLM,2573,3257,3204,3883
ENSG00000140564|FURIN,3251,3442,2100,2429
ENSG00000172183|ISG20,770,673,402,544
ENSG00000166794|PPIB,81075,74889,49601,61925
ENSG00000103723|AP3B2,267,246,203,157
ENSG00000186628|FSD2,36,22,4,0
ENSG00000156232|WHAMM,869,892,708,913
ENSG00000166192|SENP8,1379,1594,948,1190
ENSG00000175318|GRAMD2A,5795,6005,3401,4087
ENSG00000067225|PKM,646437,609910,404931,488674
ENSG00000137817|PARP6,14850,14447,10318,12441
ENSG00000273025,0,0,0,0
ENSG00000140488|CELF6,6,14,0,0
ENSG00000260729,174,127,63,134
ENSG00000179361|ARID3B,1478,1323,1284,1430
ENSG00000273540|AGBL1,0,0,0,0
ENSG00000128872|TMOD2,5638,7680,4749,5579
ENSG00000069956|MAPK6,15811,20434,14940,19112
ENSG00000260007,1075,1513,1398,1547
ENSG00000128973|CLN6,9870,8877,6666,8342
ENSG00000167014|TERB2,0,0,0,1
ENSG00000205363|INSYN1,16,20,16,24
ENSG00000178997|EXD1,39,43,46,40
ENSG00000140157|NIPA2,4612,5343,3673,4437
ENSG00000243708|PLA2G4B,497,296,306,244
ENSG00000260916|CCPG1,6293,10983,8923,12045
ENSG00000137871|ZNF280D,3508,4405,3132,4125
ENSG00000184140|OR4F6,0,0,0,0
ENSG00000182854|OR4F15,0,0,0,0
ENSG00000137875|BCL2L10,0,0,12,9
ENSG00000069869|NEDD4,2653,3952,3544,4241
ENSG00000185115|NSMCE3,834,816,490,570
ENSG00000034053|APBA2,12,11,5,4
ENSG00000140263|SORD,11383,12094,9260,11088
ENSG00000140279|DUOX2,37,14,28,38
ENSG00000140274|DUOXA2,0,0,0,4
ENSG00000137857|DUOX1,143,143,72,149
ENSG00000186073|CDIN1,2384,2488,1797,2285
ENSG00000215186|GOLGA6B,14,15,20,33
ENSG00000175202|HIGD2B,15,0,4,0
ENSG00000140463|BBS4,7884,8386,6374,8105
ENSG00000159322|ADPGK,14678,15285,11416,13738
ENSG00000136404|TM6SF1,24,48,21,43
ENSG00000166503|HDGFL3,2134,2370,2009,2604
ENSG00000169594|BNC1,10,21,34,11
ENSG00000137802|MAPKBP1,5415,5758,4321,5153
ENSG00000169856|ONECUT1,0,0,11,0
ENSG00000104133|SPG11,13317,16603,12273,15510
ENSG00000172345|STARD5,795,795,428,495
ENSG00000188869|TMC3,87,73,53,97
ENSG00000185033|SEMA4B,6645,6136,3862,4877
ENSG00000185043|CIB1,2440,2117,1402,1776
ENSG00000284626,34,15,29,10
ENSG00000213471|TTLL13P,32,24,2,16
ENSG00000261147,57,42,14,56
ENSG00000182768|NGRN,12915,13489,9380,11376
ENSG00000275674,9,13,19,16
ENSG00000103876|FAH,2604,2506,1620,1761
ENSG00000259417|CTXND1,13,13,6,5
ENSG00000128951|DUT,15576,15642,12199,15290
ENSG00000166147|FBN1,7216,10192,7557,8493
ENSG00000174197|MGA,12465,19988,14999,18961
ENSG00000181827|RFX7,8649,13351,10468,13068
ENSG00000198690|FAN1,2060,2570,1755,2095
ENSG00000166912|MTMR10,1768,1888,1540,2043
ENSG00000134160|TRPM1,0,7,5,3
ENSG00000187806|TMEM202,0,9,0,0
ENSG00000213614|HEXA,20418,18798,13661,16962
ENSG00000140548|ZNF710,3037,2960,1978,2390
ENSG00000182054|IDH2,2520,2360,1708,2075
ENSG00000196391|ZNF774,702,769,635,777
ENSG00000140575|IQGAP1,18581,27298,18747,24352
ENSG00000166145|SPINT1,37910,36794,25594,33108
ENSG00000179335|CLK3,4240,4214,3290,3760
ENSG00000129007|CALML4,438,418,414,351
ENSG00000183476|SH2D7,27,26,24,12
ENSG00000140403|DNAJA4,86,95,36,66
ENSG00000261794|GOLGA8H,33,29,38,32
ENSG00000184716|SERINC4,4,2,2,2
ENSG00000167202|TBC1D2B,2241,2329,2034,2503
ENSG00000104059|FAM189A1,0,0,0,0
ENSG00000230778|ANKRD63,21,31,30,26
ENSG00000103653|CSK,8101,7468,4992,6310
ENSG00000183208|GDPGP1,411,520,336,422
ENSG00000137766|UNC13C,17,36,39,71
ENSG00000172349|IL16,83,70,46,70
ENSG00000173517|PEAK1,10621,16142,12214,15725
ENSG00000047346|FAM214A,6264,7860,5649,7045
ENSG00000175265|GOLGA8A,11381,12585,11802,13193
ENSG00000140254|DUOXA1,18,18,5,0
ENSG00000183060|LYSMD4,563,540,400,498
ENSG00000188659|SAXO2,624,685,488,633
ENSG00000177693|OR4F4,0,2,2,0
ENSG00000140265|ZSCAN29,3080,3815,2827,3457
ENSG00000177971|IMP3,3485,3082,2312,2933
ENSG00000157890|MEGF11,400,448,258,413
ENSG00000214575|CPEB1,18,13,10,8
ENSG00000229474|PATL2,69,77,82,109
ENSG00000235711|ANKRD34C,0,0,0,0
ENSG00000215252|GOLGA8B,12608,13868,12615,14578
ENSG00000166069|TMCO5A,0,0,0,0
ENSG00000127585|FBXL16,1100,999,674,858
ENSG00000261732,168,65,84,106
ENSG00000197562|RAB40C,2677,2228,1541,1973
ENSG00000127554|GFER,8530,7721,5636,6684
ENSG00000162076|FLYWCH2,1580,1249,962,1162
ENSG00000103197|TSC2,27209,26100,18350,23381
ENSG00000140986|RPL3L,74,43,48,40
ENSG00000140988|RPS2,810750,736283,513543,623641
ENSG00000257108|NHLRC4,28,41,30,33
ENSG00000161996|WDR90,2620,2295,1693,1953
ENSG00000100726|TELO2,2303,2105,1571,1801
ENSG00000127578|WFIKKN1,39,41,20,16
ENSG00000167930|FAM234A,10080,9322,6486,8186
ENSG00000103126|AXIN1,3515,3425,2463,3018
ENSG00000179580|RNF151,17,0,15,5
ENSG00000008710|PKD1,4827,5134,3900,4992
ENSG00000131653|TRAF7,38543,36331,26439,32399
ENSG00000183751|TBL3,13772,12212,7764,9527
ENSG00000167972|ABCA3,1639,1507,969,1424
ENSG00000167964|RAB26,402,368,310,365
ENSG00000103249|CLCN7,4752,4755,3375,4352
ENSG00000267795|SMIM22,1746,1326,963,1187
ENSG00000184207|PGP,4657,4321,3285,3951
ENSG00000103266|STUB1,11268,10627,7466,8906
ENSG00000172366|MCRIP2,2420,2095,1387,1675
ENSG00000005513|SOX8,14,12,6,0
ENSG00000167967|E4F1,4710,4597,2966,3744
ENSG00000205937|RNPS1,39499,37768,27609,34574
ENSG00000232258|TMEM114,0,0,0,0
ENSG00000131634|TMEM204,17,27,8,10
ENSG00000168096|ANKS3,2844,2610,1832,2199
ENSG00000065057|NTHL1,5324,4501,3218,3930
ENSG00000127580|WDR24,2079,1970,1428,1810
ENSG00000167969|ECI1,10389,9484,7155,8458
ENSG00000059145|UNKL,1487,1865,1472,1796
ENSG00000233024|NPIPA9,460,413,468,413
ENSG00000242173|ARHGDIG,18,21,10,16
ENSG00000187535|IFT140,2760,2506,1635,2025
ENSG00000103326|CAPN15,5678,5322,3760,4445
ENSG00000127561|SYNGR3,2057,1884,1472,2000
ENSG00000167965|MLST8,7173,6811,4525,5632
ENSG00000140632|GLYR1,15552,16003,12150,15047
ENSG00000174109|C16orf91,1146,1063,604,889
ENSG00000167962|ZNF598,25607,24232,17964,22234
ENSG00000140990|NDUFB10,31527,29529,19906,25000
ENSG00000260342,2664,865,1894,2034
ENSG00000168101|NUDT16L1,2861,2596,1659,2212
ENSG00000048462|TNFRSF17,0,9,0,0
ENSG00000089486|CDIP1,2934,2936,2251,2773
ENSG00000214940|NPIPA8,217,134,45,99
ENSG00000103489|XYLT1,0,5,0,0
ENSG00000162104|ADCY9,5002,5701,4468,5202
ENSG00000103381|CPPED1,1672,1871,1235,1619
ENSG00000103199|ZNF500,1973,1678,1261,1461
ENSG00000171490|RSL1D1,23237,24045,18814,22512
ENSG00000158486|DNAH3,106,149,87,90
ENSG00000196678|ERI2,2799,3374,2796,3501
ENSG00000158865|SLC5A11,0,0,6,10
ENSG00000103342|GSPT1,19621,21963,15601,19297
ENSG00000197599|CCDC154,36,18,22,7
ENSG00000182601|HS3ST4,0,0,0,0
ENSG00000183971|NPW,256,196,137,152
ENSG00000140983|RHOT2,7821,6674,4736,5829
ENSG00000167968|DNASE1L2,460,460,379,462
ENSG00000103534|TMC5,91,90,57,101
ENSG00000005339|CREBBP,15211,18910,12543,15435
ENSG00000134419|RPS15A,46952,44083,29575,37995
ENSG00000188215|DCUN1D3,1359,1432,1126,1417
ENSG00000162009|SSTR5,0,0,0,0
ENSG00000076344|RGS11,37,16,10,28
ENSG00000007376|RPUSD1,4238,3371,2452,2866
ENSG00000127588|GNG13,59,50,53,33
ENSG00000168447|SCNN1B,0,0,0,4
ENSG00000161992|PRR35,7,14,17,0
ENSG00000065054|SLC9A3R2,9341,8422,5519,6905
ENSG00000102858|MGRN1,7819,7065,5090,6475
ENSG00000103528|SYT17,125,147,100,117
ENSG00000183426|NPIPA1,547,436,434,414
ENSG00000166828|SCNN1G,11,10,5,17
ENSG00000102897|LYRM1,1871,1940,1414,1706
ENSG00000103375|AQP8,7,9,0,9
ENSG00000155592|ZKSCAN2,1594,1735,1519,1721
ENSG00000122254|HS3ST2,0,0,3,0
ENSG00000170537|TMC7,158,176,151,219
ENSG00000197006|METTL9,4048,4154,3123,3945
ENSG00000179889|PDXDC1,6135,6633,5093,6019
ENSG00000130731|METTL26,3103,2615,2016,2220
ENSG00000140694|PARN,2445,2666,2110,2622
ENSG00000090905|TNRC6A,5919,7329,5144,6169
ENSG00000185716|MOSMO,955,1007,874,1010
ENSG00000167371|PRRT2,166,121,147,182
ENSG00000048471|SNX29,2309,2935,1954,2226
ENSG00000103550|KNOP1,11127,10935,7810,9420
ENSG00000058600|POLR3E,3641,3427,2694,3089
ENSG00000047578|KATNIP,4180,4550,2839,3149
ENSG00000153443|UBALD1,4001,3439,2279,3075
ENSG00000127586|CHTF18,5112,4542,3593,4346
ENSG00000103522|IL21R,0,0,0,0
ENSG00000167971|CASKIN1,697,712,661,774
ENSG00000282034,17069,10700,15882,17295
ENSG00000184471|C1QTNF8,0,0,0,0
ENSG00000170540|ARL6IP1,16620,18644,14077,17876
ENSG00000077238|IL4R,277,276,245,304
ENSG00000281348,0,0,0,0
ENSG00000080603|SRCAP,7946,19015,4928,8060
ENSG00000243716|NPIPB5,1835,1622,1302,1546
ENSG00000197302|ZNF720,1423,2102,1536,1825
ENSG00000278848|TP53TG3F,4,0,3,0
ENSG00000013364|MVP,641,663,364,477
ENSG00000259680|IGHV3OR16-17,0,0,0,0
ENSG00000091651|ORC6,2974,3245,2945,3423
ENSG00000183632|TP53TG3,2,1,0,0
ENSG00000171208|NETO2,4776,5350,4291,5000
ENSG00000275034|TP53TG3E,4,2,2,2
ENSG00000103544|VPS35L,4801,5169,3846,4661
ENSG00000196470|SIAH1,2668,2323,1501,2006
ENSG00000183921|SDR42E2,0,0,0,2
ENSG00000069345|DNAJA2,8412,9153,6800,8223
ENSG00000067365|METTL22,1299,1257,863,964
ENSG00000155330|C16orf87,904,942,848,1053
ENSG00000140798|ABCC12,0,0,0,0
ENSG00000069329|VPS35,12776,14716,11081,13819
ENSG00000261509|TP53TG3B,2,0,0,0
ENSG00000237515|SHISA9,2624,2938,2408,3270
ENSG00000103512|NOMO1,7205,7842,5436,6509
ENSG00000205457|TP53TG3C,3,0,3,2
ENSG00000103319|EEF2K,4795,5412,3524,4474
ENSG00000261130,0,0,0,0
ENSG00000174628|IQCK,1055,1040,592,814
ENSG00000167191|GPRC5B,7867,8325,5059,5921
ENSG00000103485|QPRT,16173,15711,11795,14351
ENSG00000185905|C16orf54,0,0,0,0
ENSG00000102893|PHKB,5009,5951,4221,5223
ENSG00000140795|MYLK3,112,148,75,132
ENSG00000140743|CDR2,742,732,559,649
ENSG00000175267|VWA3A,18,32,13,21
ENSG00000102910|LONP2,6745,8117,5305,6755
ENSG00000157045|NTAN1,607,747,672,845
ENSG00000156968|MPV17L,113,83,70,80
ENSG00000166123|GPT2,5034,5435,3938,4798
ENSG00000174992|ZG16,17,8,6,34
ENSG00000102921|N4BP1,3725,4322,3245,3880
ENSG00000161999|JMJD8,5140,4476,3026,3807
ENSG00000103429|BFAR,3562,3686,2693,3439
ENSG00000224712|NPIPA3,72,29,54,37
ENSG00000129636|ITFG1,4313,4864,3339,4325
ENSG00000102900|NUP93,7777,7884,5796,7137
ENSG00000150394|CDH8,9,19,7,7
ENSG00000205629|LCMT1,2882,2690,1982,2547
ENSG00000171241|SHCBP1,3547,4567,3165,4040
ENSG00000167186|COQ7,1815,2011,1344,1678
ENSG00000169181|GSG1L,0,0,0,0
ENSG00000224578|HNRNPA1P48,13504,12343,9141,11361
ENSG00000234719|NPIPB2,66,33,30,31
ENSG00000122299|ZC3H7A,5868,7589,5596,6932
ENSG00000087245|MMP2,803,874,547,691
ENSG00000159398|CES5A,0,0,0,0
ENSG00000103540|CCP110,3109,4699,3837,4883
ENSG00000038532|CLEC16A,4117,4160,2973,3660
ENSG00000141086|CTRL,39,31,20,17
ENSG00000103449|SALL1,0,0,5,3
ENSG00000261210|CLEC19A,0,0,0,0
ENSG00000102970|CCL17,5,0,0,0
ENSG00000166246|C16orf71,197,175,121,159
ENSG00000125170|DOK4,1465,1318,1140,1393
ENSG00000140859|KIFC3,13889,13755,8182,9636
ENSG00000077235|GTF3C1,16771,18685,13770,16426
ENSG00000007545|CRAMP1,3843,4551,3325,4163
ENSG00000006007|GDE1,11107,11401,7576,9222
ENSG00000090565|RAB11FIP3,1905,2350,1615,2027
ENSG00000169189|NSMCE1,4368,3720,2777,3213
ENSG00000102962|CCL22,18,30,21,20
ENSG00000256812|CAPNS2,0,1,3,0
ENSG00000261884,1260,1069,907,836
ENSG00000102898|NUTF2,21864,20748,15902,18710
ENSG00000124074|ENKD1,3527,3042,2471,2792
ENSG00000135720|DYNC1LI2,27189,33641,25680,30440
ENSG00000168286|THAP11,7265,6185,4377,5684
ENSG00000159753|CARMIL2,2233,1896,1849,2457
ENSG00000103460|TOX3,772,939,588,788
ENSG00000213398|LCAT,324,348,222,287
ENSG00000038358|EDC4,10654,10550,7757,9785
ENSG00000280893,0,0,0,0
ENSG00000141076|UTP4,4788,4482,3355,4441
ENSG00000180209|MYLPF,11,22,19,15
ENSG00000140750|ARHGAP17,1788,1770,1337,1815
ENSG00000087253|LPCAT2,1586,2136,1301,1686
ENSG00000168928|CTRB2,4,7,10,5
ENSG00000249961|TERB1,3,3,0,0
ENSG00000103089|FA2H,64,64,84,64
ENSG00000159792|PSKH1,8704,7792,5483,6611
ENSG00000103044|HAS3,220,197,260,270
ENSG00000263201|DPEP2NB,0,7,0,0
ENSG00000172137|CALB2,13,8,7,18
ENSG00000167261|DPEP2,0,0,2,0
ENSG00000141096|DPEP3,0,0,0,0
ENSG00000102908|NFAT5,4142,7141,5852,7335
ENSG00000177508|IRX3,141,186,68,125
ENSG00000141101|NOB1,5633,5446,3499,4252
ENSG00000118557|PMFBP1,62,52,41,42
ENSG00000197943|PLCG2,780,934,675,803
ENSG00000171724|VAT1L,0,0,0,0
ENSG00000102977|ACD,2813,2640,2037,2695
ENSG00000178573|MAF,0,3,0,3
ENSG00000103047|TANGO6,480,563,374,476
ENSG00000196436|NPIPB15,49,32,28,23
ENSG00000152910|CNTNAP4,0,0,0,0
ENSG00000103196|CRISPLD2,8169,8815,6079,6963
ENSG00000159593|NAE1,12835,13736,10049,12559
ENSG00000159761|C16orf86,130,107,109,110
ENSG00000088682|COQ9,9232,8853,5985,7369
ENSG00000070761|CFAP20,3098,3011,2378,2974
ENSG00000140945|CDH13,0,2,0,0
ENSG00000131153|GINS2,3417,3121,2664,3455
ENSG00000168925|CTRB1,0,2,2,5
ENSG00000135698|MPHOSPH6,1613,1597,1183,1529
ENSG00000135736|CCDC102A,1947,1972,1521,1672
ENSG00000153789|CIBAR2,0,0,0,15
ENSG00000286140|DERPC,2456,3267,1514,1430
ENSG00000176692|FOXC2,2,0,3,0
ENSG00000157322|CLEC18A,14,15,3,6
ENSG00000050820|BCAR1,2433,2200,1638,1968
ENSG00000205078|SYCE1L,196,177,112,114
ENSG00000131149|GSE1,22844,27111,16204,19518
ENSG00000167508|MVD,3147,2490,2231,2609
ENSG00000141098|GFOD2,4957,4925,3847,4739
ENSG00000124067|SLC12A4,2012,2202,1754,2322
ENSG00000103111|MON1B,5952,6611,4690,5708
ENSG00000184939|ZFP90,1678,2099,1489,1919
ENSG00000103175|WFDC1,16,29,14,11
ENSG00000140941|MAP1LC3B,5151,5404,4139,4619
ENSG00000168807|SNTB2,5397,6682,4268,5253
ENSG00000140948|ZCCHC14,4130,5133,4060,4768
ENSG00000158717|RNF166,1570,1403,982,1275
ENSG00000167515|TRAPPC2L,2856,2344,1768,2224
ENSG00000131152,0,0,0,9
ENSG00000157423|HYDIN,352,452,268,362
ENSG00000172840|PDP2,3713,5048,3586,4374
ENSG00000167513|CDT1,2239,2243,2478,3013
ENSG00000135686|KLHL36,3668,4162,3227,3754
ENSG00000168404|MLKL,231,258,269,368
ENSG00000140968|IRF8,199,180,114,167
ENSG00000185669|SNAI3,153,122,111,169
ENSG00000005194|CIAPIN1,8225,7872,5658,6679
ENSG00000154118|JPH3,358,384,252,219
ENSG00000140937|CDH11,0,5,0,4
ENSG00000140950|MEAK7,2162,2293,1565,1913
ENSG00000103091|WDR59,3966,4178,2950,3660
ENSG00000103248|MTHFSD,1482,1526,1164,1485
ENSG00000039523|RIPOR1,9064,8641,7754,8920
ENSG00000103257|SLC7A5,57231,56261,37768,43934
ENSG00000104731|KLHDC4,3554,3528,2505,2904
ENSG00000187741|FANCA,3857,3706,3060,3455
ENSG00000124391|IL17C,0,19,0,16
ENSG00000158805|ZNF276,3575,3277,2420,2896
ENSG00000103264|FBXO31,2410,2059,1699,1859
ENSG00000168589|DYNLRB2,0,0,0,0
ENSG00000102974|CTCF,13128,16145,9781,12101
ENSG00000051523|CYBA,13003,11409,7991,10277
ENSG00000286221,13,13,6,51
ENSG00000159618|ADGRG5,18,11,6,14
ENSG00000141012|GALNS,3328,2785,2080,2595
ENSG00000103335|PIEZO1,3634,3572,3426,4051
ENSG00000168748|CA7,8,13,8,9
ENSG00000131143|COX4I1,46395,41926,29445,36925
ENSG00000086696|HSD17B2,0,0,0,0
ENSG00000006210|CX3CL1,1062,967,671,834
ENSG00000153774|CFDP1,1716,1656,1287,1483
ENSG00000140876|NUDT7,20,4,16,10
ENSG00000174177|CTU2,1957,1786,1121,1427
ENSG00000280789|PAGR1,4450,4220,2857,3324
ENSG00000181019|NQO1,13158,13334,9736,11600
ENSG00000198931|APRT,7303,6028,4004,5007
ENSG00000176678|FOXL1,0,0,0,1
ENSG00000184517|ZFP1,416,478,453,510
ENSG00000140836|ZFHX3,6438,9309,5610,7101
ENSG00000103005|USB1,9955,9980,7667,8792
ENSG00000168411|RFWD3,7461,8582,7375,9290
ENSG00000103035|PSMD7,12336,12476,8682,10686
ENSG00000103495|MAZ,26932,24911,19147,23542
ENSG00000186187|ZNRF1,2847,2758,2104,2581
ENSG00000188038|NRN1L,3,0,0,2
ENSG00000184860|SDR42E1,911,998,834,969
ENSG00000140873|ADAMTS18,251,249,151,158
ENSG00000140718|FTO,3888,4082,2749,3496
ENSG00000176842|IRX5,17,25,13,13
ENSG00000141084|RANBP10,6668,7166,5081,5920
ENSG00000179588|ZFPM1,351,312,197,206
ENSG00000103187|COTL1,12817,12288,9793,11774
ENSG00000102996|MMP15,9555,9002,5109,6163
ENSG00000103121|CMC2,1877,1960,1356,1571
ENSG00000102978|POLR2C,14375,13757,9792,12421
ENSG00000118900|UBN1,12149,12785,9382,11161
ENSG00000167264|DUS2,2036,1908,1334,1395
ENSG00000205022|PABPN1L,0,0,0,0
ENSG00000154102|C16orf74,172,148,127,180
ENSG00000129993|CBFA2T3,18,21,15,10
ENSG00000103241|FOXF1,6,8,3,4
ENSG00000166446|CDYL2,18,13,6,8
ENSG00000102901|CENPT,4622,4031,3738,4118
ENSG00000205220|PSMB10,1791,1646,897,1423
ENSG00000287694,2,0,0,0
ENSG00000131148|EMC8,5678,5493,3797,4667
ENSG00000254852|NPIPA2,61,30,57,40
ENSG00000183793|NPIPA5,218,299,187,290
ENSG00000131650|KREMEN2,378,463,241,325
ENSG00000127564|PKMYT1,2154,1937,1727,2362
ENSG00000162073|PAQR4,1381,1344,1239,1207
ENSG00000262152|LINC00514,133,82,82,74
ENSG00000213937|CLDN9,569,509,240,357
ENSG00000184697|CLDN6,8038,7409,4884,6238
ENSG00000131652|THOC6,1543,1500,965,1183
ENSG00000162069|BICDL2,2112,1803,1242,1390
ENSG00000130182|ZSCAN10,0,0,0,4
ENSG00000085644|ZNF213,3001,2535,1662,2150
ENSG00000168124|OR1F1,5,10,3,7
ENSG00000006194|ZNF263,3920,4127,3082,3842
ENSG00000140993|TIGD7,362,601,342,444
ENSG00000168158|OR2C1,0,0,2,0
ENSG00000285329,0,9,0,0
ENSG00000232196|MTRNR2L4,28,69,70,75
ENSG00000140987|ZSCAN32,2561,2766,1895,2329
ENSG00000103343|ZNF174,1188,1122,897,1105
ENSG00000167981|ZNF597,6,29,10,13
ENSG00000122390|NAA60,5573,5766,3760,4761
ENSG00000215131|C16orf90,0,1,0,2
ENSG00000103351|CLUAP1,1029,1095,662,868
ENSG00000167984|NLRC3,55,75,37,51
ENSG00000188827|SLX4,2851,3182,2187,2409
ENSG00000126602|TRAP1,9800,9968,6823,8679
ENSG00000185739|SRL,100,95,55,85
ENSG00000090447|TFAP4,3873,3863,2717,3268
ENSG00000126603|GLIS2,3067,3162,1771,2329
ENSG00000217930|PAM16,1281,1087,706,963
ENSG00000103426|CORO7-PAM16,134,11,0,0
ENSG00000262246|CORO7,288,334,236,330
ENSG00000168140|VASN,4800,4588,2388,3010
ENSG00000103423|DNAJA3,6031,5915,4421,5280
ENSG00000103415|HMOX2,3789,3697,2632,3188
ENSG00000281991|TMEM265,8,25,7,9
ENSG00000156873|PHKG2,3041,2789,1963,2289
ENSG00000196118|CCDC189,179,125,124,132
ENSG00000102870|ZNF629,8717,9547,6681,8381
ENSG00000175938|ORAI3,1364,1222,775,1112
ENSG00000099377|HSD3B7,454,461,380,475
ENSG00000099365|STX1B,360,381,299,378
ENSG00000103496|STX4,3262,3057,2299,2639
ENSG00000167394|ZNF668,1487,1194,928,1169
ENSG00000167395|ZNF646,3938,4205,3326,3713
ENSG00000151006|PRSS53,103,95,136,163
ENSG00000255439,0,0,0,0
ENSG00000167397|VKORC1,2229,2109,1445,1936
ENSG00000103507|BCKDK,3149,2971,1896,2550
ENSG00000103510|KAT8,3327,3148,1995,2622
ENSG00000052344|PRSS8,8711,7697,4600,5909
ENSG00000178226|PRSS36,52,59,26,41
ENSG00000103490|PYCARD,328,306,259,298
ENSG00000177238|TRIM72,7,0,7,7
ENSG00000103310|ZP2,0,0,0,0
ENSG00000175311|ANKS4B,0,0,2,0
ENSG00000169246|NPIPB3,889,717,584,698
ENSG00000103174|NAGPA,1115,1081,757,813
ENSG00000118894|EEF2KMT,1858,1517,832,1244
ENSG00000102891|MT4,0,0,0,0
ENSG00000125148|MT2A,1176,906,600,834
ENSG00000169715|MT1E,0,0,0,0
ENSG00000205364|MT1M,9,0,0,0
ENSG00000205362|MT1A,0,0,0,0
ENSG00000169688|MT1B,0,0,0,0
ENSG00000198417|MT1F,780,736,422,451
ENSG00000187193|MT1X,1558,1249,729,1147
ENSG00000103316|CRYM,0,5,0,0
ENSG00000140749|IGSF6,5,10,8,4
ENSG00000140740|UQCRC2,7361,7269,5023,6093
ENSG00000188322|SBK1,2742,2886,2051,2741
ENSG00000198156|NPIPB6,70,52,30,36
ENSG00000261832,182,180,99,123
ENSG00000233232|NPIPB7,0,6,2,3
ENSG00000184730|APOBR,16,11,32,20
ENSG00000197272|IL27,13,4,0,0
ENSG00000176476|SGF29,1007,879,560,696
ENSG00000178952|TUFM,26452,25471,17070,21193
ENSG00000177548|RABEP2,1794,1529,1194,1248
ENSG00000177455|CD19,123,106,79,119
ENSG00000176953|NFATC2IP,6662,6747,5878,6640
ENSG00000169682|SPNS1,4880,3972,2654,3420
ENSG00000254206|NPIPB11,678,593,357,496
ENSG00000183336|BOLA2,2302,2135,1205,1530
ENSG00000261740|BOLA2-SMG1P6,2101,1750,1180,1413
ENSG00000181625|SLX1B,797,605,337,480
ENSG00000169203|NPIPB12,1027,824,622,773
ENSG00000197471|SPN,15,12,12,25
ENSG00000149930|TAOK2,5076,5288,4112,4568
ENSG00000149929|HIRIP3,2997,3115,2083,2775
ENSG00000169592|INO80E,8454,7796,5330,6419
ENSG00000149927|DOC2A,1059,1025,840,1046
ENSG00000149926|TLCD3B,91,58,48,70
ENSG00000149923|PPP4C,18087,16059,11175,13733
ENSG00000090238|YPEL3,1918,1642,1186,1554
ENSG00000102886|GDPD3,317,225,125,212
ENSG00000102882|MAPK3,5588,5318,3852,4992
ENSG00000169627|BOLA2B,2884,2631,1697,2076
ENSG00000198064|NPIPB13,324,313,202,271
ENSG00000169217|CD2BP2,9112,8646,6539,8220
ENSG00000169221|TBC1D10B,5556,5167,3725,4805
ENSG00000102879|CORO1A,305,320,213,223
ENSG00000180269|GPR139,0,0,0,0
ENSG00000213658|LAT,148,56,65,49
ENSG00000132207|SLX1A,638,573,317,496
ENSG00000213648|SULT1A4,230,197,122,64
ENSG00000198848|CES1,0,0,0,0
ENSG00000168802|CHTF8,11219,10275,7567,10662
ENSG00000090863|GLG1,17442,19571,13755,17148
ENSG00000260456|C16orf95,60,68,39,46
ENSG00000186260|MRTFB,4648,6634,4472,5580
ENSG00000205609|EIF3CL,50690,51696,36828,46142
ENSG00000284395|PERCC1,0,0,0,5
ENSG00000225614|ZNF469,10,16,5,9
ENSG00000174990|CA5A,0,0,0,0
ENSG00000069764|PLA2G10,9,10,15,14
ENSG00000184110|EIF3C,53270,54242,38915,48919
ENSG00000007541|PIGQ,4112,3313,2470,3039
ENSG00000196296|ATP2A1,298,212,237,295
ENSG00000089280|FUS,49946,48587,39224,45958
ENSG00000205358|MT1H,0,0,0,0
ENSG00000087250|MT3,17,8,7,3
ENSG00000185615|PDIA2,10,0,10,16
ENSG00000079616|KIF22,9117,8716,6137,7654
ENSG00000157106|SMG1,9155,17763,13685,17018
ENSG00000006327|TNFRSF12A,7453,6584,4620,5495
ENSG00000153786|ZDHHC7,10671,10957,7625,9594
ENSG00000103145|HCFC1R1,1248,1093,700,989
ENSG00000085721|RRN3,3826,4853,3651,4525
ENSG00000181938|GINS3,1473,1480,1335,1718
ENSG00000103227|LMF1,644,596,507,561
ENSG00000159387|IRX6,0,0,0,0
ENSG00000067836|ROGDI,2625,2377,1669,2054
ENSG00000155666|KDM8,238,228,169,143
ENSG00000140623|SEPTIN12,14,6,20,15
ENSG00000155719|OTOA,0,1,0,0
ENSG00000169900|PYDC1,0,0,0,0
ENSG00000261052|SULT1A3,242,150,151,127
ENSG00000175643|RMI2,1679,1803,1557,1853
ENSG00000178279|TNP2,0,2,0,0
ENSG00000178257|PRM3,0,0,0,0
ENSG00000122304|PRM2,3,0,3,0
ENSG00000175646|PRM1,0,0,0,0
ENSG00000188897,23,41,34,43
ENSG00000184602|SNN,4156,4356,3206,3822
ENSG00000284512,142,106,148,140
ENSG00000166454|ATMIN,9384,10757,7740,9842
ENSG00000260643,168,130,40,76
ENSG00000140905|GCSH,2686,2789,2178,2445
ENSG00000135697|BCO1,0,0,10,10
ENSG00000090857|PDPR,17428,20986,16639,20397
ENSG00000223496|EXOSC6,4331,4522,3140,4211
ENSG00000157349|DDX19B,3808,3928,2742,3360
ENSG00000260537,12,0,0,0
ENSG00000168872|DDX19A,6241,6461,5118,6171
ENSG00000157350|ST3GAL2,3998,3893,2388,3038
ENSG00000157353|FCSK,970,700,611,591
ENSG00000189091|SF3B3,28051,30945,23017,28263
ENSG00000090861|AARS1,9925,11497,8703,10809
ENSG00000261717,0,4,3,7
ENSG00000166822|TMEM170A,2433,2655,2065,2417
ENSG00000183196|CHST6,1256,1312,903,1050
ENSG00000260092,3,2,0,0
ENSG00000205084|TMEM231,1410,1184,856,967
ENSG00000034713|GABARAPL2,5023,4971,3511,4465
ENSG00000166848|TERF2IP,4435,4534,3482,4226
ENSG00000284484,10,9,0,4
ENSG00000282757|DUXB,0,2,0,3
ENSG00000283755|CPHXL,0,0,0,0
ENSG00000166669|ATF7IP2,1218,1269,945,1121
ENSG00000087258|GNAO1,412,369,204,214
ENSG00000159461|AMFR,8146,8249,5440,7106
ENSG00000087263|OGFOD1,6035,6759,5093,6200
ENSG00000065427|KARS1,30207,31265,22459,27962
ENSG00000261609|GAN,2387,3192,2682,3356
ENSG00000161980|POLR3K,1475,1271,1137,1283
ENSG00000161981|SNRNP25,2362,2024,1778,2077
ENSG00000007384|RHBDF1,1421,1297,990,1144
ENSG00000103152|MPG,1133,1091,817,978
ENSG00000103148|NPRL3,6048,5475,3726,4867
ENSG00000130656|HBZ,3,0,0,0
ENSG00000206177|HBM,0,0,0,0
ENSG00000188536|HBA2,4,0,4,2
ENSG00000206172|HBA1,5,0,3,2
ENSG00000086506|HBQ1,33,6,0,0
ENSG00000182810|DDX28,1900,1752,1210,1681
ENSG00000072736|NFATC3,7382,8966,6343,7355
ENSG00000103067|ESRP2,13350,12996,7432,9379
ENSG00000103066|PLA2G15,1464,1356,1004,1121
ENSG00000103064|SLC7A6,3632,3011,2878,4087
ENSG00000103061|SLC7A6OS,1471,2541,1344,1324
ENSG00000132600|PRMT7,2457,2212,1658,1881
ENSG00000103056|SMPD3,70,54,29,78
ENSG00000230989|HSBP1,9161,8876,6842,8181
ENSG00000103150|MLYCD,880,954,663,674
ENSG00000140961|OSGIN1,615,497,446,452
ENSG00000140943|MBTPS1,20373,21859,15797,19655
ENSG00000103160|HSDL1,2823,3332,2392,2803
ENSG00000154099|DNAAF1,348,249,152,204
ENSG00000140955|ADAD2,0,0,4,0
ENSG00000166558|SLC38A8,14,4,0,0
ENSG00000169896|ITGAM,0,0,0,11
ENSG00000140678|ITGAX,10,0,0,0
ENSG00000156886|ITGAD,0,2,0,0
ENSG00000156885|COX6A2,0,0,0,0
ENSG00000176723|ZNF843,16,35,32,35
ENSG00000140691|ARMC5,840,903,512,630
ENSG00000140682|TGFB1I1,434,382,313,356
ENSG00000140675|SLC5A2,5,6,0,0
ENSG00000140688|RUSF1,7732,6885,4435,5233
ENSG00000169877|AHSP,0,0,0,0
ENSG00000103502|CDIPT,4085,3408,2412,3164
ENSG00000174939|ASPHD1,386,409,299,413
ENSG00000174943|KCTD13,1374,1422,1010,1223
ENSG00000149932|TMEM219,2949,2470,1884,2382
ENSG00000149925|ALDOA,156230,139424,90673,113987
ENSG00000074071|MRPS34,21151,19483,13882,16267
ENSG00000162032|SPSB3,3752,4332,2453,2436
ENSG00000095906|NUBP2,14697,13226,9266,11198
ENSG00000099769|IGFALS,78,74,63,46
ENSG00000063854|HAGH,5914,5591,3474,4435
ENSG00000180185|FAHD1,10752,9872,6742,8347
ENSG00000162040|HS3ST6,28,29,22,37
ENSG00000132613|MTSS2,8388,7924,5132,6219
ENSG00000103043|VAC14,6855,6511,4401,5773
ENSG00000153060|TEKT5,11,4,6,19
ENSG00000103274|NUBP1,2536,2356,1604,1997
ENSG00000166676|TVP23A,51,40,35,41
ENSG00000182108|DEXI,1714,1713,1154,1431
ENSG00000168434|COG7,1992,1839,1288,1591
ENSG00000103365|GGA2,9986,11166,8642,10291
ENSG00000103356|EARS2,4189,4445,2999,3905
ENSG00000103353|UBFD1,11316,12829,9065,11629
ENSG00000004779|NDUFAB1,6518,5838,4071,4797
ENSG00000083093|PALB2,2253,2687,2204,2853
ENSG00000166847|DCTN5,10092,11624,8463,10186
ENSG00000166851|PLK1,14969,13430,6277,7322
ENSG00000206053|JPT2,18560,20021,15163,19093
ENSG00000138834|MAPK8IP3,19135,17594,12784,15070
ENSG00000162063|CCNF,6655,6631,3776,4384
ENSG00000162062|TEDC2,1600,1400,1172,1529
ENSG00000162068|NTN3,49,39,29,28
ENSG00000260272,41,0,0,20
ENSG00000185883|ATP6V0C,13383,12470,8473,11272
ENSG00000259784,0,0,0,0
ENSG00000205923|CEMP1,0,3,0,0
ENSG00000140992|PDPK1,5925,7254,5567,6635
ENSG00000162065|TBC1D24,1524,1808,1309,1727
ENSG00000166783|MARF1,3053,4184,2774,3551
ENSG00000072864|NDE1,1445,1489,781,1004
ENSG00000103260|METRN,1491,1263,696,1012
ENSG00000103254|ANTKMT,1183,1125,702,782
ENSG00000103245|CIAO3,2246,2161,1359,1667
ENSG00000102854|MSLN,3549,3369,2020,2634
ENSG00000162006|MSLNL,106,72,77,78
ENSG00000197912|SPG7,7232,7849,5973,6734
ENSG00000178773|CPNE7,21,15,10,12
ENSG00000015413|DPEP1,0,3,0,0
ENSG00000185324|CDK10,4200,3371,2773,3106
ENSG00000158792|SPATA2L,824,645,392,594
ENSG00000075399|VPS9D1,896,816,537,709
ENSG00000131165|CHMP1A,6611,6215,4386,5228
ENSG00000150281|CTF1,312,308,195,198
ENSG00000155714|PDZD9,0,6,4,0
ENSG00000103194|USP10,16770,19562,14101,17650
ENSG00000064270|ATP2C2,4075,4026,2882,3449
ENSG00000158545|ZC3H18,9520,9358,7159,8523
ENSG00000166455|C16orf46,123,117,78,104
ENSG00000010539|ZNF200,2313,2681,1863,2366
ENSG00000007392|LUC7L,4724,4498,3315,4019
ENSG00000162086|ZNF75A,1255,1281,839,1147
ENSG00000103313|MEFV,11,13,6,14
ENSG00000169180|XPO6,12405,12771,9631,11589
ENSG00000122386|ZNF205,1569,1432,1045,1376
ENSG00000166816|LDHD,0,0,12,0
ENSG00000059122|FLYWCH1,1959,1519,1294,1549
ENSG00000180917|CMTR2,1058,1489,1038,1256
ENSG00000166164|BRD7,9221,9927,7221,9076
ENSG00000149922|TBX6,70,65,86,72
ENSG00000157335|CLEC18C,19,13,0,6
ENSG00000167526|RPL13,74987,64147,43620,55573
ENSG00000140807|NKD1,558,731,504,589
ENSG00000167208|SNX20,0,0,3,0
ENSG00000205336|ADGRG1,50762,49171,26303,33906
ENSG00000182885|ADGRG3,36,32,10,10
ENSG00000159625|DRC7,291,255,241,266
ENSG00000140854|KATNB1,3656,3398,2566,3145
ENSG00000083799|CYLD,1350,1782,1409,1552
ENSG00000166971|AKTIP,2032,2013,1253,1746
ENSG00000204991|SPIRE2,1177,949,718,974
ENSG00000141002|TCF25,7726,6991,4655,5571
ENSG00000258839|MC1R,592,511,446,510
ENSG00000198211,0,0,0,0
ENSG00000141013|GAS8,3446,3397,2590,3007
ENSG00000003249|DBNDD1,2463,2294,1594,2180
ENSG00000155393|HEATR3,2924,3161,2551,3113
ENSG00000070915|SLC12A3,13,0,14,7
ENSG00000051108|HERPUD1,4112,4176,2683,3740
ENSG00000087237|CETP,2,5,0,7
ENSG00000140853|NLRC5,201,240,227,241
ENSG00000140848|CPNE2,1649,1617,1277,1520
ENSG00000172775|PSME3IP1,6889,6800,4419,5467
ENSG00000102931|ARL2BP,2617,2580,1822,4372
ENSG00000102934|PLLP,5673,5783,3316,1910
ENSG00000103051|COG4,7264,7000,4949,5997
ENSG00000157368|IL34,39,30,20,26
ENSG00000125149|C16orf70,4530,4416,3315,4205
ENSG00000237172|B3GNT9,1897,1824,1303,1610
ENSG00000102871|TRADD,1532,1317,907,1102
ENSG00000135722|FBXL8,376,356,247,211
ENSG00000265690,226,197,134,192
ENSG00000140939|NOL3,1417,1187,975,1244
ENSG00000196123|KIAA0895L,1946,1689,1617,1889
ENSG00000179044|EXOC3L1,46,41,45,51
ENSG00000205250|E2F4,17245,15684,11414,13593
ENSG00000102890|ELMO3,882,726,508,512
ENSG00000168701|TMEM208,3889,3499,2296,2828
ENSG00000135723|FHOD1,2650,2443,2124,2680
ENSG00000135740|SLC9A5,206,188,138,200
ENSG00000168676|KCTD19,27,19,29,25
ENSG00000159708|LRRC36,22,20,24,22
ENSG00000159713|TPPP3,267,259,247,336
ENSG00000159714|ZDHHC1,664,579,322,524
ENSG00000176387|HSD11B2,318,316,254,312
ENSG00000159720|ATP6V0D1,9967,8894,6484,7798
ENSG00000159723|AGRP,12,13,5,8
ENSG00000183889,507,514,300,419
ENSG00000260914,11,2,0,0
ENSG00000132612|VPS4A,7434,7624,4765,5981
ENSG00000213380|COG8,5972,5627,3833,5317
ENSG00000258429|PDF,1091,971,836,944
ENSG00000272617,0,0,0,0
ENSG00000260371,17,16,9,14
ENSG00000259900,0,2,0,0
ENSG00000132603|NIP7,7288,7438,5582,6826
ENSG00000157315|TMED6,55,95,34,59
ENSG00000132604|TERF2,3829,3889,2699,3413
ENSG00000103018|CYB5B,8501,9011,6472,8605
ENSG00000176715|ACSF3,2495,2388,1689,2114
ENSG00000129910|CDH15,0,13,10,5
ENSG00000170100|ZNF778,3790,4868,3064,4071
ENSG00000103226|NOMO3,5752,6005,4328,5343
ENSG00000196557|CACNA1H,15,0,0,2
ENSG00000116176|TPSG1,0,0,0,0
ENSG00000197253|TPSB2,0,0,0,0
ENSG00000172236|TPSAB1,0,0,0,0
ENSG00000095917|TPSD1,0,0,0,0
ENSG00000103275|UBE2I,11300,11458,8216,10036
ENSG00000007516|BAIAP3,258,254,226,263
ENSG00000007520|TSR3,4260,3773,2349,3355
ENSG00000133393|CEP20,2611,2558,1822,2321
ENSG00000180035|ZNF48,3152,2929,2265,2900
ENSG00000179965|ZNF771,756,522,384,497
ENSG00000179918|SEPHS2,4568,4806,3291,4512
ENSG00000169957|ZNF768,7626,7003,5049,6361
ENSG00000261459,0,0,0,0
ENSG00000169955|ZNF747,101,97,69,55
ENSG00000169951|ZNF764,972,1021,681,812
ENSG00000197162|ZNF785,61,67,55,89
ENSG00000156853|ZNF689,1262,1291,967,1134
ENSG00000156858|PRR14,1690,1623,1003,1321
ENSG00000156860|FBRS,11552,11081,7754,9325
ENSG00000005844|ITGAL,7,10,0,11
ENSG00000070770|CSNK2A2,8668,9814,6789,8678
ENSG00000103021|CCDC113,2255,2581,1719,1981
ENSG00000103023|PRSS54,5,0,0,0
ENSG00000179958|DCTPP1,2112,2117,1272,1781
ENSG00000214967|NPIPA7,285,231,151,205
ENSG00000103222|ABCC1,10084,11295,7198,8953
ENSG00000102924|CBLN1,7,0,0,6
ENSG00000166152|C16orf78,0,0,0,0
ENSG00000102935|ZNF423,934,1197,341,521
ENSG00000121281|ADCY7,1237,1656,1277,1576
ENSG00000121274|TENT4B,3627,4612,3557,4152
ENSG00000179776|CDH5,30,41,38,55
ENSG00000166546|BEAN1,2182,1866,1576,1939
ENSG00000217555|CKLF,3420,3035,1940,2789
ENSG00000254788|CKLF-CMTM1,111,204,104,135
ENSG00000140932|CMTM2,8,19,14,14
ENSG00000140931|CMTM3,6123,5830,4063,5190
ENSG00000183723|CMTM4,15862,20615,14328,18131
ENSG00000188603|CLN3,2861,2422,1602,2018
ENSG00000166780|BMERB1,313,300,195,247
ENSG00000133392|MYH11,65,63,40,50
ENSG00000176046|NUPR1,62,35,38,61
ENSG00000197165|SULT1A2,37,50,40,43
ENSG00000288656,26,0,9,23
ENSG00000196502|SULT1A1,370,355,290,329
ENSG00000260851,50,17,12,19
ENSG00000166548|TK2,2306,2465,1697,1975
ENSG00000167977|KCTD5,4386,4269,3368,3990
ENSG00000172382|PRSS27,83,75,74,80
ENSG00000167978|SRRM2,63048,73046,55062,66533
ENSG00000103363|ELOB,8593,7730,5164,6638
ENSG00000215148|PRSS41,0,0,0,0
ENSG00000007038|PRSS21,0,0,0,0
ENSG00000005001|PRSS22,176,211,139,167
ENSG00000102981|PARD6A,852,810,454,799
ENSG00000153446|C16orf89,14,17,20,13
ENSG00000140995|DEF8,1731,1699,1187,1406
ENSG00000103168|TAF1C,5218,4560,3256,4002
ENSG00000198373|WWP2,3118,3319,2162,2416
ENSG00000103269|RHBDL1,451,326,259,246
ENSG00000102904|TSNAXIP1,177,175,137,152
ENSG00000011638|TMEM159,349,336,236,308
ENSG00000251692|PTX4,0,0,0,0
ENSG00000162066|AMDHD2,1294,1388,993,1116
ENSG00000167207|NOD2,14,3,12,2
ENSG00000121270|ABCC11,33,32,18,31
ENSG00000099364|FBXL19,8807,8796,6393,7487
ENSG00000099385|BCL7C,5520,5103,3621,4445
ENSG00000103549|RNF40,9441,8976,7142,8099
ENSG00000153066|TXNDC11,2868,3114,2183,2676
ENSG00000198736|MSRB1,4697,4350,3385,4264
ENSG00000153406|NMRAL1,1069,1055,883,944
ENSG00000103253|HAGHL,1424,1198,879,995
ENSG00000089505|CMTM1,183,262,145,213
ENSG00000196408|NOXO1,11,10,14,9
ENSG00000062038|CDH3,24479,24764,15462,19079
ENSG00000039068|CDH1,26178,31506,20503,26154
ENSG00000169347|GP2,0,0,0,0
ENSG00000169344|UMOD,0,0,0,0
ENSG00000169340|PDILT,0,0,0,0
ENSG00000183549|ACSM5,0,0,0,0
ENSG00000183747|ACSM2A,0,0,0,0
ENSG00000008516|MMP25,125,78,74,32
ENSG00000167194|C16orf92,0,0,0,0
ENSG00000103034|NDRG4,2317,2178,1984,2372
ENSG00000103037|SETD6,3208,3158,2330,2898
ENSG00000125107|CNOT1,26048,34065,25925,31584
ENSG00000103042|SLC38A7,3366,3333,2184,2620
ENSG00000125166|GOT2,15161,14844,10411,13085
ENSG00000103154|NECAB2,41,14,41,49
ENSG00000103479|RBL2,4652,6240,4672,5604
ENSG00000103494|RPGRIP1L,1321,1859,1323,1554
ENSG00000258947|TUBB3,3063,2603,2525,3017
ENSG00000065457|ADAT1,6745,7714,5917,7228
ENSG00000070729|CNGB1,465,502,471,424
ENSG00000179583|CIITA,590,481,283,345
ENSG00000159579|RSPRY1,3866,4593,3605,4350
ENSG00000189067|LITAF,7757,7767,6041,7518
ENSG00000183454|GRIN2A,651,875,489,622
ENSG00000213853|EMP2,4733,4721,4066,5164
ENSG00000234186|C16orf82,0,0,0,0
ENSG00000166188|ZNF319,1834,1796,1137,1483
ENSG00000229809|ZNF688,173,147,178,197
ENSG00000166451|CENPN,5779,5930,5023,6368
ENSG00000205423|CNEP1R1,994,1094,663,827
ENSG00000205730|ITPRIPL2,1645,2019,1606,2428
ENSG00000126856|PRDM7,10,0,0,6
ENSG00000153815|CMIP,5002,5747,4140,5214
ENSG00000162039|MEIOB,297,266,105,75
ENSG00000196155|PLEKHG4,434,361,220,226
ENSG00000090581|GNPTG,4414,3795,2880,3513
ENSG00000066813|ACSM2B,0,0,0,0
ENSG00000005187|ACSM3,1495,1619,1060,1293
ENSG00000066654|THUMPD1,3491,4389,2964,3828
ENSG00000005189|REXO5,1061,1129,800,1090
ENSG00000166743|ACSM1,39,48,23,33
ENSG00000183044|ABAT,1501,1649,1026,1144
ENSG00000184857|TMEM186,1389,1311,899,1101
ENSG00000153048|CARHSP1,6879,5790,4322,5267
ENSG00000283516|LITAFD,0,3,0,0
ENSG00000187555|USP7,13811,16361,12268,14571
ENSG00000167522|ANKRD11,30261,34417,22205,26783
ENSG00000288715,0,0,0,0
ENSG00000086504|MRPL28,5832,5315,3777,4460
ENSG00000129925|PGAP6,4267,3943,2985,3760
ENSG00000103202|NME4,12965,11561,7812,9710
ENSG00000242612|DECR2,632,567,338,427
ENSG00000125144|MT1G,0,0,0,0
ENSG00000260734|TLE7,0,0,0,0
ENSG00000261611,92,235,48,59
ENSG00000157429|ZNF19,274,271,173,219
ENSG00000140835|CHST4,144,141,104,162
ENSG00000198650|TAT,37,32,24,35
ENSG00000140832|MARVELD3,2539,2531,2033,2478
ENSG00000040199|PHLPP2,1018,1513,1229,1342
ENSG00000166747|AP1G1,10020,13389,10176,12349
ENSG00000277639,146,93,51,71
ENSG00000103546|SLC6A2,0,0,0,0
ENSG00000166509|CLEC3A,0,0,0,0
ENSG00000186153|WWOX,511,671,526,621
ENSG00000175595|ERCC4,1819,2482,1750,2216
ENSG00000091262|ABCC6,141,127,108,110
ENSG00000118898|PPL,28601,30652,19175,24778
ENSG00000103184|SEC14L5,41,34,22,12
ENSG00000033011|ALG1,2610,2598,1917,2273
ENSG00000162004|CCDC78,204,224,208,198
ENSG00000134398|ERN2,0,0,0,0
ENSG00000166869|CHP2,0,6,0,0
ENSG00000166501|PRKCB,10,3,0,3
ENSG00000006116|CACNG3,0,0,0,0
ENSG00000122257|RBBP6,10242,13061,9574,11538
ENSG00000182831|C16orf72,10926,13371,10216,12895
ENSG00000140650|PMM2,5955,5655,4008,4757
ENSG00000167005|NUDT21,15732,19310,15277,18771
ENSG00000288725,0,0,0,0
ENSG00000125124|BBS2,3313,3696,2859,3310
ENSG00000224470|ATXN1L,6963,8574,5848,7264
ENSG00000182149|IST1,8795,8748,6768,8218
ENSG00000102984|ZNF821,738,686,668,693
ENSG00000102967|DHODH,1790,1779,1192,1429
ENSG00000140830|TXNL4B,3173,3060,2699,3377
ENSG00000257017|HP,9,4,3,14
ENSG00000261701|HPR,0,3,0,0
ENSG00000140829|DHX38,9343,9221,7018,8624
ENSG00000166589|CDH16,0,9,0,0
ENSG00000166592|RRAD,85,55,41,20
ENSG00000166595|CIAO2B,7913,7025,4764,6070
ENSG00000172831|CES2,10542,10911,7886,9236
ENSG00000172828|CES3,548,548,352,422
ENSG00000172824|CES4A,230,231,181,154
ENSG00000067955|CBFB,10560,11920,9992,11906
ENSG00000102878|HSF4,714,542,594,643
ENSG00000099381|SETD1A,7889,8117,5700,7296
ENSG00000103024|NME3,423,256,185,273
ENSG00000285043,110,383,150,304
ENSG00000159648|TEPP,73,30,57,66
ENSG00000185338|SOCS1,347,270,190,295
ENSG00000213918|DNASE1,4271,4512,3211,3825
ENSG00000168488|ATXN2L,18840,18200,13477,16816
ENSG00000197774|EME2,5755,3981,4206,5593
ENSG00000167523|SPATA33,891,1032,801,934
ENSG00000168418|KCNG4,0,6,0,0
ENSG00000103404|USP31,1971,2203,2091,2448
ENSG00000205832|C16orf96,46,77,43,63
ENSG00000277481|PKD1L3,8,8,7,9
ENSG00000182685|BRICD5,325,258,217,306
ENSG00000078328|RBFOX1,4,0,0,0
ENSG00000008517|IL32,74,70,85,66
ENSG00000185947|ZNF267,834,1104,878,971
ENSG00000205456|TP53TG3D,28,19,14,18
ENSG00000196993|NPIPB9,57,50,41,46
ENSG00000103355|PRSS33,0,0,0,0
ENSG00000185864|NPIPB4,774,767,501,634
ENSG00000177200|CHD9,3576,6259,4224,5122
ENSG00000135702|CHST5,50,37,12,45
ENSG00000178188|SH2B1,4373,3878,2832,3223
ENSG00000135709|KIAA0513,661,823,729,840
ENSG00000180096|SEPTIN1,104,68,82,64
ENSG00000174938|SEZ6L2,6936,6393,4722,5663
ENSG00000167377|ZNF23,1665,1711,1350,1520
ENSG00000140839|CLEC18B,16,11,10,7
ENSG00000259803|SLC22A31,12,15,16,7
ENSG00000255524|NPIPB8,59,54,56,53
ENSG00000162078|ZG16B,3,5,4,3
ENSG00000172530|BANP,1544,1480,1033,1268
ENSG00000185164|NOMO2,11810,12016,8599,10144
ENSG00000257950|P2RX5-TAX1BP3,851,680,259,565
ENSG00000141258|SGSM2,4406,4265,3801,4172
ENSG00000185722|ANKFY1,9111,11189,7905,9548
ENSG00000091640|SPAG7,3465,3480,2251,2847
ENSG00000282936,370,386,394,463
ENSG00000074755|ZZEF1,5212,6240,4582,5569
ENSG00000167193|CRK,5875,6522,5024,6125
ENSG00000132359|RAP1GAP2,358,437,351,393
ENSG00000072849|DERL2,4300,4206,3208,3885
ENSG00000167858|TEKT1,0,0,0,0
ENSG00000108523|RNF167,9267,8853,6303,7806
ENSG00000213977|TAX1BP3,5571,5013,3878,4657
ENSG00000129195|PIMREG,4311,4077,2562,2977
ENSG00000196388|INCA1,117,110,81,83
ENSG00000108559|NUP88,9751,10676,7532,9319
ENSG00000272636|DOC2B,115,134,51,65
ENSG00000004660|CAMKK1,1212,1107,710,930
ENSG00000108405|P2RX1,0,0,0,0
ENSG00000187624|C17orf97,305,330,166,182
ENSG00000091622|PITPNM3,2704,2948,1694,1968
ENSG00000083457|ITGAE,1238,1086,758,966
ENSG00000161929|SCIMP,31,23,20,0
ENSG00000129204|USP6,55,57,38,55
ENSG00000256806|C17orf100,407,402,308,355
ENSG00000108515|ENO3,503,450,422,430
ENSG00000083454|P2RX5,215,176,151,206
ENSG00000127774|EMC6,1931,1932,1328,1597
ENSG00000180787|ZFP3,6,9,20,11
ENSG00000108528|SLC25A11,4280,4261,2835,3321
ENSG00000141040|ZNF287,1515,1711,1209,1545
ENSG00000091592|NLRP1,22,27,5,11
ENSG00000108518|PFN1,65745,60796,42764,51715
ENSG00000180626|ZNF594,1113,1490,1022,1288
ENSG00000132517|SLC52A1,16,21,21,20
ENSG00000074370|ATP2A3,543,479,574,692
ENSG00000259024|TVP23C-CDRT4,1495,1657,1199,407
ENSG00000176974|SHMT1,6275,6292,4774,6236
ENSG00000167842|MIS12,1500,1437,1118,1390
ENSG00000129250|KIF1C,18219,19007,14794,17301
ENSG00000181031|RPH3AL,42,33,20,33
ENSG00000108561|C1QBP,18813,18092,12673,15875
ENSG00000141485|SLC13A5,13,0,10,27
ENSG00000171953|ATPAF2,4058,3825,2752,3350
ENSG00000108509|CAMTA2,1938,1817,1233,1590
ENSG00000262304,2,8,9,6
ENSG00000285471,0,0,0,0
ENSG00000005100|DHX33,4976,5847,4790,5594
ENSG00000129235|TXNDC17,4441,4220,2985,3799
ENSG00000198920|KIAA0753,2777,3127,2442,2833
ENSG00000197417|SHPK,2117,2186,1623,2169
ENSG00000251537,249,345,726,164
ENSG00000181350|LRRC75A,732,924,626,571
ENSG00000074356|NCBP3,6248,7313,5709,6807
ENSG00000108474|PIGL,1163,1055,735,964
ENSG00000189152|GRAPL,0,6,4,3
ENSG00000167840|ZNF232,577,618,486,664
ENSG00000029725|RABEP1,5993,7816,6006,7295
ENSG00000142494|SLC47A1,51,32,33,54
ENSG00000109046|WSB1,17389,20096,15818,18605
ENSG00000133027|PEMT,3117,2659,1762,2179
ENSG00000108590|MED31,642,596,510,603
ENSG00000141027|NCOR1,31905,39239,28079,34436
ENSG00000177427|MIEF2,828,790,539,689
ENSG00000124422|USP22,70452,78277,55191,67681
ENSG00000171962|DRC3,1263,1231,762,927
ENSG00000177731|FLII,15606,15641,11183,13600
ENSG00000214946|TBC1D26,38,76,35,25
ENSG00000091542|ALKBH5,21142,21307,16022,19158
ENSG00000184185|KCNJ12,476,491,370,447
ENSG00000109016|DHRS7B,2468,2432,1645,1999
ENSG00000108591|DRG2,5341,4845,3636,4419
ENSG00000214941|ZSWIM7,2364,2296,1588,1916
ENSG00000129221|AIPL1,0,3,0,0
ENSG00000187688|TRPV2,42,26,39,25
ENSG00000177294|FBXO39,0,0,0,0
ENSG00000274180|NATD1,3090,3053,2404,2829
ENSG00000108582|CPD,9725,14671,10971,14445
ENSG00000176658|MYO1D,4282,4749,3299,4157
ENSG00000108578|BLMH,8602,9422,6794,8518
ENSG00000196712|NF1,35624,61559,40982,52497
ENSG00000198783|ZNF830,1536,1530,1083,1510
ENSG00000181374|CCL13,0,0,0,0
ENSG00000126653|NSRP1,6805,6951,5013,6032
ENSG00000167693|NXN,11018,10989,7251,8560
ENSG00000172171|TEFM,2324,2391,1840,2293
ENSG00000178691|SUZ12,8465,11833,9100,11760
ENSG00000274736|CCL23,0,0,0,0
ENSG00000141034|GID4,3525,4149,3258,4006
ENSG00000011295|TTC19,8208,8156,5735,7306
ENSG00000236320|SLFN14,0,0,5,8
ENSG00000154760|SLFN13,2761,3227,2941,3317
ENSG00000108256|NUFIP2,28227,37971,29607,36505
ENSG00000131899|LLGL1,6713,6666,5114,6459
ENSG00000277161|PIGW,1438,1433,1096,1284
ENSG00000277632|CCL3,0,0,0,0
ENSG00000177602|HASPIN,1686,1685,1515,1832
ENSG00000108702|CCL1,0,0,0,0
ENSG00000166582|CENPV,670,593,474,644
ENSG00000006125|AP2B1,22708,25822,17946,22743
ENSG00000132141|CCT6B,216,204,130,158
ENSG00000126861|OMG,65,55,66,95
ENSG00000184060|ADAP2,368,452,427,430
ENSG00000278023|RDM1,117,164,96,120
ENSG00000141314|RHBDL3,6,7,10,18
ENSG00000275954|TBC1D3F,17,22,25,18
ENSG00000273611|ZNHIT3,1414,1226,993,1166
ENSG00000141127|PRPSAP2,6426,6339,4371,5561
ENSG00000274933|TBC1D3I,0,0,0,10
ENSG00000276023|DUSP14,1266,1140,1000,1353
ENSG00000005156|LIG3,5131,5544,3901,4915
ENSG00000277972|CISD3,1234,1152,748,1030
ENSG00000278845|MRPL45,1841,1855,1185,1580
ENSG00000087095|NLK,4091,4693,3808,4735
ENSG00000185158|LRRC37B,792,821,594,713
ENSG00000172156|CCL11,0,0,0,0
ENSG00000275832|ARHGAP23,2848,2715,2160,2583
ENSG00000275152|CCL16,0,0,2,0
ENSG00000108688|CCL7,0,0,0,0
ENSG00000275385|CCL18,0,0,0,0
ENSG00000275718|CCL15,0,0,0,0
ENSG00000141738|GRB7,1426,1179,619,818
ENSG00000275688|CCL15-CCL14,0,0,0,0
ENSG00000278540|ACACA,5533,7249,4623,5775
ENSG00000108733|PEX12,714,736,586,673
ENSG00000171532|NEUROD2,0,5,5,7
ENSG00000006042|TMEM98,2362,2245,1611,2142
ENSG00000278619|MRM1,289,323,227,292
ENSG00000277258|PCGF2,2560,2513,1793,2284
ENSG00000273604|EPOP,1238,1246,1098,1191
ENSG00000108691|CCL2,93,129,67,83
ENSG00000094804|CDC6,4770,5806,5770,6777
ENSG00000108344|PSMD3,16870,15478,11622,13947
ENSG00000161405|IKZF3,270,215,282,408
ENSG00000275302|CCL4,0,0,0,0
ENSG00000161395|PGAP3,1505,1271,848,1111
ENSG00000273559|CWC25,1225,1412,818,1126
ENSG00000275023|MLLT6,6511,6641,4864,5879
ENSG00000205045,14,21,14,25
ENSG00000266302,56,63,32,44
ENSG00000171475|WIPF2,6899,7369,5033,6553
ENSG00000278311|GGNBP2,3077,3522,2448,3008
ENSG00000170315|UBB,52928,47544,35745,43744
ENSG00000277791|PSMB3,5306,4776,3576,4584
ENSG00000108599|AKAP10,5909,6904,5090,6426
ENSG00000276085|CCL3L1,0,0,0,0
ENSG00000276234|TADA2A,1292,1290,938,1198
ENSG00000141316|SPACA3,0,0,0,0
ENSG00000125691|RPL23,69240,63071,44728,55349
ENSG00000131771|PPP1R1B,17,33,16,17
ENSG00000275722|LYZL6,0,0,0,0
ENSG00000274211|SOCS7,2480,3187,2242,2682
ENSG00000214819|CDRT15L2,0,0,0,0
ENSG00000278505|C17orf78,4,0,4,2
ENSG00000183153|GJD3,446,328,283,367
ENSG00000108306|FBXL20,2139,2406,1316,1686
ENSG00000196156|KRTAP4-3,0,0,0,0
ENSG00000276409|CCL14,0,0,0,0
ENSG00000212659|KRTAP9-6,0,0,0,0
ENSG00000141741|MIEN1,2178,1803,1180,1509
ENSG00000204952|FBXO47,0,0,0,0
ENSG00000141756|FKBP10,9974,9356,6566,7988
ENSG00000255104,42,16,42,88
ENSG00000108576|SLC6A4,62,69,57,74
ENSG00000188895|MSL1,9795,11374,8903,10749
ENSG00000131759|RARA,2744,2602,1627,2208
ENSG00000128422|KRT17,4306,3756,2226,2905
ENSG00000181481|RNF135,2839,2578,1917,2300
ENSG00000126353|CCR7,17,11,10,8
ENSG00000177302|TOP3A,6266,6626,5132,6618
ENSG00000175832|ETV4,2035,1998,1124,1352
ENSG00000277363|SRCIN1,499,543,428,576
ENSG00000141744|PNMT,2,6,3,0
ENSG00000274419|TBC1D3D,225,158,99,119
ENSG00000131242|RAB11FIP4,81308,84446,42067,51117
ENSG00000002834|LASP1,33942,35108,25265,30203
ENSG00000007171|NOS2,11,27,12,17
ENSG00000176749|CDK5R1,486,511,459,555
ENSG00000187272|KRTAP9-8,0,0,0,0
ENSG00000178502|KLHL11,1712,1388,1210,2573
ENSG00000212658|KRTAP29-1,0,0,0,0
ENSG00000091536|MYO15A,211,175,203,204
ENSG00000141068|KSR1,8351,9096,5795,6361
ENSG00000276070|CCL4L2,0,0,0,0
ENSG00000167914|GSDMA,0,0,0,0
ENSG00000263874|LINC00672,120,106,85,54
ENSG00000180386|KRTAP9-7,0,0,0,0
ENSG00000172057|ORMDL3,4322,3902,3005,3943
ENSG00000141696|P3H4,3428,3237,2385,2919
ENSG00000131473|ACLY,19279,20946,17189,21394
ENSG00000260287|TBC1D3G,146,117,57,83
ENSG00000240542|KRTAP9-1,0,0,0,0
ENSG00000131746|TNS4,128,116,90,99
ENSG00000171346|KRT15,563,463,244,301
ENSG00000171345|KRT19,23511,22145,11324,14720
ENSG00000172301|COPRS,2854,2593,1926,2421
ENSG00000186566|GPATCH8,11761,13993,9647,12491
ENSG00000008838|MED24,5516,5374,4080,5046
ENSG00000131471|AOC3,341,289,238,270
ENSG00000176994|SMCR8,5560,6840,4846,5947
ENSG00000188522|FAM83G,11174,10955,9189,11460
ENSG00000141698|NT5C3B,5924,5594,4166,5280
ENSG00000278535|DHRS11,518,463,371,431
ENSG00000131482|G6PC1,0,0,0,0
ENSG00000108828|VAT1,12498,11452,7951,9971
ENSG00000131748|STARD3,3265,3011,2121,2550
ENSG00000266202,0,0,0,0
ENSG00000005102|MEOX1,19519,20118,10266,12218
ENSG00000067596|DHX8,15330,16336,11457,14371
ENSG00000173805|HAP1,207,132,203,232
ENSG00000125686|MED1,10191,15175,11750,14256
ENSG00000141753|IGFBP4,26205,24659,18258,20954
ENSG00000108700|CCL8,0,0,0,0
ENSG00000171401|KRT13,31,28,19,22
ENSG00000274226|TBC1D3H,0,0,0,2
ENSG00000108861|DUSP3,7592,7963,6440,7987
ENSG00000182271|TMIGD1,0,0,0,5
ENSG00000126581|BECN1,7326,7814,5389,7121
ENSG00000167941|SOST,6,6,9,14
ENSG00000108379|WNT3,165,143,179,189
ENSG00000173786|CNP,9944,9510,7876,9542
ENSG00000187607|ZNF286A,7946,9746,7183,8764
ENSG00000108830|RND2,1937,1861,1386,1994
ENSG00000175906|ARL4D,10061,10306,4508,5496
ENSG00000176563|CNTD1,115,80,65,82
ENSG00000239704|CDRT4,1425,1459,831,1883
ENSG00000170689|HOXB9,42,35,24,59
ENSG00000197566|ZNF624,991,1477,911,1156
ENSG00000244537|KRTAP4-2,0,0,0,0
ENSG00000260458|KCNJ18,16,18,17,19
ENSG00000108773|KAT2A,7744,6708,5051,6284
ENSG00000182557|SPNS3,0,0,0,0
ENSG00000183688|RFLNB,133,125,99,97
ENSG00000186847|KRT14,18,0,0,9
ENSG00000260325|HSPB9,7,5,5,6
ENSG00000266728,3,0,0,1
ENSG00000267261,0,28,11,0
ENSG00000176390|CRLF3,3244,3679,2490,3377
ENSG00000231256|CFAP97D1,12,0,7,7
ENSG00000239886|KRTAP9-2,0,0,0,0
ENSG00000173801|JUP,34391,33344,21406,27622
ENSG00000184988|TMEM106A,105,107,102,144
ENSG00000264058,68,223,418,222
ENSG00000186832|KRT16,6,6,9,10
ENSG00000126562|WNK4,59,58,66,67
ENSG00000131467|PSME3,21873,23430,16979,21071
ENSG00000229637|PRAC2,20,19,7,7
ENSG00000049283|EPN3,10635,10362,6331,7360
ENSG00000179673|RPRML,17,4,4,4
ENSG00000259753,0,0,0,0
ENSG00000236383|CCDC200,20,20,24,11
ENSG00000158955|WNT9B,0,9,5,7
ENSG00000204815|ODAD4,316,264,254,270
ENSG00000241595|KRTAP9-4,0,0,0,0
ENSG00000168961|LGALS9,1420,1270,940,1170
ENSG00000108848|LUC7L3,28760,29360,23282,27180
ENSG00000132530|XAF1,0,3,0,0
ENSG00000159182|PRAC1,3,0,3,0
ENSG00000108349|CASC3,12084,11949,8969,10698
ENSG00000004897|CDC27,10063,13641,9103,10759
ENSG00000167183|PRR15L,730,541,321,381
ENSG00000198336|MYL4,11,15,8,5
ENSG00000136457|CHAD,61,51,84,53
ENSG00000168259|DNAJC7,10087,11130,8353,9978
ENSG00000108771|DHX58,233,212,198,209
ENSG00000204873|KRTAP9-3,0,0,0,0
ENSG00000176208|ATAD5,3782,5465,5063,6327
ENSG00000126368|NR1D1,1492,1185,810,1049
ENSG00000108651|UTP6,6387,6877,5342,6461
ENSG00000173812|EIF1,38956,35051,24789,32229
ENSG00000176927|EFCAB5,70,72,64,70
ENSG00000131480|AOC2,424,380,343,373
ENSG00000263715|LINC02210-CRHR1,0,0,0,0
ENSG00000182742|HOXB4,890,904,633,790
ENSG00000173991|TCAP,64,75,43,34
ENSG00000154945|ANKRD40,12980,13693,10428,12401
ENSG00000108557|RAI1,20145,21580,12845,16329
ENSG00000267221|C17orf113,328,322,159,320
ENSG00000108465|CDK5RAP3,8959,8270,6461,7814
ENSG00000108798|ABI3,7,0,3,0
ENSG00000225190|PLEKHM1,1010,1076,775,934
ENSG00000173714|WFIKKN2,0,6,0,0
ENSG00000108960|MMD,6819,8066,4290,5325
ENSG00000159202|UBE2Z,15062,16607,11922,14646
ENSG00000198083|KRTAP9-9,0,0,0,0
ENSG00000141367|CLTC,77793,105613,77916,97536
ENSG00000189120|SP6,38,69,33,77
ENSG00000136449|MYCBPAP,27,23,15,25
ENSG00000167182|SP2,3075,3460,2316,3120
ENSG00000178852|EFCAB13,570,752,563,711
ENSG00000188554|NBR1,8823,10591,7618,9320
ENSG00000161649|CD300LG,0,0,0,0
ENSG00000161594|KLHL10,4,11,16,7
ENSG00000012048|BRCA1,4290,6117,5425,6526
ENSG00000183978|COA3,3009,2717,1810,2199
ENSG00000167083|GNGT2,0,3,0,3
ENSG00000005243|COPZ2,95,53,61,68
ENSG00000008294|SPAG9,6262,8550,6195,7810
ENSG00000171403|KRT9,0,18,0,0
ENSG00000108846|ABCC3,403,378,264,348
ENSG00000183691|NOG,3752,3380,1366,1654
ENSG00000108588|CCDC47,27550,31429,21895,27983
ENSG00000005884|ITGA3,9893,9954,6473,7943
ENSG00000073584|SMARCE1,10197,11181,7654,9426
ENSG00000120068|HOXB8,0,0,8,0
ENSG00000184502|GAST,0,0,0,0
ENSG00000011260|UTP18,4788,5098,3243,4219
ENSG00000261873|SMIM36,17,10,0,3
ENSG00000198231|DDX42,32138,37015,27496,33305
ENSG00000108433|GOSR2,6965,7365,5522,7324
ENSG00000005379|TSPOAP1,273,299,257,335
ENSG00000108423|TUBD1,1953,1823,1469,1667
ENSG00000141200|KIF2B,0,0,0,0
ENSG00000108443|RPS6KB1,8439,10488,7836,9806
ENSG00000108406|DHX40,16100,19709,13704,17527
ENSG00000154975|CA10,0,0,0,0
ENSG00000075429|CACNG5,39,43,37,25
ENSG00000011052|NME1-NME2,16929,11517,8715,11410
ENSG00000189050|RNFT1,1795,1850,1565,1898
ENSG00000121068|TBX2,362,422,325,398
ENSG00000108984|MAP2K6,4869,6774,4496,5246
ENSG00000154217|PITPNC1,1918,1935,1003,1187
ENSG00000154229|PRKCA,6401,8464,6941,8642
ENSG00000168256|NKIRAS2,7078,6673,4860,6082
ENSG00000006282|SPATA20,2917,2757,1888,2586
ENSG00000141540|TTYH2,1323,1078,1036,1139
ENSG00000133195|SLC39A11,3084,3108,1909,2575
ENSG00000141198|TOM1L1,5441,6401,4771,5590
ENSG00000064300|NGFR,226,222,325,383
ENSG00000133193|FAM104A,6589,7111,5492,6462
ENSG00000266826|IGBP1P2,4,7,0,2
ENSG00000141232|TOB1,10644,11786,8049,10190
ENSG00000170921|TANC2,9012,12610,9386,11424
ENSG00000186074|CD300LF,0,0,0,0
ENSG00000187959|CPSF4L,0,6,0,5
ENSG00000176160|HSF5,6,5,0,0
ENSG00000125695,0,0,0,0
ENSG00000204347|BTBD17,4,8,12,0
ENSG00000166685|COG1,7360,6910,4907,6678
ENSG00000108370|RGS9,2632,2993,2165,2667
ENSG00000196169|KIF19,0,13,0,0
ENSG00000075461|CACNG4,24868,25387,14197,17215
ENSG00000159210|SNF8,9721,8768,6244,7174
ENSG00000091583|APOH,0,0,0,0
ENSG00000069188|SDK2,13,25,13,19
ENSG00000179604|CDC42EP4,4657,4437,2817,3567
ENSG00000171595|DNAI2,0,0,0,0
ENSG00000257008|GPR142,0,0,0,0
ENSG00000141338|ABCA8,24,23,23,27
ENSG00000285897,64,38,29,16
ENSG00000108878|CACNG1,9,8,0,13
ENSG00000109062|SLC9A3R1,10581,9661,6578,7920
ENSG00000197170|PSMD12,21271,23062,17727,22248
ENSG00000109065|NAT9,4887,3980,3311,3611
ENSG00000260027|HOXB7,1362,1193,879,1148
ENSG00000161509|GRIN2C,219,201,126,166
ENSG00000262633,1,0,0,1
ENSG00000180901|KCTD2,8206,8318,6173,7633
ENSG00000167419|LPO,17,3,0,10
ENSG00000198265|HELZ,11463,16802,12598,15745
ENSG00000172809|RPL38,60146,52305,37595,47244
ENSG00000167291|TBC1D16,10544,12151,8934,10100
ENSG00000166260|COX11,6978,7299,5173,6658
ENSG00000108468|CBX1,24125,25365,18620,22695
ENSG00000108510|MED13,14590,23812,17264,21737
ENSG00000082641|NFE2L1,28075,30255,21291,25622
ENSG00000108671|PSMD11,17688,18417,13563,16954
ENSG00000136444|RSAD1,3530,3284,1850,1957
ENSG00000108511|HOXB6,6,14,7,17
ENSG00000180616|SSTR2,383,414,382,427
ENSG00000120094|HOXB1,0,0,0,0
ENSG00000141378|PTRH2,7223,6897,5557,6333
ENSG00000173818|ENDOV,2103,1771,1363,1601
ENSG00000109066|TMEM104,5260,5235,3366,4200
ENSG00000108924|HLF,310,322,245,280
ENSG00000034152|MAP2K3,10697,10080,6270,7759
ENSG00000154258|ABCA9,19,10,0,3
ENSG00000170836|PPM1D,4040,4574,3529,4164
ENSG00000169750|RAC3,3510,3206,2667,3107
ENSG00000141293|SKAP1,33,42,12,38
ENSG00000006283|CACNA1G,159,139,99,149
ENSG00000175175|PPM1E,225,267,169,254
ENSG00000131747|TOP2A,37385,46490,29522,34902
ENSG00000187595|ZNF385C,167,145,137,224
ENSG00000167434|CA4,0,0,0,19
ENSG00000168646|AXIN2,2533,2851,1961,2123
ENSG00000171246|NPTX1,25,21,23,36
ENSG00000035862|TIMP2,21845,23619,21469,24853
ENSG00000141564|RPTOR,6744,7234,4616,5856
ENSG00000172794|RAB37,33,23,12,13
ENSG00000171298|GAA,9136,7757,5341,6946
ENSG00000181523|SGSH,2017,1803,1207,1725
ENSG00000185862|EVI2B,14,28,17,9
ENSG00000108384|RAD51C,3461,3623,2849,3507
ENSG00000154262|ABCA6,0,16,2,8
ENSG00000092931|MFSD11,7727,8003,4923,6602
ENSG00000178404|CEP295NL,24,36,43,33
ENSG00000159199|ATP5MC1,5833,4933,3558,4088
ENSG00000121075|TBX4,7,23,8,6
ENSG00000187775|DNAH17,1009,993,790,866
ENSG00000120063|GNA13,11516,15509,11444,14142
ENSG00000169696|ASPSCR1,3787,3229,2464,2986
ENSG00000141527|CARD14,159,123,88,124
ENSG00000186407|CD300E,0,0,0,0
ENSG00000266173|STRADA,3043,2965,2162,2859
ENSG00000141570|CBX8,2633,2567,1881,2396
ENSG00000169738|DCXR,6036,5162,3743,4842
ENSG00000173918|C1QTNF1,450,381,342,359
ENSG00000159217|IGF2BP1,715,887,630,735
ENSG00000005381|MPO,0,0,0,0
ENSG00000062716|VMP1,24019,24548,17602,24441
ENSG00000068097|HEATR6,4895,5730,3998,5025
ENSG00000141519|CCDC40,480,575,380,473
ENSG00000266076,0,0,0,2
ENSG00000108592|FTSJ3,33681,33352,25655,30393
ENSG00000171302|CANT1,15082,15226,10950,13311
ENSG00000011258|MBTD1,4811,6387,4578,5666
ENSG00000170832|USP32,12543,16504,11648,14946
ENSG00000141582|CBX4,5988,5956,4354,5592
ENSG00000062725|APPBP2,7451,9533,6949,8837
ENSG00000265118,0,5,0,5
ENSG00000136487|GH2,0,0,0,0
ENSG00000154240|CEP112,442,589,447,452
ENSG00000267318,0,0,8,0
ENSG00000141371|C17orf64,4,5,0,8
ENSG00000136488|CSH1,0,0,0,0
ENSG00000141568|FOXK2,23788,25526,19589,23749
ENSG00000169683|LRRC45,4230,3967,2897,3553
ENSG00000154265|ABCA5,1097,1318,998,1361
ENSG00000055483|USP36,9811,10057,7535,9502
ENSG00000166263|STXBP4,1907,2623,1909,2351
ENSG00000169689|CENPX,6057,5033,4041,5073
ENSG00000173894|CBX2,8838,9609,7838,8530
ENSG00000182156|ENPP7,0,0,0,0
ENSG00000181045|SLC26A11,1676,1678,1263,1432
ENSG00000141543|EIF4A3,12820,11722,8754,10933
ENSG00000087157|PGS1,8804,8497,5849,7165
ENSG00000173838|MARCHF10,93,67,63,90
ENSG00000173821|RNF213,9254,13611,10289,12049
ENSG00000141179|PCTP,9124,8958,6269,7459
ENSG00000108679|LGALS3BP,91265,82142,55385,71841
ENSG00000108669|CYTH1,9846,10737,7879,9502
ENSG00000087191|PSMC5,39897,37932,26153,32129
ENSG00000141298|SSH2,5014,7083,5225,6405
ENSG00000108604|SMARCD2,19566,18162,11952,15502
ENSG00000166292|TMEM100,5633,6048,2567,3332
ENSG00000213246|SUPT4H1,13477,12546,9288,11227
ENSG00000159224|GIP,0,0,0,0
ENSG00000180340|FZD2,3398,3263,2074,2617
ENSG00000266967|AARSD1,2581,2404,714,1527
ENSG00000108825|PTGES3L-AARSD1,92,280,1153,633
ENSG00000198863|RUNDC1,3342,3073,2031,2749
ENSG00000130935|NOL11,16394,18373,13761,16385
ENSG00000171634|BPTF,29064,41338,31298,37391
ENSG00000108932|SLC16A6,143,148,149,157
ENSG00000070540|WIPI1,1493,1631,1067,1241
ENSG00000072210|ALDH3A2,14584,16173,11381,14009
ENSG00000108602|ALDH3A1,166,146,123,220
ENSG00000083290|ULK2,1105,1234,1072,1287
ENSG00000166329|CCDC182,0,6,0,3
ENSG00000181610|MRPS23,14979,15130,10865,13182
ENSG00000214860|EVPLL,8,0,0,11
ENSG00000171916|LGALS9C,0,0,0,0
ENSG00000189375|TBC1D28,3,11,2,8
ENSG00000171931|FBXW10,103,109,111,88
ENSG00000171928|TVP23B,4961,5563,4156,5090
ENSG00000239697|TNFSF12,157,110,124,120
ENSG00000248871|TNFSF12-TNFSF13,1,1,12,0
ENSG00000161956|SENP3,5471,4243,3053,7924
ENSG00000277957|SENP3-EIF4A1,14745,18535,14213,1408
ENSG00000129226|CD68,36,20,37,23
ENSG00000129255|MPDU1,3650,3460,2576,3255
ENSG00000129194|SOX15,109,126,91,141
ENSG00000129245|FXR2,6625,6503,4948,5891
ENSG00000129214|SHBG,44,42,35,39
ENSG00000141504|SAT2,1614,1335,917,1112
ENSG00000129244|ATP1B2,297,213,274,357
ENSG00000108947|EFNB3,3012,3106,2523,3053
ENSG00000183914|DNAH2,42,37,49,34
ENSG00000262628|OR1D5,0,0,0,0
ENSG00000109084|TMEM97,7725,7710,6614,8180
ENSG00000109079|TNFAIP1,11306,11901,9398,11355
ENSG00000004142|POLDIP2,23826,22255,16030,20035
ENSG00000244045|TMEM199,4656,4801,3429,4420
ENSG00000274529|SEBOX,0,7,0,0
ENSG00000273171,5,0,0,7
ENSG00000109072|VTN,5,13,0,0
ENSG00000197879|MYO1C,20241,21132,15407,19441
ENSG00000132376|INPP5K,2513,2309,1605,1904
ENSG00000174238|PITPNA,12104,12649,8165,10377
ENSG00000074660|SCARF1,16,16,8,16
ENSG00000167705|RILP,35,33,31,32
ENSG00000174231|PRPF8,20550,23242,17270,21297
ENSG00000185561|TLCD2,426,473,372,521
ENSG00000167711|SERPINF2,5,0,0,0
ENSG00000132386|SERPINF1,59,60,49,71
ENSG00000186532|SMYD4,1734,1981,1756,2204
ENSG00000132383|RPA1,14642,16135,11787,15669
ENSG00000125398|SOX9,2417,2894,2209,2926
ENSG00000185294|SPPL2C,0,0,0,0
ENSG00000256762|STH,0,0,0,0
ENSG00000121067|SPOP,8469,8846,6730,8451
ENSG00000121073|SLC35B1,7428,7183,4733,6016
ENSG00000121104|FAM117A,7431,7577,6537,7599
ENSG00000136504|KAT7,7919,8444,6163,7830
ENSG00000176358|TAC4,5,4,0,0
ENSG00000108813|DLX4,3579,3685,2893,3751
ENSG00000064195|DLX3,2132,2203,1851,2343
ENSG00000141577|CEP131,2946,2840,2000,2676
ENSG00000224877|NDUFAF8,3680,2909,2097,2595
ENSG00000157637|SLC38A10,9149,8968,6153,7363
ENSG00000185504|FAAP100,3589,3534,2665,2962
ENSG00000240505|TNFRSF13B,0,0,0,0
ENSG00000179598|PLD6,1777,1662,1175,1456
ENSG00000264187,25,31,7,6
ENSG00000154803|FLCN,5877,5821,4322,5328
ENSG00000141030|COPS3,27071,27455,21453,26286
ENSG00000205309|NT5M,513,428,251,302
ENSG00000141026|MED9,5097,5093,3508,4651
ENSG00000108551|RASD1,312,330,263,374
ENSG00000259207|ITGB3,649,689,660,784
ENSG00000131469|RPL27,52915,47398,33564,41283
ENSG00000277399|GPR179,28,26,28,35
ENSG00000167280|ENGASE,2088,1818,1518,1631
ENSG00000268320|SCGB1C2,0,0,0,0
ENSG00000141499|WRAP53,2413,2392,1551,1887
ENSG00000167080|B4GALNT2,15,39,12,36
ENSG00000181291|TMEM132E,0,0,0,0
ENSG00000068079|IFI35,432,356,279,388
ENSG00000221926|TRIM16,9625,8835,5488,7310
ENSG00000178307|TMEM11,4658,4421,3673,4263
ENSG00000120088|CRHR1,139,106,98,100
ENSG00000108774|RAB5C,13385,12929,9045,11207
ENSG00000040531|CTNS,2022,2008,1257,1734
ENSG00000159184|HOXB13,1498,1638,982,1162
ENSG00000241322|CDRT1,433,519,309,463
ENSG00000171360|KRT38,28,50,31,38
ENSG00000182575|NXPH3,107,69,103,108
ENSG00000167258|CDK12,8941,13096,9962,11783
ENSG00000108439|PNPO,4457,4424,3060,3756
ENSG00000167740|CYB5D2,2138,1997,1396,1620
ENSG00000167723|TRPV3,0,0,0,0
ENSG00000167703|SLC43A2,382,318,249,305
ENSG00000108342|CSF3,0,3,0,3
ENSG00000126351|THRA,2088,2272,1696,2131
ENSG00000133030|MPRIP,59221,71329,50121,59735
ENSG00000141510|TP53,13823,12921,11088,14145
ENSG00000161960|EIF4A1,73321,66713,44854,66313
ENSG00000187838|PLSCR3,1736,1542,1014,1398
ENSG00000262481|TMEM256-PLSCR3,5,27,13,12
ENSG00000205544|TMEM256,399,326,231,321
ENSG00000169992|NLGN2,4133,4349,3683,4166
ENSG00000181323|SPEM1,4,5,10,3
ENSG00000184560|SPEM2,10,10,8,15
ENSG00000283439|SPEM3,7,15,5,6
ENSG00000286007,0,0,0,0
ENSG00000181284|TMEM102,626,550,364,457
ENSG00000161958|FGF11,166,38,165,128
ENSG00000170175|CHRNB1,456,439,303,370
ENSG00000259224|SLC35G6,10,12,11,13
ENSG00000167874|TMEM88,66,45,31,32
ENSG00000182224|CYB5D1,2251,2202,1781,2224
ENSG00000262730,0,0,0,0
ENSG00000170043|TRAPPC1,8725,8046,5342,7045
ENSG00000170037|CNTROB,4929,4611,3373,3924
ENSG00000132518|GUCY2D,11,15,9,7
ENSG00000179593|ALOX15B,10,11,0,8
ENSG00000179477|ALOX12B,37,35,18,43
ENSG00000179111|HES7,30,26,11,27
ENSG00000179094|PER1,1594,1400,1061,1293
ENSG00000263620,5,1,4,1
ENSG00000220205|VAMP2,2180,1808,1554,1866
ENSG00000179029|TMEM107,658,557,480,634
ENSG00000196544|BORCS6,528,490,323,451
ENSG00000178999|AURKB,5212,5119,3003,3437
ENSG00000178971|CTC1,2021,2194,1694,2277
ENSG00000178921|PFAS,4045,4098,3357,3620
ENSG00000125434|SLC25A35,372,279,251,304
ENSG00000108961|RANGRF,1096,1038,731,959
ENSG00000198844|ARHGEF15,0,0,0,0
ENSG00000184650|ODF4,0,0,0,0
ENSG00000263809,0,0,0,21
ENSG00000161970|RPL26,68966,64434,45215,56536
ENSG00000189051|RNF222,10,7,7,17
ENSG00000133026|MYH10,17205,23426,17280,21701
ENSG00000161973|CCDC42,0,0,0,0
ENSG00000185156|MFSD6L,249,273,172,215
ENSG00000276231|PIK3R6,0,15,7,0
ENSG00000065320|NTN1,14831,16255,10652,12907
ENSG00000170310|STX8,1786,1698,1080,1251
ENSG00000166596|CFAP52,72,54,67,69
ENSG00000154914|USP43,2049,2121,1549,1901
ENSG00000214978|GSG1L2,0,0,0,0
ENSG00000065325|GLP2R,0,0,7,0
ENSG00000109047|RCVRN,0,0,0,0
ENSG00000006788|MYH13,0,0,0,0
ENSG00000133020|MYH8,0,0,0,0
ENSG00000264424|MYH4,0,0,0,0
ENSG00000109061|MYH1,0,0,0,0
ENSG00000125414|MYH2,0,0,14,0
ENSG00000109063|MYH3,1094,1079,906,901
ENSG00000133028|SCO1,11790,12742,9440,11709
ENSG00000170222|ADPRM,1013,955,690,849
ENSG00000187824|TMEM220,66,112,101,93
ENSG00000263429|TMEM238L,0,0,0,0
ENSG00000233670|PIRT,0,0,0,0
ENSG00000188803|SHISA6,2,0,0,0
ENSG00000007174|DNAH9,0,0,6,0
ENSG00000154957|ZNF18,1326,1314,898,887
ENSG00000065559|MAP2K4,7518,8750,5978,7819
ENSG00000006740|ARHGAP44,232,234,200,240
ENSG00000006744|ELAC2,17446,17443,10894,13550
ENSG00000153976|HS3ST3A1,0,0,0,0
ENSG00000006695|COX10,6796,6642,4563,5758
ENSG00000223510|CDRT15,80,66,54,61
ENSG00000125430|HS3ST3B1,10,6,10,0
ENSG00000161542|PRPSAP1,5836,6182,4298,5451
ENSG00000176170|SPHK1,106,66,97,98
ENSG00000175931|UBE2O,14731,15480,11091,13741
ENSG00000161544|CYGB,199,179,241,277
ENSG00000214140|PRCD,56,54,48,53
ENSG00000284526,16761,11971,8311,10673
ENSG00000070731|ST6GALNAC2,2620,2998,1867,2594
ENSG00000070526|ST6GALNAC1,2504,2581,1200,1557
ENSG00000267168,0,0,0,0
ENSG00000161547|SRSF2,52119,48655,36365,44804
ENSG00000129667|RHBDF2,4643,4288,3100,3654
ENSG00000129657|SEC14L1,14041,15724,11972,14077
ENSG00000180336|MEIOC,631,855,822,923
ENSG00000180329|CCDC43,6627,7047,5336,6543
ENSG00000161692|DBF4B,3202,2973,2143,2244
ENSG00000073670|ADAM11,198,165,205,262
ENSG00000182963|GJC1,3752,4452,4211,4732
ENSG00000131097|HIGD1B,20,17,7,18
ENSG00000108883|EFTUD2,18007,18507,13587,16666
ENSG00000167131|CCDC103,303,278,107,299
ENSG00000214447|FAM187A,153,177,212,109
ENSG00000186185|KIF18B,7701,7926,4974,5827
ENSG00000131094|C1QL1,116,69,56,74
ENSG00000141551|CSNK1D,35697,34267,24791,30607
ENSG00000173762|CD7,23,16,8,6
ENSG00000141574|SECTM1,506,512,347,487
ENSG00000182459|TEX19,106,122,79,76
ENSG00000181396|OGFOD3,11655,10488,7402,9393
ENSG00000178927|CYBC1,5435,4781,3619,4422
ENSG00000141562|NARF,8350,7443,5796,6928
ENSG00000125409|TEKT3,28,6,0,0
ENSG00000109099|PMP22,1400,1482,1171,1292
ENSG00000132507|EIF5A,31443,28564,19637,24597
ENSG00000132522|GPS2,2156,1925,1427,1737
ENSG00000261915,1,1,19,1
ENSG00000215041|NEURL4,2716,2284,1823,2101
ENSG00000072818|ACAP1,224,161,116,104
ENSG00000174282|ZBTB4,4341,4784,3294,4095
ENSG00000228696|ARL17B,792,820,705,702
ENSG00000176681|LRRC37A,356,432,326,353
ENSG00000185829|ARL17A,777,845,740,778
ENSG00000072134|EPN2,17204,17371,14340,16225
ENSG00000166484|MAPK7,4611,4226,3296,4279
ENSG00000166482|MFAP4,32,77,49,62
ENSG00000128482|RNF112,126,108,67,90
ENSG00000179148|ALOXE3,25,34,21,36
ENSG00000182446|NPLOC4,24284,23257,17277,20380
ENSG00000182612|TSPAN10,155,146,161,142
ENSG00000185527|PDE6G,36,31,24,31
ENSG00000204237|OXLD1,1979,1776,1179,1301
ENSG00000185298|CCDC137,6661,6096,4655,5708
ENSG00000262814|MRPL12,14953,14468,9476,11478
ENSG00000262660,0,0,0,0
ENSG00000183048|SLC25A10,4687,4333,2869,3574
ENSG00000186765|FSCN2,253,240,169,161
ENSG00000266714|MYO15B,454,347,260,279
ENSG00000108469|RECQL5,4377,3904,2925,3640
ENSG00000259120|SMIM6,6,8,5,23
ENSG00000161526|SAP30BP,8464,8096,6009,7080
ENSG00000132470|ITGB4,3781,3869,3150,4251
ENSG00000132475|H3-3B,90212,89177,58787,73736
ENSG00000132478|UNK,4576,4309,3722,4332
ENSG00000092929|UNC13D,361,319,266,260
ENSG00000132471|WBP2,12614,11383,8092,10164
ENSG00000132481|TRIM47,192,166,222,217
ENSG00000141569|TRIM65,2863,2942,2383,2771
ENSG00000204316|MRPL38,8853,8063,5206,6586
ENSG00000267426,143,228,80,312
ENSG00000188878|FBF1,1642,1538,1413,1445
ENSG00000161533|ACOX1,6383,7403,5717,7252
ENSG00000261408|TEN1-CDK3,2467,2271,1597,1967
ENSG00000257949|TEN1,490,213,330,257
ENSG00000167880|EVPL,9082,9401,6648,8587
ENSG00000167881|SRP68,16615,16616,12174,14963
ENSG00000108641|B9D1,4850,4877,2509,3908
ENSG00000070444|MNT,3431,3134,2418,2976
ENSG00000127804|METTL16,5038,5631,4042,5247
ENSG00000007168|PAFAH1B1,14748,17794,12922,16368
ENSG00000121058|COIL,9109,10253,6804,8592
ENSG00000121064|SCPEP1,9833,9563,7051,9038
ENSG00000121057|AKAP1,12566,13892,9651,11656
ENSG00000153944|MSI2,19876,24253,15590,19418
ENSG00000180891|CUEDC1,10126,9626,5831,7082
ENSG00000136451|VEZF1,12722,15217,11496,14230
ENSG00000266086,2157,505,1392,1379
ENSG00000136450|SRSF1,53251,61625,41024,49797
ENSG00000264364|DYNLL2,26489,27422,21950,27154
ENSG00000121053|EPX,41,58,28,28
ENSG00000286190,201,145,158,153
ENSG00000167889|MGAT5B,3147,3377,2079,2350
ENSG00000167117|ANKRD40CL,13,0,3,2
ENSG00000243678|NME2,40575,37835,24641,30242
ENSG00000002919|SNX11,1889,1994,1284,1669
ENSG00000126860|EVI2A,37,48,32,32
ENSG00000108352|RAPGEFL1,1106,1018,895,1033
ENSG00000167107|ACSF2,2663,2707,2361,2733
ENSG00000166579|NDEL1,3133,3116,2403,2923
ENSG00000129673|AANAT,46,42,5,37
ENSG00000232859|LYRM9,445,423,261,291
ENSG00000198740|ZNF652,5553,6998,4969,6149
ENSG00000167716|WDR81,1815,1671,1299,1504
ENSG00000161647|MPP3,507,452,458,453
ENSG00000136436|CALCOCO2,4291,4512,3491,4387
ENSG00000070495|JMJD6,4497,4376,3186,3778
ENSG00000173868|PHOSPHO1,132,95,65,72
ENSG00000186075|ZPBP2,0,0,0,0
ENSG00000108587|GOSR1,6510,7648,5207,6557
ENSG00000154025|SLC5A10,23,24,52,52
ENSG00000175662|TOM1L2,14594,15283,9424,11237
ENSG00000182896|TMEM95,0,0,2,0
ENSG00000169660|HEXD,1224,1077,772,976
ENSG00000109083|IFT20,5280,4856,3757,4486
ENSG00000239672|NME1,14909,14514,10811,12449
ENSG00000141052|MYOCD,0,0,0,0
ENSG00000108255|CRYBA1,0,0,2,0
ENSG00000154016|GRAP,49,7,7,11
ENSG00000275489|C17orf98,0,0,0,2
ENSG00000213218|CSH2,0,0,0,0
ENSG00000108375|RNF43,2740,2860,2028,2903
ENSG00000181038|METTL23,4223,3924,2702,3452
ENSG00000011143|MKS1,3383,3292,2320,2985
ENSG00000004139|SARM1,1112,877,723,838
ENSG00000076351|SLC46A1,2664,2800,2456,3198
ENSG00000258472,1257,755,1063,739
ENSG00000007216|SLC13A2,0,0,0,0
ENSG00000109103|UNC119,5925,5410,4223,5230
ENSG00000087111|PIGS,10982,11081,7917,9862
ENSG00000109107|ALDOC,6018,5611,4207,5648
ENSG00000076382|SPAG5,22681,24918,16174,19007
ENSG00000167524|RSKR,3545,4449,2959,4502
ENSG00000007202|KIAA0100,46427,56964,44182,52758
ENSG00000132581|SDF2,8730,8074,5777,7092
ENSG00000109111|SUPT6H,44497,49577,35806,44209
ENSG00000109113|RAB34,22067,20560,12093,14480
ENSG00000198242|RPL23A,98771,91912,62986,80232
ENSG00000160606|TLCD1,2588,2433,1642,2251
ENSG00000160602|NEK8,1270,1112,758,1006
ENSG00000076604|TRAF4,26901,25969,15609,19551
ENSG00000109101|FOXN1,44,34,20,31
ENSG00000238083|LRRC37A2,516,581,472,471
ENSG00000073969|NSF,2228,2905,2300,2686
ENSG00000123700|KCNJ2,73,143,198,279
ENSG00000250506|CDK3,116,81,76,94
ENSG00000186919|ZACN,226,74,202,110
ENSG00000182687|GALR2,36,46,28,34
ENSG00000182473|EXOC7,21754,21637,15423,19012
ENSG00000129654|FOXJ1,203,188,103,136
ENSG00000182628|SKA2,11888,13029,11076,12975
ENSG00000068489|PRR11,27713,31557,19786,24284
ENSG00000265303,0,0,0,0
ENSG00000185924|RTN4RL1,86,67,37,57
ENSG00000108963|DPH1,4387,4104,3063,3484
ENSG00000262664|OVCA2,1946,1387,566,1024
ENSG00000177374|HIC1,162,117,69,126
ENSG00000070366|SMG6,2891,2973,2103,2463
ENSG00000167720|SRR,316,305,229,334
ENSG00000167721|TSR1,16966,18194,13489,16874
ENSG00000008283|CYB561,11692,10901,7724,9408
ENSG00000159640|ACE,188,189,140,139
ENSG00000264813,0,3,0,0
ENSG00000173826|KCNH6,9,6,13,19
ENSG00000136485|DCAF7,35750,38914,27769,34228
ENSG00000198909|MAP3K3,4175,4190,3107,3835
ENSG00000136490|LIMD2,531,490,348,427
ENSG00000108424|KPNB1,67356,79942,63582,76802
ENSG00000198933|TBKBP1,1914,1875,1273,1414
ENSG00000073861|TBX21,0,0,5,4
ENSG00000006025|OSBPL7,1106,1091,816,848
ENSG00000159111|MRPL10,5916,5422,3739,4850
ENSG00000141294|LRRC46,128,128,66,85
ENSG00000141295|SCRN2,1871,1561,1133,1315
ENSG00000182481|KPNA2,58266,59800,39700,47557
ENSG00000261371|PECAM1,38,27,26,54
ENSG00000271605|MILR1,45,29,42,59
ENSG00000256525|POLG2,7084,7080,5702,6406
ENSG00000258890|CEP95,14181,15345,11101,13411
ENSG00000108854|SMURF2,18636,23138,18116,21676
ENSG00000108654|DDX5,173925,194945,142173,172782
ENSG00000185359|HGS,20419,17957,12865,16400
ENSG00000172992|DCAKD,2183,1974,1421,1707
ENSG00000161714|PLCD3,6318,6131,3299,4011
ENSG00000181513|ACBD4,738,688,504,508
ENSG00000186834|HEXIM1,24163,25656,15690,19425
ENSG00000136448|NMT1,17322,16973,12573,15295
ENSG00000161381|PLXDC1,58,79,51,36
ENSG00000141748|ARL5C,0,9,0,7
ENSG00000067191|CACNB1,1077,902,827,952
ENSG00000141750|STAC2,219,202,209,204
ENSG00000170190|SLC16A5,1332,1291,708,969
ENSG00000125449|ARMC7,7355,7017,4596,5831
ENSG00000125458|NT5C,2734,2610,1755,1915
ENSG00000189159|JPT1,35390,32210,22484,27797
ENSG00000188612|SUMO2,37819,37580,28145,33690
ENSG00000125450|NUP85,8264,8171,6374,7574
ENSG00000125447|GGA3,8708,8973,6858,8066
ENSG00000125445|MRPS7,15199,14185,10316,12318
ENSG00000125454|SLC25A19,2343,1832,1751,2290
ENSG00000177885|GRB2,18369,19279,13683,16837
ENSG00000108666|C17orf75,2658,2574,1829,2343
ENSG00000108298|RPL19,113381,101796,69887,88712
ENSG00000181222|POLR2A,24200,24760,20929,25485
ENSG00000167085|PHB,27249,25146,18201,22746
ENSG00000183018|SPNS2,143,147,78,132
ENSG00000132382|MYBBP1A,14182,13141,9506,12347
ENSG00000167741|GGT6,79,40,52,71
ENSG00000188176|SMTNL2,52,40,43,52
ENSG00000161905|ALOX15,152,170,101,147
ENSG00000141456|PELP1,9438,9929,7235,8727
ENSG00000141480|ARRB2,5419,5028,3010,3791
ENSG00000161920|MED11,905,657,434,576
ENSG00000161921|CXCL16,2322,2026,1520,2171
ENSG00000141497|ZMYND15,63,57,54,62
ENSG00000142484|TM4SF5,0,0,3,0
ENSG00000182853|VMO1,10,7,11,6
ENSG00000182327|GLTPD2,31,26,20,21
ENSG00000142507|PSMB6,8330,7369,5393,6209
ENSG00000262165|C17orf114,12,9,12,11
ENSG00000129219|PLD2,1730,1740,1233,1480
ENSG00000141503|MINK1,8557,8788,6044,7456
ENSG00000108556|CHRNE,56,59,48,79
ENSG00000205710|C17orf107,179,107,111,65
ENSG00000185245|GP1BA,312,299,221,238
ENSG00000108784|NAGLU,1207,1035,655,961
ENSG00000108786|HSD17B1,54,52,41,37
ENSG00000068120|COASY,7918,7320,5115,6386
ENSG00000131470|PSMC3IP,943,920,1171,1328
ENSG00000141699|RETREG3,4730,4713,3474,4606
ENSG00000037042|TUBG2,1965,1814,1464,1673
ENSG00000068137|PLEKHH3,1678,1585,1228,1378
ENSG00000141279|NPEPPS,14722,16169,11250,13897
ENSG00000078687|TNRC6C,4438,5797,3733,4731
ENSG00000141524|TMC6,27833,25534,16214,20791
ENSG00000167895|TMC8,881,870,472,625
ENSG00000187997|C17orf99,80,29,69,60
ENSG00000167900|TK1,24508,22459,19757,24124
ENSG00000183077|AFMID,6274,5827,4788,5669
ENSG00000089685|BIRC5,21937,21174,13168,16271
ENSG00000204278|TMEM235,0,0,0,0
ENSG00000184619|KRBA2,1581,1881,1242,1538
ENSG00000177469|CAVIN1,4844,4777,4420,5196
ENSG00000168610|STAT3,19834,21201,13798,17077
ENSG00000089558|KCNH4,0,24,0,0
ENSG00000161610|HCRT,0,0,0,0
ENSG00000167925|GHDC,1795,1651,1092,1373
ENSG00000173757|STAT5B,2849,3312,2465,2968
ENSG00000010244|ZNF207,26746,27992,20500,25398
ENSG00000180638|SLC47A2,27,19,9,22
ENSG00000184544|DHRS7C,0,0,0,0
ENSG00000175106|TVP23C,1711,1914,1692,2213
ENSG00000132361|CLUH,11649,11311,8317,10224
ENSG00000240445|FOXO3B,1375,1919,1472,1752
ENSG00000125457|MIF4GD,1955,1764,1142,1289
ENSG00000266074|BAHCC1,70,79,87,87
ENSG00000170160|CCDC144A,26,49,61,46
ENSG00000186665|C17orf58,3760,3728,2286,3176
ENSG00000108759|KRT32,0,0,3,0
ENSG00000184557|SOCS3,16275,14865,7181,9149
ENSG00000141736|ERBB2,11361,11889,8325,10687
ENSG00000108639|SYNGR2,24506,22069,13829,18070
ENSG00000141376|BCAS3,1976,2284,1363,1757
ENSG00000172123|SLFN12,811,1307,984,1152
ENSG00000160551|TAOK1,19287,34064,26127,32565
ENSG00000121101|TEX14,105,113,92,194
ENSG00000196535|MYO18A,7556,8799,6311,7036
ENSG00000108684|ASIC2,0,0,0,0
ENSG00000108788|MLX,5584,5294,3905,4514
ENSG00000007237|GAS7,394,498,447,479
ENSG00000128487|SPECC1,10831,12219,9576,11765
ENSG00000184922|FMNL1,650,557,438,582
ENSG00000184361|SPATA32,38,38,5,33
ENSG00000006062|MAP3K14,2035,2154,1567,1863
ENSG00000213424|KRT222,0,0,0,0
ENSG00000167916|KRT24,0,0,0,0
ENSG00000204897|KRT25,0,0,0,0
ENSG00000186393|KRT26,0,0,0,0
ENSG00000171446|KRT27,9,8,0,12
ENSG00000173908|KRT28,0,0,5,0
ENSG00000186395|KRT10,2775,2464,1578,2074
ENSG00000187242|KRT12,0,2,0,0
ENSG00000171431|KRT20,0,6,0,3
ENSG00000108244|KRT23,587,696,379,514
ENSG00000204414|CSHL1,0,0,0,0
ENSG00000259384|GH1,0,0,1,0
ENSG00000285947,3,0,0,0
ENSG00000007312|CD79B,17,3,14,24
ENSG00000007314|SCN4A,521,618,598,693
ENSG00000224383|PRR29,412,353,292,317
ENSG00000108622|ICAM2,49,54,58,28
ENSG00000178607|ERN1,1199,1529,1066,1222
ENSG00000136478|TEX2,5839,7126,5477,6771
ENSG00000186868|MAPT,126,119,46,58
ENSG00000141526|SLC16A3,2632,2569,2037,2472
ENSG00000108852|MPP2,2304,2672,2467,2942
ENSG00000108849|PPY,0,0,0,19
ENSG00000131096|PYY,3,0,8,0
ENSG00000161653|NAGS,139,93,91,186
ENSG00000091947|TMEM101,27,32,9,17
ENSG00000161654|LSM12,7511,7456,6300,7157
ENSG00000141349|G6PC3,4588,4119,2660,3543
ENSG00000125319|HROB,1582,1373,1225,1549
ENSG00000161664|ASB16,242,236,214,163
ENSG00000168591|TMUB2,3443,2992,2224,2584
ENSG00000108312|UBTF,24111,26142,17303,21319
ENSG00000273706|LHX1,193,157,115,150
ENSG00000275700|AATF,4072,3931,2728,3231
ENSG00000215644|GCGR,6,5,0,1
ENSG00000225663|MCRIP1,4137,3603,1974,2600
ENSG00000182676|PPP1R27,15,26,30,22
ENSG00000141522|ARHGDIA,50944,46045,29814,37311
ENSG00000183684|ALYREF,26212,24390,18013,22880
ENSG00000141552|ANAPC11,9590,7883,5912,7229
ENSG00000183979|NPB,45,54,63,66
ENSG00000185813|PCYT2,5528,4890,3083,3983
ENSG00000187531|SIRT7,4951,4216,3108,4012
ENSG00000197063|MAFG,8810,8159,6343,7983
ENSG00000183010|PYCR1,6192,5716,3541,4702
ENSG00000185105|MYADML2,131,98,85,109
ENSG00000185269|NOTUM,9,27,15,12
ENSG00000184009|ACTG1,357373,354970,225369,283516
ENSG00000185624|P4HB,109686,105826,79008,99666
ENSG00000033627|ATP6V0A1,2198,2293,1552,2015
ENSG00000131462|TUBG1,6901,6573,5139,6082
ENSG00000184451|CCR10,21,23,10,18
ENSG00000108797|CNTNAP1,580,598,780,925
ENSG00000108799|EZH1,2178,2151,1808,2005
ENSG00000131477|RAMP2,26,28,32,33
ENSG00000131475|VPS25,4536,4211,3147,3912
ENSG00000167695|TLCD3A,1427,1617,1627,1778
ENSG00000179409|GEMIN4,5768,5745,4644,5592
ENSG00000167699|GLOD4,4126,4491,3217,3762
ENSG00000171861|MRM3,1260,1102,731,1139
ENSG00000092871|RFFL,2672,3248,2171,2608
ENSG00000267618,1,0,0,1
ENSG00000073598|FNDC8,5,11,12,11
ENSG00000073536|NLE1,2020,1951,1375,1593
ENSG00000141161|UNC45B,0,0,0,0
ENSG00000164729|SLC35G3,0,0,0,0
ENSG00000166750|SLFN5,8415,12116,9283,11489
ENSG00000185379|RAD51D,870,869,725,846
ENSG00000120071|KANSL1,2881,3526,2301,2979
ENSG00000141252|VPS53,3609,4100,2718,3780
ENSG00000214087|ARL16,5343,4320,3486,4058
ENSG00000141576|RNF157,266,279,195,201
ENSG00000185262|UBALD2,8508,7444,4274,5203
ENSG00000132510|KDM6B,9093,10081,6707,8194
ENSG00000212657|KRTAP16-1,0,0,0,0
ENSG00000186860|KRTAP17-1,1,0,0,0
ENSG00000006059|KRT33A,0,0,0,2
ENSG00000131738|KRT33B,0,0,0,0
ENSG00000094796|KRT31,4,0,0,0
ENSG00000108417|KRT37,0,0,0,0
ENSG00000108946|PRKAR1A,29685,35961,26768,34021
ENSG00000108950|FAM20A,30,35,24,16
ENSG00000141337|ARSG,434,455,276,430
ENSG00000196704|AMZ2,7501,7343,5043,5779
ENSG00000177728|TMEM94,9519,9588,6549,8491
ENSG00000177303|CASKIN2,5057,5300,3766,4618
ENSG00000182173|TSEN54,3317,3061,2394,2926
ENSG00000073350|LLGL2,4774,4316,3268,3860
ENSG00000129197|RPAIN,3937,3562,2731,3367
ENSG00000126858|RHOT1,3337,3782,2350,3357
ENSG00000126561|STAT5A,356,327,317,295
ENSG00000213859|KCTD11,1142,1051,790,975
ENSG00000120093|HOXB3,1571,1649,1136,1439
ENSG00000167447|SMG8,5638,6566,4583,6035
ENSG00000278259|MYO19,3160,3024,2463,2934
ENSG00000256618|MTRNR2L1,39,24,15,33
ENSG00000204323|SMIM5,32,34,42,34
ENSG00000179859|RNF227,322,298,223,307
ENSG00000173917|HOXB2,907,922,547,602
ENSG00000120075|HOXB5,4,4,2,2
ENSG00000276293|PIP4K2B,4517,4565,3536,4198
ENSG00000255713|OR4D2,1,0,0,0
ENSG00000184640|SEPTIN9,32904,33829,20837,25191
ENSG00000176108|CHMP6,1481,1445,936,1151
ENSG00000181409|AATK,675,620,399,720
ENSG00000225180|PVALEF,8,0,9,0
ENSG00000167302|TEPSIN,1845,1524,1212,1352
ENSG00000108479|GALK1,1933,1602,1195,1456
ENSG00000177370|TIMM22,932,934,667,764
ENSG00000205899|BHLHA9,0,0,0,0
ENSG00000184811|TRARG1,0,0,0,0
ENSG00000108953|YWHAE,41513,41447,27724,35244
ENSG00000159842|ABR,1556,1498,1287,1514
ENSG00000214226|C17orf67,444,434,325,373
ENSG00000153933|DGKE,3175,3821,3051,3888
ENSG00000121060|TRIM25,16882,18777,14266,17663
ENSG00000141580|WDR45B,26450,26288,18139,23439
ENSG00000141542|RAB40B,1519,1464,1154,1556
ENSG00000141560|FN3KRP,4040,3759,3085,4072
ENSG00000167363|FN3K,1017,971,813,885
ENSG00000141556|TBCD,5294,5336,3976,4912
ENSG00000141579|ZNF750,1087,1333,744,914
ENSG00000175711|B3GNTL1,285,276,200,247
ENSG00000176845|METRNL,5714,5538,3496,4199
ENSG00000267060|PTGES3L,116,53,71,104
ENSG00000005882|PDK2,2969,2821,2129,2784
ENSG00000167100|SAMD14,238,266,287,282
ENSG00000108819|PPP1R9B,8699,8583,6689,8475
ENSG00000108821|COL1A1,3685,3732,3512,4102
ENSG00000167105|TMEM92,115,54,134,101
ENSG00000015532|XYLT2,9149,8781,6370,7927
ENSG00000108826|MRPL27,5020,4709,3220,3973
ENSG00000154920|EME1,2160,2153,1823,2295
ENSG00000108829|LRRC59,30817,32829,23687,27951
ENSG00000108823|SGCA,0,0,0,0
ENSG00000172421|EFCAB3,3,0,1,0
ENSG00000087995|METTL2A,8525,8408,6004,7384
ENSG00000011028|MRC2,2860,2841,2254,2570
ENSG00000146872|TLK2,8835,10652,7578,9830
ENSG00000136463|TACO1,3847,3743,2413,3358
ENSG00000004939|SLC4A1,29,25,0,0
ENSG00000108309|RUNDC3A,374,367,251,221
ENSG00000013306|SLC25A39,17477,15034,10782,13450
ENSG00000030582|GRN,25364,23470,16611,21357
ENSG00000161682|FAM171A2,13627,12911,6018,7745
ENSG00000005961|ITGA2B,463,483,375,420
ENSG00000275066|SYNRG,3068,3880,2879,3620
ENSG00000278053|DDX52,3883,4452,3559,4047
ENSG00000275410|HNF1B,3,0,0,3
ENSG00000273513|TBC1D3K,198,188,114,154
ENSG00000132591|ERAL1,10453,9506,6892,8610
ENSG00000132589|FLOT2,18010,17389,13050,16614
ENSG00000167536|DHRS13,2270,2005,1478,1839
ENSG00000109118|PHF12,12314,13333,11008,13532
ENSG00000087152|ATXN7L3,15825,15878,11946,14622
ENSG00000161513|FDXR,1878,1541,1491,1600
ENSG00000172782|FADS6,14,14,11,32
ENSG00000182040|USH1G,27,26,26,61
ENSG00000183034|OTOP2,22,12,16,5
ENSG00000182938|OTOP3,0,0,0,0
ENSG00000167861|HID1,6304,5452,3150,3989
ENSG00000109089|CDR2L,22607,20950,13711,16265
ENSG00000167862|MRPL58,5948,5607,3904,4671
ENSG00000167863|ATP5PD,25422,24373,16797,21692
ENSG00000184166|OR1D2,0,0,0,0
ENSG00000253506|NACA2,261,221,157,202
ENSG00000108506|INTS2,2439,3462,2537,3158
ENSG00000108389|MTMR4,10032,11777,8674,10678
ENSG00000136492|BRIP1,2747,4302,4260,5331
ENSG00000180090|OR3A1,0,0,0,0
ENSG00000180042|OR1R1P,0,0,0,0
ENSG00000180016|OR1E1,0,0,0,0
ENSG00000159961|OR3A3,0,0,0,0
ENSG00000127780|OR1E2,0,0,0,0
ENSG00000141255|SPATA22,0,0,0,0
ENSG00000108381|ASPA,0,0,0,0
ENSG00000170004|CHD3,35748,38761,26757,31381
ENSG00000168517|HEXIM2,643,587,397,483
ENSG00000108839|ALOX12,136,83,64,75
ENSG00000219200|RNASEK,2756,2751,1761,2529
ENSG00000161939|RNASEK-C17orf49,3031,2431,1733,1854
ENSG00000258315|C17orf49,583,459,271,358
ENSG00000161940|BCL6B,95,77,87,118
ENSG00000174327|SLC16A13,402,354,267,333
ENSG00000174326|SLC16A11,11,21,10,10
ENSG00000132514|CLEC10A,0,0,0,0
ENSG00000161944|ASGR2,0,0,0,0
ENSG00000141505|ASGR1,208,146,173,193
ENSG00000132535|DLG4,2491,2266,1991,2376
ENSG00000072778|ACADVL,14189,12710,10713,12226
ENSG00000004975|DVL2,5922,5486,4032,5260
ENSG00000040633|PHF23,8650,8811,5860,7828
ENSG00000170296|GABARAP,13087,12675,9511,11563
ENSG00000262526,0,0,0,0
ENSG00000175826|CTDNEP1,8660,7938,6046,7650
ENSG00000262302,1,1,0,0
ENSG00000170291|ELP5,2196,2024,1425,1815
ENSG00000181885|CLDN7,8507,7582,5317,6848
ENSG00000181856|SLC2A4,30,37,111,27
ENSG00000006047|YBX2,284,263,186,224
ENSG00000221882|OR3A2,0,0,4,0
ENSG00000129646|QRICH2,423,389,336,387
ENSG00000183318|SPDYE4,0,0,0,0
ENSG00000270647|TAF15,11146,11041,8734,10192
ENSG00000270885|RASL10B,14684,13884,7133,8788
ENSG00000270765|GAS2L2,0,12,6,9
ENSG00000271447|MMP28,0,0,4,2
ENSG00000270806|C17orf50,0,11,6,3
ENSG00000270379|HEATR9,0,2,0,0
ENSG00000271503|CCL5,3,0,0,2
ENSG00000131095|GFAP,24,48,16,11
ENSG00000168792|ABHD15,1352,1172,809,1061
ENSG00000167543|TP53I13,1806,1506,1088,1493
ENSG00000108262|GIT1,9539,9248,6543,8326
ENSG00000198720|ANKRD13B,1751,1521,1304,1462
ENSG00000173065|FAM222B,8873,9098,6774,8589
ENSG00000179761|PIPOX,1050,1134,546,717
ENSG00000063015|SEZ6,88,56,56,69
ENSG00000221995|TIAF1,205,181,125,184
ENSG00000108387|SEPTIN4,74,84,81,106
ENSG00000131737|KRT34,0,0,0,0
ENSG00000182534|MXRA7,11490,11602,7825,9492
ENSG00000175866|BAIAP2,7626,6940,4612,5697
ENSG00000198443|KRTAP4-1,0,0,0,0
ENSG00000153822|KCNJ16,101,113,67,127
ENSG00000181408|UTS2R,25,24,20,27
ENSG00000278599|TBC1D3E,368,275,174,240
ENSG00000172150|OR1A2,0,0,0,0
ENSG00000170425|ADORA2B,740,662,552,672
ENSG00000183024|OR1G1,0,0,0,0
ENSG00000278299|TBC1D3C,17,18,5,7
ENSG00000196689|TRPV1,682,740,505,630
ENSG00000170703|TTLL6,24,44,47,30
ENSG00000132388|UBE2G1,6893,7749,5750,6847
ENSG00000170298|LGALS9B,8,0,0,0
ENSG00000274808|TBC1D3B,0,0,0,0
ENSG00000170049|KCNAB3,303,266,237,296
ENSG00000183011|NAA38,2863,2612,1774,2265
ENSG00000274611|TBC1D3,21,0,8,12
ENSG00000126337|KRT36,0,0,0,0
ENSG00000108395|TRIM37,8821,11363,9201,11127
ENSG00000153982|GDPD1,623,612,452,570
ENSG00000175155|YPEL2,1191,1518,1043,1403
ENSG00000161955|TNFSF13,1820,1554,1142,1484
ENSG00000170412|GPRC5C,7874,7071,4568,5614
ENSG00000167851|CD300A,0,3,2,4
ENSG00000178789|CD300LB,11,9,0,3
ENSG00000167850|CD300C,0,4,0,0
ENSG00000204345|CD300LD,9,17,7,11
ENSG00000169733|RFNG,5014,4347,3357,3659
ENSG00000169727|GPS1,33736,30394,21321,27082
ENSG00000169718|DUS1L,12543,11410,8257,9790
ENSG00000169710|FASN,73512,78047,55694,71739
ENSG00000176155|CCDC57,4489,4546,3144,3540
ENSG00000196859|KRT39,2,0,1,0
ENSG00000212899|KRTAP3-3,0,0,0,0
ENSG00000212900|KRTAP3-2,0,0,0,0
ENSG00000212901|KRTAP3-1,0,3,0,0
ENSG00000221852|KRTAP1-5,0,0,0,0
ENSG00000204887|KRTAP1-4,0,0,0,0
ENSG00000221880|KRTAP1-3,0,0,0,0
ENSG00000188581|KRTAP1-1,0,0,0,0
ENSG00000212725|KRTAP2-1,1,1,2,2
ENSG00000214518|KRTAP2-2,0,0,1,3
ENSG00000212724|KRTAP2-3,62,66,33,85
ENSG00000213417|KRTAP2-4,5,7,4,9
ENSG00000240871|KRTAP4-7,0,0,0,0
ENSG00000204880|KRTAP4-8,0,0,0,0
ENSG00000241241|KRTAP4-16,0,0,0,0
ENSG00000212722|KRTAP4-9,0,0,0,0
ENSG00000212721|KRTAP4-11,0,0,0,0
ENSG00000213416|KRTAP4-12,0,0,0,0
ENSG00000198090|KRTAP4-6,0,0,0,0
ENSG00000198271|KRTAP4-5,0,0,0,0
ENSG00000171396|KRTAP4-4,0,0,0,0
ENSG00000172716|SLFN11,386,529,492,656
ENSG00000167281|RBFOX3,851,730,559,646
ENSG00000179314|WSCD1,0,0,3,0
ENSG00000154263|ABCA10,21,16,27,19
ENSG00000141506|PIK3R5,295,92,211,272
ENSG00000174292|TNK1,772,681,548,792
ENSG00000141219|C17orf80,6170,7217,5110,6628
ENSG00000153930|ANKFN1,99,150,107,110
ENSG00000197079|KRT35,0,0,0,3
ENSG00000108840|HDAC5,4137,4017,2712,3452
ENSG00000172146|OR1A1,0,0,0,0
ENSG00000072310|SREBF1,13485,12554,7522,9503
ENSG00000204913|LRRC3C,6,5,8,0
ENSG00000274512|TBC1D3L,8,5,4,5
ENSG00000176809|LRRC37A3,1154,1117,703,797
ENSG00000073605|GSDMB,700,649,489,558
ENSG00000159314|ARHGAP27,1419,1233,831,1051
ENSG00000167549|CORO6,250,216,299,263
ENSG00000167525|PROCA1,394,323,233,289
ENSG00000204889|KRT40,0,0,0,0
ENSG00000141194|OR4D1,0,0,0,0
ENSG00000079101|CLUL1,185,226,168,176
ENSG00000158270|COLEC12,925,929,631,866
ENSG00000168454|TXNDC2,0,17,8,18
ENSG00000255112|CHMP1B,15776,17078,11746,14299
ENSG00000141401|IMPA2,6897,5934,4427,5408
ENSG00000170579|DLGAP1,67,97,70,79
ENSG00000079134|THOC1,7980,8962,6689,7904
ENSG00000168502|MTCL1,3069,3565,3541,4044
ENSG00000177143|CETN1,0,0,0,0
ENSG00000141433|ADCYAP1,4,3,3,0
ENSG00000101574|METTL4,2903,3296,2399,2884
ENSG00000168461|RAB31,6807,7326,5945,6570
ENSG00000141447|OSBPL1A,3241,3747,2814,3514
ENSG00000101557|USP14,23417,26562,19848,24837
ENSG00000206432|TMEM200C,0,0,0,0
ENSG00000176105|YES1,29048,39230,31415,37922
ENSG00000166974|MAPRE2,2367,2375,2195,2858
ENSG00000134775|FHOD3,33,33,26,29
ENSG00000180777|ANKRD30B,0,0,0,0
ENSG00000128789|PSMG2,6769,6526,4919,6157
ENSG00000185231|MC2R,0,0,0,0
ENSG00000197705|KLHL14,23233,28491,15251,19171
ENSG00000078142|PIK3C3,3296,3825,2663,3645
ENSG00000080986|NDC80,9314,10628,5551,6633
ENSG00000178127|NDUFV2,23077,22361,15633,19662
ENSG00000154889|MPPE1,3010,2543,2237,2169
ENSG00000101489|CELF4,203,181,170,140
ENSG00000231824|AKAIN1,0,0,0,0
ENSG00000132874|SLC14A2,0,15,0,7
ENSG00000017797|RALBP1,28752,29038,20655,25348
ENSG00000167315|ACAA2,4062,4074,2911,3887
ENSG00000141380|SS18,12231,14146,9606,11824
ENSG00000101745|ANKRD12,12036,12660,9921,11966
ENSG00000134278|SPIRE1,1861,2234,1958,2273
ENSG00000152242|C18orf25,7674,9084,6455,8467
ENSG00000154839|SKA1,1094,1239,965,1146
ENSG00000152223|EPG5,2531,3570,2632,3201
ENSG00000152234|ATP5F1A,50056,49209,32927,41567
ENSG00000101639|CEP192,6945,10167,8568,10506
ENSG00000172361|CFAP53,191,192,145,180
ENSG00000141425|RPRD1A,11980,14106,11354,13324
ENSG00000152214|RIT2,0,0,0,0
ENSG00000212710|CTAGE1,3,1,5,3
ENSG00000101624|CEP76,3291,3915,3043,3794
ENSG00000174448|STARD6,46,50,20,38
ENSG00000132872|SYT4,0,0,0,0
ENSG00000134489|HRH4,4,3,0,0
ENSG00000101773|RBBP8,8345,11175,9309,11522
ENSG00000168234|TTC39C,8059,8677,5801,7400
ENSG00000187323|DCC,5,6,0,2
ENSG00000141639|MAPK4,0,5,0,0
ENSG00000197046|SIGLEC15,6,7,4,7
ENSG00000141622|RNF165,78,65,41,82
ENSG00000134042|MRO,0,6,8,3
ENSG00000166845|C18orf54,1940,2600,2018,2367
ENSG00000134046|MBD2,12816,14054,9320,11066
ENSG00000067900|ROCK1,7010,10698,7758,9766
ENSG00000177511|ST8SIA3,0,0,0,0
ENSG00000152240|HAUS1,2358,2412,1791,2110
ENSG00000176641|RNF152,726,940,763,942
ENSG00000166510|CCDC68,521,634,570,594
ENSG00000266997,0,0,0,0
ENSG00000175387|SMAD2,9139,10458,7533,9512
ENSG00000041353|RAB27B,970,1457,1107,1394
ENSG00000267699,10,4,4,16
ENSG00000134443|GRP,8,21,11,16
ENSG00000141655|TNFRSF11A,131,153,131,145
ENSG00000091164|TXNL1,14096,13806,10329,12392
ENSG00000134030|CTIF,1838,1667,1176,1439
ENSG00000082212|ME2,3018,3563,3080,3771
ENSG00000141441|GAREM1,1296,1605,1358,1636
ENSG00000141642|ELAC1,979,1075,765,865
ENSG00000152229|PSTPIP2,370,382,400,429
ENSG00000184828|ZBTB7C,109,124,61,95
ENSG00000141664|ZCCHC2,2144,2719,1782,2208
ENSG00000228075|BOD1L2,0,2,0,5
ENSG00000166569|CPLX4,5,0,3,0
ENSG00000101782|RIOK3,8644,10219,8493,10245
ENSG00000141665|FBXO15,158,187,123,109
ENSG00000141458|NPC1,9387,9992,7429,9688
ENSG00000141437|SLC25A52,23,30,32,44
ENSG00000167306|MYO5B,16468,20318,13153,15852
ENSG00000172466|ZNF24,8316,10987,8095,10431
ENSG00000166562|SEC11C,2867,2635,1882,2384
ENSG00000081138|CDH7,0,0,0,0
ENSG00000134779|TPGS2,13086,13696,9970,12077
ENSG00000242550|SERPINB10,0,0,0,0
ENSG00000166603|MC4R,63,59,61,61
ENSG00000176890|TYMS,14563,16389,13812,18850
ENSG00000166479|TMX3,5155,6487,5309,6561
ENSG00000101546|RBFA,1752,1693,1303,1513
ENSG00000141452|RMC1,3470,3294,2419,3071
ENSG00000166396|SERPINB7,452,521,244,348
ENSG00000101542|CDH20,0,5,3,12
ENSG00000175354|PTPN2,13126,14478,10004,12087
ENSG00000085415|SEH1L,16691,18868,13844,17308
ENSG00000074695|LMAN1,19719,26928,19312,24562
ENSG00000186496|ZNF396,278,293,189,244
ENSG00000081913|PHLPP1,1511,2028,1400,1766
ENSG00000071991|CDH19,0,0,0,0
ENSG00000226742|HSBP1L1,1781,1779,1274,1396
ENSG00000141469|SLC14A1,0,3,8,0
ENSG00000132199|ENOSF1,14574,15015,12267,12849
ENSG00000206026|SMIM21,0,0,0,0
ENSG00000101544|ADNP2,5189,6033,4421,5498
ENSG00000141428|C18orf21,2997,2976,2211,2563
ENSG00000134504|KCTD1,8385,9116,5472,6919
ENSG00000141424|SLC39A6,21374,25941,18906,24249
ENSG00000198081|ZBTB14,2537,3063,2400,3023
ENSG00000166573|GALR1,0,0,0,0
ENSG00000198795|ZNF521,30,30,18,25
ENSG00000221887|HMSD,21,3,0,17
ENSG00000154059|IMPACT,4389,5385,3963,4703
ENSG00000267127,11,20,17,14
ENSG00000141668|CBLN2,0,0,0,0
ENSG00000134438|RAX,19,0,5,6
ENSG00000166960|CCDC178,66,91,71,74
ENSG00000141759|TXNL4A,7413,7291,4794,6234
ENSG00000197971|MBP,20927,24089,14181,17548
ENSG00000101493|ZNF516,4242,5521,3775,4623
ENSG00000154080|CHST9,99,152,108,92
ENSG00000186812|ZNF397,2160,2478,1989,2256
ENSG00000101680|LAMA1,13299,17646,14280,16592
ENSG00000134490|TMEM241,3293,3086,2158,2698
ENSG00000173213|TUBB8B,29,22,23,37
ENSG00000134759|ELP2,13845,15152,10725,13702
ENSG00000150637|CD226,11,21,13,34
ENSG00000101695|RNF125,570,656,403,618
ENSG00000197563|PIGN,2571,3284,2357,2893
ENSG00000075643|MOCOS,539,444,419,525
ENSG00000166342|NETO1,0,0,0,0
ENSG00000166377|ATP9B,817,957,631,834
ENSG00000133313|CNDP2,9423,9346,6036,7680
ENSG00000197632|SERPINB2,0,0,0,0
ENSG00000267140,0,8,2,0
ENSG00000150656|CNDP1,4,6,2,5
ENSG00000178184|PARD6G,630,574,597,761
ENSG00000186814|ZSCAN30,2645,3659,2914,3136
ENSG00000128791|TWSG1,9534,11526,9981,11906
ENSG00000206052|DOK6,61,60,64,41
ENSG00000150477|KIAA1328,578,839,462,583
ENSG00000180011|ZADH2,2915,3469,2127,2699
ENSG00000154065|ANKRD29,554,473,341,470
ENSG00000166401|SERPINB8,917,902,652,942
ENSG00000183287|CCBE1,0,0,0,0
ENSG00000206422|LRRC30,0,0,0,0
ENSG00000078043|PIAS2,3812,4249,3201,4191
ENSG00000167220|HDHD2,4402,4598,3613,4705
ENSG00000267228,0,0,0,0
ENSG00000134049|IER3IP1,4056,4049,3155,3720
ENSG00000288616,1,3,6,2
ENSG00000288607,9,7,17,4
ENSG00000288631,9,5,11,4
ENSG00000215474|SKOR2,0,0,0,0
ENSG00000177426|TGIF1,9056,8426,5910,7186
ENSG00000141384|TAF4B,1754,2181,1894,2283
ENSG00000101596|SMCHD1,17798,27326,22848,28296
ENSG00000141682|PMAIP1,1170,1585,1671,2212
ENSG00000175322|ZNF519,2206,2486,2489,2862
ENSG00000101558|VAPA,31045,33069,21781,27314
ENSG00000175065|DSG4,0,3,2,2
ENSG00000134757|DSG3,9,0,3,3
ENSG00000118271|TTR,3,0,0,3
ENSG00000170558|CDH2,9819,11843,7962,9969
ENSG00000215472|RPL17-C18orf32,4008,3171,682,1128
ENSG00000101670|LIPG,5172,6330,3694,4912
ENSG00000141627|DYM,3505,3776,2765,3442
ENSG00000141646|SMAD4,5388,6311,4661,6180
ENSG00000176624|MEX3C,5640,6877,4548,5737
ENSG00000196628|TCF4,7484,10042,6093,7941
ENSG00000171885|AQP4,185,207,93,187
ENSG00000275553|ELOA3CP,9,1,5,1
ENSG00000119547|ONECUT2,185,288,164,206
ENSG00000134440|NARS1,23085,27345,20648,26021
ENSG00000081923|ATP8B1,5172,6514,4327,5628
ENSG00000198796|ALPK2,17,50,24,6
ENSG00000172175|MALT1,4703,5692,4472,5487
ENSG00000153391|INO80C,881,788,636,835
ENSG00000173482|PTPRM,76,76,44,43
ENSG00000154655|L3MBTL4,6,0,0,2
ENSG00000141448|GATA6,653,588,527,691
ENSG00000101638|ST8SIA5,296,350,182,230
ENSG00000088756|ARHGAP28,1413,1945,1538,2031
ENSG00000134444|RELCH,2047,2498,1900,2275
ENSG00000074657|ZNF532,13047,16772,10922,13265
ENSG00000177576|C18orf32,1851,1681,1585,1880
ENSG00000179981|TSHZ1,1620,1716,1114,1385
ENSG00000154856|APCDD1,411,491,282,339
ENSG00000134265|NAPG,11190,12915,9141,11345
ENSG00000154864|PIEZO2,1032,1320,803,918
ENSG00000170677|SOCS6,525,744,569,718
ENSG00000141449|GREB1L,276,474,431,518
ENSG00000141446|ESCO1,3341,4432,3339,4243
ENSG00000167088|SNRPD1,9688,9329,7108,8497
ENSG00000158201|ABHD3,742,768,728,975
ENSG00000119537|KDSR,2985,3577,2864,3470
ENSG00000119541|VPS4B,6664,8137,5601,7354
ENSG00000206075|SERPINB5,1237,1305,1311,1595
ENSG00000171791|BCL2,522,688,532,744
ENSG00000181626|ANKRD62,193,375,219,268
ENSG00000176194|CIDEA,0,0,0,0
ENSG00000176014|TUBB6,13362,12610,11023,13401
ENSG00000177150|FAM210A,5463,5600,4580,5413
ENSG00000101654|RNMT,16175,18583,14439,17946
ENSG00000176136|MC5R,0,0,0,1
ENSG00000132205|EMILIN2,851,1001,565,611
ENSG00000101577|LPIN2,7359,9141,6673,8400
ENSG00000101605|MYOM1,109,188,83,130
ENSG00000101608|MYL12A,38976,36645,25881,32646
ENSG00000118680|MYL12B,39647,37596,27230,33747
ENSG00000152217|SETBP1,2676,3660,2393,2922
ENSG00000134762|DSC3,4939,6636,4738,6179
ENSG00000134765|DSC1,303,446,259,336
ENSG00000134760|DSG1,0,7,0,0
ENSG00000154611|PSMA8,3,0,0,0
ENSG00000154845|PPP4R1,15255,17156,12476,15753
ENSG00000131196|NFATC1,713,813,637,774
ENSG00000130856|ZNF236,2076,2652,1871,2308
ENSG00000153339|TRAPPC8,3912,5171,3962,4865
ENSG00000091157|WDR7,3655,5211,3505,4500
ENSG00000101752|MIB1,5244,9025,6777,8647
ENSG00000150636|CCDC102B,114,117,90,82
ENSG00000154040|CABYR,1812,2048,1498,1644
ENSG00000053747|LAMA3,10065,11757,7684,9770
ENSG00000141404|GNAL,597,964,541,1317
ENSG00000134758|RNF138,3395,3771,3250,4223
ENSG00000141434|MEP1B,3,0,0,0
ENSG00000167210|LOXHD1,0,0,0,0
ENSG00000176225|RTTN,635,755,737,805
ENSG00000197641|SERPINB13,0,0,0,0
ENSG00000206073|SERPINB4,3,0,0,0
ENSG00000206072|SERPINB11,0,0,0,0
ENSG00000057149|SERPINB3,0,0,6,0
ENSG00000141431|ASXL3,38,55,47,38
ENSG00000178690|DYNAP,0,14,0,17
ENSG00000168675|LDLRAD4,45,47,6,16
ENSG00000049759|NEDD4L,4788,5114,3715,4505
ENSG00000101746|NOL4,252,325,303,322
ENSG00000082397|EPB41L3,7,0,5,0
ENSG00000154832|CXXC1,6845,6217,4491,5220
ENSG00000101751|POLI,1135,1405,928,1174
ENSG00000187773|DIPK1C,0,0,0,0
ENSG00000075336|TIMM21,3008,3294,2319,2946
ENSG00000206043|C18orf63,0,0,0,0
ENSG00000166347|CYB5A,2583,2383,1861,2309
ENSG00000134769|DTNA,6518,7757,4877,5743
ENSG00000166634|SERPINB12,6,0,3,0
ENSG00000171451|DSEL,1979,2471,2061,2449
ENSG00000167216|KATNAL2,1224,1251,985,1182
ENSG00000141385|AFG3L2,28785,32673,22802,28619
ENSG00000141391|PRELID3A,368,360,279,415
ENSG00000060069|CTDP1,2390,1993,1241,1551
ENSG00000178342|KCNG2,14,32,21,14
ENSG00000122490|SLC66A2,2224,2019,1466,1775
ENSG00000134755|DSC2,15308,20253,13214,17366
ENSG00000206418|RAB12,11154,11462,8693,10818
ENSG00000066926|FECH,2879,3027,2376,2907
ENSG00000046604|DSG2,17838,23840,18218,23758
ENSG00000256463|SALL3,0,0,0,0
ENSG00000134508|CABLES1,2831,2863,2147,2755
ENSG00000236396|SLC35G4,0,0,0,0
ENSG00000118276|B4GALT6,937,1305,1169,1535
ENSG00000206181|ELOA2,6,3,7,2
ENSG00000183206|POTEC,0,0,0,0
ENSG00000265681|RPL17,57754,52528,38419,47621
ENSG00000101665|SMAD7,4258,4524,3142,3697
ENSG00000141429|GALNT1,4792,5801,4533,5454
ENSG00000215421|ZNF407,2105,2557,1593,2144
ENSG00000141644|MBD1,9951,9590,7451,9160
ENSG00000260861,0,0,0,0
ENSG00000171873|ADRA1D,0,0,0,0
ENSG00000101282|RSPO4,0,0,0,3
ENSG00000125903|DEFB129,0,0,0,0
ENSG00000101280|ANGPT4,0,8,3,0
ENSG00000256566,2,6,0,6
ENSG00000089012|SIRPG,0,0,0,0
ENSG00000171984|SHLD1,200,167,68,136
ENSG00000125827|TMX4,10050,11361,7969,10565
ENSG00000149346|SLX4IP,4745,5546,4093,4987
ENSG00000089199|CHGB,16,20,8,0
ENSG00000178591|DEFB125,0,0,0,0
ENSG00000125820|NKX2-2,0,0,0,0
ENSG00000088812|ATRN,11772,14188,9502,12857
ENSG00000125845|BMP2,0,0,0,0
ENSG00000132623|ANKEF1,7599,9882,7807,9518
ENSG00000101327|PDYN,9,6,0,0
ENSG00000166948|TGM6,0,0,0,0
ENSG00000125898|FAM110A,1005,936,590,857
ENSG00000173404|INSM1,2,0,0,0
ENSG00000185982|DEFB128,0,0,0,0
ENSG00000088826|SMOX,1539,1475,1090,1258
ENSG00000125788|DEFB126,0,0,0,0
ENSG00000132661|NXT1,2650,2500,1839,2383
ENSG00000132640|BTBD3,11752,14941,10608,13243
ENSG00000125816|NKX2-4,0,9,7,0
ENSG00000089063|TMEM230,10389,10993,7922,9972
ENSG00000125851|PCSK2,0,0,0,0
ENSG00000132639|SNAP25,50,44,25,46
ENSG00000088876|ZNF343,2347,2569,1940,2183
ENSG00000125815|CST8,0,0,0,0
ENSG00000101230|ISM1,353,368,168,257
ENSG00000125844|RRBP1,28021,28776,21467,24465
ENSG00000100997|ABHD12,7028,6460,4686,6081
ENSG00000125848|FLRT3,901,1008,714,864
ENSG00000170367|CST5,0,0,0,0
ENSG00000180424|DEFB123,0,5,9,0
ENSG00000089091|DZANK1,1630,1760,1047,1468
ENSG00000089195|TRMT6,6269,6624,5305,6307
ENSG00000284776,0,0,72,0
ENSG00000101463|SYNDIG1,0,0,0,0
ENSG00000101323|HAO1,0,0,0,0
ENSG00000125831|CST11,0,0,0,0
ENSG00000088930|XRN2,23798,28062,20741,25432
ENSG00000125772|GPCPD1,2136,2588,1869,2228
ENSG00000286022,0,0,0,0
ENSG00000125870|SNRPB2,18232,16945,12912,15470
ENSG00000131068|DEFB118,0,0,0,0
ENSG00000125810|CD93,0,0,0,0
ENSG00000101003|GINS1,5841,6231,5497,6319
ENSG00000077984|CST7,20,16,9,21
ENSG00000101474|APMAP,32275,31291,22617,28943
ENSG00000125864|BFSP1,402,388,268,366
ENSG00000088766|CRLS1,3528,3691,2560,3112
ENSG00000149435|GGTLC1,13,0,0,3
ENSG00000088320|REM1,35,55,37,38
ENSG00000170369|CST2,0,0,0,0
ENSG00000125868|DSTN,38482,37179,26006,33301
ENSG00000132664|POLR3F,2577,3077,2293,2869
ENSG00000078898|BPIFB2,10,7,3,0
ENSG00000125834|STK35,6124,6278,4269,5418
ENSG00000125872|LRRN4,71,109,97,157
ENSG00000215397|SCRT2,0,0,0,0
ENSG00000188559|RALGAPA2,5204,6827,4641,5816
ENSG00000198646|NCOA6,13244,17488,11769,14502
ENSG00000286235,0,0,0,0
ENSG00000088782|DEFB127,0,0,0,0
ENSG00000178726|THBD,0,0,0,0
ENSG00000101350|KIF3B,22867,25819,19216,23446
ENSG00000172296|SPTLC3,7976,9597,5587,7327
ENSG00000198183|BPIFA1,0,0,0,0
ENSG00000131069|ACSS2,6552,6908,4671,6036
ENSG00000215547|DEFB115,0,0,0,0
ENSG00000270299,0,0,0,8
ENSG00000078804|TP53INP2,3149,3655,2555,3226
ENSG00000171456|ASXL1,27390,28876,20839,25979
ENSG00000101384|JAG1,46049,58587,41830,53706
ENSG00000089057|SLC23A2,3767,4888,3573,4506
ENSG00000101435|CST9L,0,0,0,0
ENSG00000078814|MYH7B,79,96,74,61
ENSG00000124102|PI3,1524,1568,1202,1405
ENSG00000124157|SEMG2,0,0,0,0
ENSG00000124134|KCNS1,654,792,537,571
ENSG00000101310|SEC23B,15829,16740,12522,15907
ENSG00000089123|TASP1,4215,4286,3106,3936
ENSG00000170191|NANP,2022,2257,1942,2420
ENSG00000132792|CTNNBL1,8357,7978,5446,6743
ENSG00000180205|WFDC9,0,0,0,0
ENSG00000149639|SOGA1,55500,69307,41314,49060
ENSG00000196839|ADA,1210,1118,729,931
ENSG00000101442|ACTR5,1768,1635,1089,1267
ENSG00000124233|SEMG1,0,0,3,0
ENSG00000180305|WFDC10A,0,0,0,0
ENSG00000175121|WFDC5,0,5,0,0
ENSG00000182931|WFDC10B,0,0,0,0
ENSG00000101445|PPP1R16B,3883,4297,2362,2708
ENSG00000149633|KIAA1755,0,6,0,4
ENSG00000130684|ZNF337,888,829,724,835
ENSG00000025772|TOMM34,6455,6244,4776,5856
ENSG00000158296|SLC13A3,3,2,8,1
ENSG00000167104|BPIFB6,0,0,0,0
ENSG00000101438|SLC32A1,0,0,0,0
ENSG00000182035|ADIG,0,0,0,0
ENSG00000124143|ARHGAP40,109,97,110,119
ENSG00000101452|DHX35,3143,3283,2252,2753
ENSG00000124191|TOX2,816,614,548,611
ENSG00000196090|PTPRT,0,8,0,0
ENSG00000064655|EYA2,8064,7468,3954,4723
ENSG00000168703|WFDC12,0,10,0,6
ENSG00000172216|CEBPB,16708,15163,10184,12796
ENSG00000166913|YWHAB,65444,67227,49447,60713
ENSG00000180083|WFDC11,0,0,0,0
ENSG00000062598|ELMO2,5634,5716,4204,5220
ENSG00000101040|ZMYND8,6024,7165,4905,5716
ENSG00000198959|TGM2,2044,1967,1313,1638
ENSG00000240849|PEDS1,14538,13846,9682,11853
ENSG00000042062|RIPOR3,132,129,75,81
ENSG00000158480|SPATA2,7025,6844,5065,6315
ENSG00000101447|FAM83D,13050,12931,7695,9404
ENSG00000198185|ZNF334,0,6,8,0
ENSG00000170471|RALGAPB,23021,31898,23568,30331
ENSG00000197496|SLC2A10,1766,1808,1480,1919
ENSG00000124208|PEDS1-UBE2V1,0,0,0,0
ENSG00000158445|KCNB1,213,242,163,126
ENSG00000124249|KCNK15,2979,2481,1408,2345
ENSG00000149654|CDH22,16,0,0,0
ENSG00000149635|OCSTAMP,0,0,0,0
ENSG00000124226|RNF114,23826,23565,18245,23059
ENSG00000080189|SLC35C2,11040,9930,7308,8866
ENSG00000198768|APCDD1L,9,5,6,0
ENSG00000088298|EDEM2,3656,3653,2446,3107
ENSG00000089050|RBBP9,5879,6906,5050,6159
ENSG00000124151|NCOA3,9660,14689,11100,13179
ENSG00000101004|NINL,2637,2828,2219,2583
ENSG00000124089|MC3R,0,0,2,0
ENSG00000101104|PABPC1L,5195,4603,4309,4815
ENSG00000101425|BPI,0,0,0,0
ENSG00000101444|AHCY,43499,43256,31203,39602
ENSG00000167098|SUN5,0,0,0,0
ENSG00000132819|RBM38,21077,19278,13390,17103
ENSG00000124253|PCK1,278,265,137,220
ENSG00000124126|PREX1,3937,4357,3773,4407
ENSG00000172315|TP53RK,4552,4966,3598,4153
ENSG00000101019|UQCC1,8792,8796,6253,7726
ENSG00000124212|PTGIS,2105,2277,1803,2164
ENSG00000182621|PLCB1,3869,5557,3571,4474
ENSG00000054803|CBLN4,0,0,0,0
ENSG00000186190|BPIFB3,0,0,0,0
ENSG00000054793|ATP9A,6705,8916,6161,7797
ENSG00000125970|RALY,26606,23909,17001,21004
ENSG00000089101|CFAP61,76,81,39,53
ENSG00000124216|SNAI1,2466,2210,1509,1802
ENSG00000101391|CDK5RAP1,5850,5661,4050,4872
ENSG00000101109|STK4,12773,16942,13614,16761
ENSG00000256222|MTRNR2L3,14,20,25,11
ENSG00000101194|SLC17A9,0,2,0,0
ENSG00000019186|CYP24A1,33,99,31,57
ENSG00000125812|GZF1,3056,3423,2626,3180
ENSG00000100994|PYGB,23650,24107,16901,21448
ENSG00000132825|PPP1R3D,1209,1198,815,1173
ENSG00000101132|PFDN4,6568,6326,4503,5529
ENSG00000215545|DEFB116,0,0,0,0
ENSG00000101182|PSMA7,44840,40919,29682,36503
ENSG00000180483|DEFB119,0,0,0,0
ENSG00000124215|CDH26,54,44,52,66
ENSG00000101460|MAP1LC3A,924,817,575,751
ENSG00000197586|ENTPD6,11127,10359,7457,9095
ENSG00000130701|RBBP8NL,2200,1882,1174,1578
ENSG00000149646|CNBD2,86,69,58,47
ENSG00000101439|CST3,16208,14658,9932,12797
ENSG00000124227|ANKRD60,0,0,0,0
ENSG00000101193|GID8,21653,23693,17125,21822
ENSG00000131059|BPIFA3,0,0,0,0
ENSG00000124225|PMEPA1,475,570,388,502
ENSG00000101365|IDH3B,7029,6647,4801,5797
ENSG00000124164|VAPB,15014,16530,12304,15200
ENSG00000100991|TRPC4AP,10324,9990,7127,8927
ENSG00000101146|RAE1,23139,23265,17091,22013
ENSG00000131044|TTLL9,63,21,28,30
ENSG00000182463|TSHZ2,8812,10066,5205,6014
ENSG00000101161|PRPF6,23536,23775,15693,18762
ENSG00000054796|SPO11,30,22,15,26
ENSG00000132821|VSTM2L,83,66,40,37
ENSG00000204548|DEFB121,0,0,2,0
ENSG00000125977|EIF2S2,36453,36534,27369,33571
ENSG00000203883|SOX18,11,15,3,8
ENSG00000154930|ACSS1,23902,24149,16427,20269
ENSG00000101134|DOK5,1645,1625,1282,1474
ENSG00000158470|B4GALT5,40220,47121,36295,45623
ENSG00000149679|CABLES2,8222,8436,6475,7921
ENSG00000125999|BPIFB1,32,25,20,19
ENSG00000124256|ZBP1,1273,1186,708,751
ENSG00000020256|ZFP64,9733,10635,7843,9883
ENSG00000198276|UCKL1,9000,8011,5881,7309
ENSG00000166619|BLCAP,8756,8220,5930,7836
ENSG00000101180|HRH3,14,27,7,0
ENSG00000101115|SALL4,1237,1147,1097,1305
ENSG00000125780|TGM3,0,0,3,0
ENSG00000053438|NNAT,75,99,40,59
ENSG00000101144|BMP7,134548,135273,73315,92873
ENSG00000101407|TTI1,10714,11570,9027,11555
ENSG00000124237|C20orf85,0,0,0,0
ENSG00000132631|SCP2D1,0,0,0,0
ENSG00000125533|BHLHE23,0,0,0,0
ENSG00000179242|CDH4,27,15,12,10
ENSG00000101079|NDRG3,5452,5720,3869,4603
ENSG00000100983|GSS,6187,5977,4346,5517
ENSG00000171858|RPS21,69873,56678,39047,51380
ENSG00000101152|DNAJC5,23626,24117,16523,21175
ENSG00000087510|TFAP2C,2780,3221,2248,3031
ENSG00000131050|BPIFA2,1868,1820,1030,1199
ENSG00000184402|SS18L1,6937,7229,5526,7014
ENSG00000101361|NOP56,24403,23312,18516,22305
ENSG00000101096|NFATC2,1478,2039,1614,2124
ENSG00000064787|BCAS1,35,66,37,49
ENSG00000196074|SYCP2,470,606,527,574
ENSG00000130702|LAMA5,112050,111151,60421,74298
ENSG00000149657|LSM14B,13186,14482,10217,12289
ENSG00000087495|PHACTR3,0,0,6,5
ENSG00000125510|OPRL1,166,76,147,117
ENSG00000171700|RGS19,2440,1937,1863,2483
ENSG00000196396|PTPN1,19163,20461,14763,18805
ENSG00000101400|SNTA1,3107,2880,1719,2211
ENSG00000203880|PCMTD2,7731,8973,6938,8876
ENSG00000171703|TCEA2,4386,3954,3328,3925
ENSG00000130700|GATA5,0,12,12,19
ENSG00000196700|ZNF512B,22581,23272,17129,21406
ENSG00000129988|LBP,42,16,29,14
ENSG00000196227|FAM217B,7755,9980,7290,9009
ENSG00000080839|RBL1,3394,4666,4230,5402
ENSG00000124209|RAB22A,13220,15298,11616,14307
ENSG00000124205|EDN3,0,0,0,0
ENSG00000101413|RPRD1B,7834,9425,6863,8971
ENSG00000196132|MYT1,24,25,50,33
ENSG00000130706|ADRM1,37726,33595,23056,28318
ENSG00000025293|PHF20,11289,13290,9222,11055
ENSG00000197183|NOL4L,20440,22457,13044,15988
ENSG00000131067|GGT7,5057,4526,3298,3912
ENSG00000130590|SAMD10,2291,2001,1537,2015
ENSG00000124232|RBPJL,9,0,7,22
ENSG00000124145|SDC4,14922,15802,13645,16616
ENSG00000204070|SYS1,4907,4786,3489,4510
ENSG00000254806|SYS1-DBNDD2,729,360,173,397
ENSG00000124251|TP53TG5,129,106,90,107
ENSG00000124222|STX16,19384,20863,16116,19143
ENSG00000254995|STX16-NPEPL1,279,326,440,665
ENSG00000215440|NPEPL1,2293,2099,1629,1787
ENSG00000101158|NELFCD,14037,16633,11796,15548
ENSG00000101162|TUBB1,47,48,14,41
ENSG00000124172|ATP5F1E,35638,30759,21328,27041
ENSG00000101166|PRELID3B,20640,22239,17130,21025
ENSG00000125965|GDF5,0,0,6,10
ENSG00000126001|CEP250,6975,8543,6045,7236
ENSG00000125975|C20orf173,0,0,0,0
ENSG00000272897,0,0,0,0
ENSG00000244462|RBM12,20876,24955,18406,23400
ENSG00000197296|FITM2,2726,3013,1990,2489
ENSG00000124120|TTPAL,12472,14842,11362,14317
ENSG00000132824|SERINC3,17620,19949,13947,18162
ENSG00000168734|PKIG,3000,2655,2026,2533
ENSG00000101342|TLDC2,38,44,33,31
ENSG00000132823|OSER1,7916,7675,5817,7298
ENSG00000149596|JPH2,495,617,558,603
ENSG00000124193|SRSF6,36565,40778,29153,36059
ENSG00000288000,0,0,0,0
ENSG00000277611,0,0,3,0
ENSG00000101049|SGK2,83,74,61,62
ENSG00000101052|IFT52,4706,4890,3272,4440
ENSG00000101057|MYBL2,46861,44568,38666,47007
ENSG00000124196|GTSF1L,0,0,0,4
ENSG00000173335|CST9,0,0,0,0
ENSG00000244687|UBE2V1,43825,45871,31862,39877
ENSG00000232388|SMIM26,3718,3230,2413,2958
ENSG00000125835|SNRPB,22751,20059,14623,18943
ENSG00000101307|SIRPB1,0,5,6,2
ENSG00000125879|OTOR,3,16,4,5
ENSG00000271303|SRXN1,4736,4513,3565,4566
ENSG00000125821|DTD1,8352,8437,5414,6695
ENSG00000130703|OSBPL2,12001,12763,9751,11778
ENSG00000101074|R3HDML,3,0,0,2
ENSG00000101294|HM13,66845,60559,39702,48388
ENSG00000101098|RIMS4,3914,4062,3589,4346
ENSG00000149658|YTHDF1,13958,14511,11027,13453
ENSG00000101197|BIRC7,0,0,0,2
ENSG00000101198|NKAIN4,12,3,0,21
ENSG00000101199|ARFGAP1,12302,11057,8287,9876
ENSG00000101203|COL20A1,7,2,11,14
ENSG00000101204|CHRNA4,11,0,3,0
ENSG00000125863|MKKS,11266,11766,7834,9275
ENSG00000285508,0,0,0,0
ENSG00000285723,393,350,301,342
ENSG00000101210|EEF1A2,648,554,538,588
ENSG00000125534|PPDPF,27841,23344,16353,20635
ENSG00000101213|PTK6,145,85,75,62
ENSG00000125531|FNDC11,130,92,72,67
ENSG00000130589|HELZ2,3713,4512,3797,4630
ENSG00000125885|MCM8,5799,7033,6480,7194
ENSG00000088356|PDRG1,4468,3876,3224,4215
ENSG00000260903|XKR7,392,378,309,285
ENSG00000101331|CCM2L,354,300,269,378
ENSG00000101337|TM9SF4,16686,17499,12279,15688
ENSG00000126003|PLAGL2,18177,20007,15291,19151
ENSG00000101346|POFUT1,25936,27417,19959,25228
ENSG00000198547|C20orf203,0,0,0,1
ENSG00000285382,30,20,8,29
ENSG00000088305|DNMT3B,4222,4639,3499,3944
ENSG00000101367|MAPRE1,37582,41774,31415,39042
ENSG00000215529|EFCAB8,36,17,57,34
ENSG00000101000|PROCR,1437,1309,1431,1468
ENSG00000126005|MMP24OS,1818,1545,940,1224
ENSG00000125966|MMP24,657,583,401,456
ENSG00000261582,42,71,75,53
ENSG00000125998|FAM83C,0,18,15,5
ENSG00000101353|MROH8,262,154,131,200
ENSG00000118705|RPN2,81752,82965,59737,74670
ENSG00000198053|SIRPA,279,236,237,262
ENSG00000149636|DSN1,4924,5190,4764,5942
ENSG00000130584|ZBTB46,558,528,453,412
ENSG00000197818|SLC9A8,5746,5703,3616,4092
ENSG00000125814|NAPB,1577,1745,1465,1783
ENSG00000078747|ITCH,14089,17919,13195,15931
ENSG00000101311|FERMT1,9,12,12,12
ENSG00000124194|GDAP1L1,37,18,17,29
ENSG00000089177|KIF16B,3066,3958,2735,3366
ENSG00000197122|SRC,6861,6952,5645,7008
ENSG00000101150|TPD52L2,29818,29154,22969,27144
ENSG00000101251|SEL1L2,5,0,0,12
ENSG00000125991|ERGIC3,45342,39673,28831,36786
ENSG00000158901|WFDC8,9,10,6,8
ENSG00000183260|ABHD16B,0,0,0,0
ENSG00000132671|SSTR4,0,0,0,0
ENSG00000100987|VSX1,13,17,7,11
ENSG00000101464|PIGU,3655,3563,2534,3141
ENSG00000101335|MYL9,9925,9408,6112,7216
ENSG00000118707|TGIF2,10756,10932,7980,9514
ENSG00000259399|TGIF2-RAB5IF,70,37,40,45
ENSG00000101084|RAB5IF,14147,12921,9196,11599
ENSG00000101082|SLA2,7,25,7,8
ENSG00000125901|MRPS26,4964,4748,3178,3907
ENSG00000101405|OXT,0,0,0,0
ENSG00000101200|AVP,0,0,0,0
ENSG00000185019|UBOX5,883,759,479,558
ENSG00000215251|FASTKD5,4339,4980,3335,4450
ENSG00000198171|DDRGK1,3651,3348,2406,3180
ENSG00000125877|ITPA,5128,4381,3435,3975
ENSG00000101898|MCTS2P,3,6,4,5
ENSG00000125968|ID1,55121,49105,27021,32844
ENSG00000131055|COX4I2,8,0,0,0
ENSG00000088325|TPX2,45660,53120,29436,36570
ENSG00000101306|MYLK2,124,145,67,68
ENSG00000179772|FOXS1,211,196,95,109
ENSG00000171552|BCL2L1,42393,40220,23214,28797
ENSG00000088970|KIZ,3493,3483,2564,3335
ENSG00000125850|OVOL2,3417,3145,1978,2672
ENSG00000125871|MGME1,10893,11894,9628,12127
ENSG00000149474|KAT14,6117,6691,4304,5421
ENSG00000232838|PET117,1280,1173,811,1210
ENSG00000125869|LAMP5,76,58,53,100
ENSG00000125818|PSMF1,11350,10979,7905,10188
ENSG00000215595|C20orf202,0,5,0,3
ENSG00000101298|SNPH,497,459,337,380
ENSG00000125775|SDCBP2,12,3,0,15
ENSG00000274322,0,0,4,0
ENSG00000196209|SIRPB2,0,0,0,0
ENSG00000125900|SIRPD,0,0,0,0
ENSG00000124104|SNX21,2607,2387,1914,2657
ENSG00000101473|ACOT8,4178,3793,2685,2992
ENSG00000132801|ZSWIM3,953,898,735,955
ENSG00000100979|PLTP,16317,15155,10649,13060
ENSG00000100982|PCIF1,5439,5395,3238,4282
ENSG00000198026|ZNF335,5576,5423,3849,4401
ENSG00000100985|MMP9,86,81,59,108
ENSG00000124140|SLC12A5,549,429,295,374
ENSG00000088832|FKBP1A,22828,22412,16721,20410
ENSG00000088836|SLC4A11,3532,3065,2056,2556
ENSG00000125967|NECAB3,3203,3004,2493,2673
ENSG00000149609|C20orf144,80,97,69,44
ENSG00000101412|E2F1,7712,7282,6449,7479
ENSG00000101417|PXMP4,4217,4359,3134,3807
ENSG00000131061|ZNF341,859,684,538,662
ENSG00000101421|CHMP4B,16831,16715,12039,15270
ENSG00000185513|L3MBTL1,1547,1407,1226,1314
ENSG00000242372|EIF6,19299,16520,11973,14849
ENSG00000132646|PCNA,9670,10029,9334,11244
ENSG00000101290|CDS2,3073,3708,2324,3332
ENSG00000101292|PROKR2,0,0,0,0
ENSG00000125971|DYNLRB1,12788,12558,8956,10982
ENSG00000089006|SNX5,17015,17833,13237,15398
ENSG00000125798|FOXA2,151,143,53,81
ENSG00000149600|COMMD7,4379,4061,2660,3554
ENSG00000101349|PAK5,21,27,13,43
ENSG00000125787|GNRH2,0,10,0,0
ENSG00000125888|BANF2,0,0,0,0
ENSG00000101160|CTSZ,14294,11626,9822,11124
ENSG00000198900|TOP1,30201,34886,25411,31027
ENSG00000171867|PRNP,2559,2332,2084,2685
ENSG00000171864|PRND,0,0,0,0
ENSG00000101265|RASSF2,50,53,61,54
ENSG00000244005|NFS1,4808,4668,3223,3781
ENSG00000125995|ROMO1,9267,8287,5296,6436
ENSG00000131051|RBM39,28633,31794,22394,27826
ENSG00000214078|CPNE1,26744,24684,18171,21762
ENSG00000101333|PLCB4,4055,5559,4406,5509
ENSG00000185052|SLC24A3,30,15,17,18
ENSG00000204103|MAFB,7586,7959,4886,6665
ENSG00000132793|LPIN3,1891,1684,1234,1380
ENSG00000183798|EMILIN3,34,16,58,62
ENSG00000124177|CHD6,11299,14889,10234,12917
ENSG00000124107|SLPI,30641,27256,18184,22466
ENSG00000124159|MATN4,64,50,25,17
ENSG00000124155|PIGT,21905,20956,14806,18525
ENSG00000101443|WFDC2,41233,39264,23708,28670
ENSG00000101446|SPINT3,0,0,0,0
ENSG00000243543|WFDC6,3,2,3,5
ENSG00000249139|EPPIN-WFDC6,13,6,7,7
ENSG00000101448|EPPIN,48,37,60,58
ENSG00000124116|WFDC3,53,68,35,73
ENSG00000101457|DNTTIP1,7101,6844,4745,5697
ENSG00000175063|UBE2C,13054,12168,7723,9230
ENSG00000101470|TNNC2,45,40,15,29
ENSG00000168612|ZSWIM1,3300,3362,2596,2844
ENSG00000124207|CSE1L,69618,81745,65648,81775
ENSG00000124214|STAU1,42079,46412,35189,42290
ENSG00000101187|SLCO4A1,17,30,45,65
ENSG00000101188|NTSR1,49,51,24,61
ENSG00000101189|MRGBP,7444,7447,5676,6777
ENSG00000060491|OGFR,9767,8800,6672,7729
ENSG00000092758|COL9A3,303,301,196,271
ENSG00000101190|TCFL5,3093,3337,2528,2941
ENSG00000101191|DIDO1,20706,24146,17460,21477
ENSG00000125861|GFRA4,0,0,0,0
ENSG00000149451|ADAM33,38,18,20,18
ENSG00000132622|HSPA12B,43,36,47,53
ENSG00000101220|C20orf27,3351,3358,2310,2948
ENSG00000101222|SPEF1,83,49,41,30
ENSG00000125817|CENPB,5897,5269,4011,4678
ENSG00000125843|AP5S1,1164,1174,862,990
ENSG00000088888|MAVS,12348,13647,9437,11283
ENSG00000088827|SIGLEC1,22,17,10,0
ENSG00000088367|EPB41L1,7174,7912,6031,7376
ENSG00000131043|AAR2,8101,8150,5909,7583
ENSG00000186458|DEFB132,0,0,0,0
ENSG00000196476|C20orf96,708,634,468,634
ENSG00000247315|ZCCHC3,5417,5340,3501,4329
ENSG00000125841|NRSN2,3673,3615,2181,2843
ENSG00000125826|RBCK1,6494,6165,4377,5181
ENSG00000125875|TBC1D20,4619,4690,3366,4326
ENSG00000101266|CSNK2A1,23179,26051,18676,23131
ENSG00000101276|SLC52A3,480,450,423,352
ENSG00000124198|ARFGEF2,13484,21032,15667,19850
ENSG00000124098|FAM210B,1957,2138,1443,1929
ENSG00000087586|AURKA,21418,22132,11213,13690
ENSG00000101138|CSTF1,8631,9096,6694,8233
ENSG00000022277|RTF2,20654,20562,14200,18025
ENSG00000124091|GCNT7,18,46,27,43
ENSG00000124103|FAM209A,29,64,26,22
ENSG00000213714|FAM209B,77,50,39,21
ENSG00000087589|CASS4,40,37,17,23
ENSG00000101247|NDUFAF5,2793,2558,1820,2328
ENSG00000061656|SPAG4,396,458,237,352
ENSG00000124201|ZNFX1,10771,11760,8752,10588
ENSG00000124171|PARD6B,4437,4614,3139,3876
ENSG00000101126|ADNP,26710,34462,25700,30300
ENSG00000124217|MOCS3,4807,5235,3299,4145
ENSG00000173418|NAA20,11217,10868,7799,9673
ENSG00000101343|CRNKL1,8419,9957,7078,9101
ENSG00000132669|RIN2,10238,11387,6984,8796
ENSG00000101236|RNF24,3344,3631,2201,3045
ENSG00000088833|NSFL1C,6420,6066,4584,5400
ENSG00000171222|SCAND1,3578,3223,2107,2614
ENSG00000064205|CCN5,181,213,146,136
ENSG00000101336|HCK,774,756,513,654
ENSG00000124228|DDX27,25683,25498,19565,23786
ENSG00000101181|MTG2,11791,11516,8319,9809
ENSG00000101224|CDC25B,25002,24964,15183,18643
ENSG00000149488|TMC2,34,41,9,34
ENSG00000177732|SOX12,12375,11485,7513,9872
ENSG00000170373|CST1,0,0,0,0
ENSG00000101441|CST4,0,0,0,0
ENSG00000171940|ZNF217,7758,12068,8619,11708
ENSG00000118702|GHRH,0,0,0,0
ENSG00000088854|C20orf194,1308,1428,991,1210
ENSG00000124257|NEURL2,32,49,26,59
ENSG00000125779|PANK2,3415,3578,2731,3099
ENSG00000089048|ESF1,13070,13675,10367,12682
ENSG00000000419|DPM1,14404,14441,11799,14383
ENSG00000026559|KCNG1,2365,2257,1642,2238
ENSG00000168634|WFDC13,0,0,5,0
ENSG00000149651|SPINT4,0,0,0,0
ENSG00000064601|CTSA,20397,19431,13781,17314
ENSG00000124160|NCOA5,9778,9683,6278,8163
ENSG00000101017|CD40,273,288,242,260
ENSG00000101076|HNF4A,2,8,0,9
ENSG00000101347|SAMHD1,4124,5063,4158,5099
ENSG00000101216|GMEB2,7176,7016,5052,5882
ENSG00000197457|STMN3,266,261,193,264
ENSG00000026036|RTEL1-TNFRSF6B,1131,1910,1369,1544
ENSG00000243509|TNFRSF6B,1,1,2,1
ENSG00000101246|ARFRP1,2883,2923,1992,2537
ENSG00000197114|ZGPAT,4987,4645,3414,4226
ENSG00000273154,3176,2234,1887,2168
ENSG00000203896|LIME1,1117,762,619,628
ENSG00000273047,0,2,0,0
ENSG00000125520|SLC2A4RG,19422,17819,13092,16057
ENSG00000258366|RTEL1,2165,1583,1557,1844
ENSG00000075043|KCNQ2,3,0,0,8
ENSG00000088881|EBF4,67,68,72,91
ENSG00000088882|CPXM1,497,555,582,640
ENSG00000241690,0,0,0,0
ENSG00000258713|C20orf141,0,0,0,10
ENSG00000198326|TMEM239,3,7,15,10
ENSG00000132635|PCED1A,1891,1683,1242,1330
ENSG00000215305|VPS16,3509,3063,2315,2962
ENSG00000101363|MANBAL,6414,5959,4306,5327
ENSG00000130699|TAF4,4654,5310,4053,5262
ENSG00000125878|TCF15,94,133,89,94
ENSG00000124243|BCAS4,1759,1732,1261,1499
ENSG00000149634|SPATA25,131,119,106,64
ENSG00000244274|DBNDD2,551,733,668,692
ENSG00000196421|C20orf204,240,185,177,183
ENSG00000101255|TRIB3,5123,4625,3243,4463
ENSG00000171695|LKAAEAR1,5,13,0,0
ENSG00000124092|CTCFL,374,495,252,313
ENSG00000125508|SRMS,108,103,57,45
ENSG00000149599|DUSP15,95,64,53,72
ENSG00000186191|BPIFB4,77,56,30,48
ENSG00000174306|ZHX3,6396,8052,5604,7027
ENSG00000180383|DEFB124,6,0,0,14
ENSG00000125813|PAX1,0,0,0,0
ENSG00000124181|PLCG1,10268,11636,9660,11953
ENSG00000196562|SULF2,13340,14621,10183,11580
ENSG00000101440|ASIP,40,53,25,20
ENSG00000125522|NPBWR2,4,2,1,10
ENSG00000172264|MACROD2,1865,2228,1165,1563
ENSG00000080845|DLGAP4,14863,14598,10709,13415
ENSG00000125823|CSTL1,3,0,3,0
ENSG00000125846|ZNF133,3914,3713,2814,3292
ENSG00000088899|LZTS3,3830,3952,3093,3757
ENSG00000125895|TMEM74B,25,26,20,0
ENSG00000132670|PTPRA,5006,5345,3984,4909
ENSG00000244588|RAD21L1,0,4,0,0
ENSG00000124203|ZNF831,0,0,0,7
ENSG00000078699|CBFA2T2,4932,5364,3749,4341
ENSG00000288649|ACTL10,161,204,109,138
ENSG00000087460|GNAS,257644,252939,177064,220654
ENSG00000070388|FGF22,22,22,23,3
ENSG00000099821|POLRMT,8394,7724,5163,6256
ENSG00000070404|FSTL3,2061,2148,1954,2170
ENSG00000141934|PLPP2,4775,4428,3191,3595
ENSG00000176695|OR4F17,0,1,2,1
ENSG00000197766|CFD,426,335,247,293
ENSG00000099812|MISP,12222,10982,6353,7950
ENSG00000070423|RNF126,8736,7622,5139,6486
ENSG00000172232|AZU1,10,11,4,1
ENSG00000099622|CIRBP,10663,9722,6842,8321
ENSG00000064687|ABCA7,1263,1003,823,907
ENSG00000099617|EFNA2,42,40,43,47
ENSG00000175221|MED16,5832,5424,3642,4352
ENSG00000116017|ARID3A,6502,6787,3820,5313
ENSG00000267059,129,65,122,67
ENSG00000064932|SBNO2,2483,2511,1974,2367
ENSG00000183186|C2CD4C,27,23,10,42
ENSG00000205922|ONECUT3,3,0,5,0
ENSG00000116032|GRIN3B,96,110,33,68
ENSG00000118046|STK11,8624,8035,5583,7136
ENSG00000273734,0,0,0,0
ENSG00000064666|CNN2,46034,44222,27853,34437
ENSG00000104953|TLE6,208,226,133,157
ENSG00000099864|PALM,10813,10038,6145,7706
ENSG00000198858|R3HDM4,10320,9254,6326,8264
ENSG00000099817|POLR2E,13983,12372,8914,10642
ENSG00000125910|S1PR4,22,5,14,12
ENSG00000125912|NCLN,9579,9023,6712,8242
ENSG00000105255|FSD1,3031,2864,2128,2510
ENSG00000011132|APBA3,1180,1034,832,1013
ENSG00000105289|TJP3,5468,5024,2640,3789
ENSG00000196415|PRTN3,2,3,0,0
ENSG00000105246|EBI3,29,78,45,66
ENSG00000104885|DOT1L,8372,8682,5958,7626
ENSG00000095932|SMIM24,35,19,34,58
ENSG00000060566|CREB3L3,0,0,0,6
ENSG00000178951|ZBTB7A,7890,7804,5246,6535
ENSG00000167476|JSRP1,1919,1750,1327,1696
ENSG00000077463|SIRT6,1970,1853,1156,1398
ENSG00000167657|DAPK3,3364,3214,2401,2907
ENSG00000228300|FAM174C,3103,2641,1605,2093
ENSG00000105428|ZNRF4,0,0,0,0
ENSG00000105229|PIAS4,4366,3902,3008,3608
ENSG00000141905|NFIC,12199,12704,9550,11777
ENSG00000031823|RANBP3,6353,6325,4372,5371
ENSG00000172081|MOB3A,2601,2360,1597,1914
ENSG00000223573|TINCR,155,150,164,148
ENSG00000104897|SF3A2,10899,9906,6964,8578
ENSG00000176533|GNG7,428,426,254,331
ENSG00000196365|LONP1,12126,12378,7828,10207
ENSG00000105248|YJU2,1494,1387,882,1145
ENSG00000104904|OAZ1,48073,42609,28730,35613
ENSG00000060558|GNA15,14,10,12,15
ENSG00000160633|SAFB,16144,17150,12896,15665
ENSG00000212123|PRR22,234,262,155,164
ENSG00000187650|VMAC,409,375,223,276
ENSG00000267157,1,1,1,1
ENSG00000205784|ARRDC5,0,0,0,0
ENSG00000130255|RPL36,36180,31442,21633,26657
ENSG00000174898|CATSPERD,33,12,0,0
ENSG00000141994|DUS3L,3495,2892,2036,2353
ENSG00000182315|MBD3L3,0,0,0,0
ENSG00000130254|SAFB2,10125,11009,8169,10051
ENSG00000105426|PTPRS,20612,24544,16611,18843
ENSG00000089847|ANKRD24,314,320,222,262
ENSG00000105519|CAPS,3395,2840,1244,1658
ENSG00000171970|ZNF57,440,435,443,481
ENSG00000267314,6,3,1,12
ENSG00000104899|AMH,970,665,549,638
ENSG00000170948|MBD3L1,7,17,7,3
ENSG00000130544|ZNF557,1857,1822,1408,1736
ENSG00000077009|NMRK2,0,0,0,0
ENSG00000171105|INSR,3001,3378,2299,3028
ENSG00000127663|KDM4B,6259,6447,4277,5209
ENSG00000161082|CELF5,237,238,106,165
ENSG00000141968|VAV1,3674,3488,2474,3163
ENSG00000104886|PLEKHJ1,3082,2882,1942,2178
ENSG00000220008|LINGO3,68,45,20,26
ENSG00000105278|ZFR2,0,13,6,4
ENSG00000174837|ADGRE1,10,0,0,10
ENSG00000127540|UQCR11,8630,7005,5337,6393
ENSG00000175691|ZNF77,683,756,559,685
ENSG00000088256|GNA11,11006,9963,7227,8875
ENSG00000133243|BTBD2,15963,14630,10413,12844
ENSG00000105549|THEG,0,0,6,0
ENSG00000267740,107,75,84,71
ENSG00000007264|MATK,33,32,49,26
ENSG00000105355|PLIN3,5212,4774,3070,3940
ENSG00000167658|EEF2,278964,260597,178178,223606
ENSG00000142347|MYO1F,62,84,51,49
ENSG00000116014|KISS1R,46,22,20,27
ENSG00000182087|TMEM259,16125,14338,10331,12590
ENSG00000065717|TLE2,1478,1293,873,1119
ENSG00000183617|MRPL54,1953,1570,991,1327
ENSG00000105251|SHD,24,42,26,8
ENSG00000167654|ATCAY,32,23,18,31
ENSG00000129932|DOHH,1286,1130,684,1035
ENSG00000167468|GPX4,22700,20892,14295,17704
ENSG00000167785|ZNF558,4645,5020,3751,4536
ENSG00000284638,0,5,0,6
ENSG00000142303|ADAMTS10,20,19,23,13
ENSG00000074842|MYDGF,7221,6678,4547,5364
ENSG00000276043|UHRF1,5626,6747,5455,6606
ENSG00000141965|FEM1A,8124,7740,5141,6785
ENSG00000099822|HCN2,462,340,258,235
ENSG00000181143|MUC16,97166,168585,69398,74723
ENSG00000066044|ELAVL1,17356,19024,13453,16630
ENSG00000130158|DOCK6,2528,2518,1668,2122
ENSG00000065989|PDE4A,452,300,561,572
ENSG00000105401|CDC37,36520,34095,26571,30978
ENSG00000197933|ZNF823,340,379,408,464
ENSG00000171295|ZNF440,1216,1316,1079,1349
ENSG00000105397|TYK2,9236,8700,7102,8275
ENSG00000197044|ZNF441,347,424,251,536
ENSG00000196646|ZNF136,1001,1045,867,1088
ENSG00000167664|TMIGD2,0,4,0,0
ENSG00000123136|DDX39A,7895,7441,5202,5885
ENSG00000105514|RAB3D,8797,9128,5080,6812
ENSG00000123146|ADGRE5,5719,5204,3405,4721
ENSG00000177599|ZNF491,38,26,22,38
ENSG00000127530|OR7C1,40,40,40,40
ENSG00000105137|SYDE1,1058,1043,915,1032
ENSG00000130173|ANGPTL8,4,1,4,5
ENSG00000160994|CCDC105,0,0,0,0
ENSG00000127507|ADGRE2,131,114,47,68
ENSG00000123159|GIPC1,13923,13305,8434,10575
ENSG00000127529|OR7C2,0,0,0,0
ENSG00000186115|CYP4F2,0,0,0,0
ENSG00000131355|ADGRE3,0,0,0,0
ENSG00000186204|CYP4F12,22,33,0,13
ENSG00000160951|PTGER1,5,0,11,7
ENSG00000167461|RAB8A,7528,7239,5288,6232
ENSG00000167460|TPM4,66927,71610,49623,58283
ENSG00000105135|ILVBL,6887,5890,3771,4775
ENSG00000186526|CYP4F8,0,0,0,0
ENSG00000161031|PGLYRP2,0,0,0,0
ENSG00000198551|ZNF627,1766,2046,1382,1634
ENSG00000160961|ZNF333,465,513,309,450
ENSG00000188305|PEAK3,5,5,4,11
ENSG00000141977|CIB3,0,0,0,0
ENSG00000099330|OCEL1,802,736,470,616
ENSG00000127220|ABHD8,1338,1189,981,1161
ENSG00000127527|EPS15L1,3493,3695,2620,3116
ENSG00000072954|TMEM38A,1158,1090,953,942
ENSG00000130300|PLVAP,0,0,0,0
ENSG00000105141|CASP14,0,0,0,0
ENSG00000160117|ANKLE1,83,69,46,53
ENSG00000179913|B3GNT3,1384,1455,956,1335
ENSG00000064490|RFXANK,3808,3665,2430,3234
ENSG00000176231|OR10H4,0,0,0,0
ENSG00000105708|ZNF14,714,714,569,704
ENSG00000141979,0,22,11,0
ENSG00000130299|GTPBP3,3082,2599,2196,2580
ENSG00000268790,22,39,2,7
ENSG00000181896|ZNF101,1235,1108,1042,1279
ENSG00000105641|SLC5A5,54,75,105,75
ENSG00000074855|ANO8,1121,1038,706,852
ENSG00000258674,866,1142,248,841
ENSG00000105058|FAM32A,9629,9657,6725,8067
ENSG00000256771|ZNF253,46,66,33,52
ENSG00000105393|BABAM1,7859,7111,5449,6728
ENSG00000178093|TSSK6,115,69,79,107
ENSG00000186010|NDUFA13,11142,9330,6396,8341
ENSG00000130287|NCAN,26,34,34,27
ENSG00000105705|SUGP1,4199,3844,2840,3439
ENSG00000064489|BORCS8-MEF2B,191,343,140,131
ENSG00000105122|RASAL3,0,0,0,0
ENSG00000105750|ZNF85,0,4,13,5
ENSG00000160229|ZNF66,3,13,18,12
ENSG00000105072|C19orf44,832,870,546,750
ENSG00000171954|CYP4F22,0,0,0,0
ENSG00000250067|YJEFN3,1134,742,855,820
ENSG00000130307|USHBP1,20,9,10,7
ENSG00000256229|ZNF486,5,3,9,6
ENSG00000197124|ZNF682,1206,1119,1028,1442
ENSG00000269095,0,0,0,0
ENSG00000188171|ZNF626,7,3,0,0
ENSG00000085872|CHERP,11929,11594,8153,10469
ENSG00000105726|ATP13A1,8593,8027,5342,6757
ENSG00000160352|ZNF714,1455,2107,1858,2044
ENSG00000197020|ZNF100,25,25,29,32
ENSG00000160161|CILP2,1216,1210,910,1084
ENSG00000105717|PBX4,375,332,263,261
ENSG00000105662|CRTC1,3507,3373,2420,2921
ENSG00000184635|ZNF93,4,8,23,12
ENSG00000129933|MAU2,5113,4699,3625,4574
ENSG00000130475|FCHO1,1342,1169,661,832
ENSG00000197134|ZNF257,5,9,0,0
ENSG00000196350|ZNF729,0,0,0,0
ENSG00000229676|ZNF492,17,42,16,23
ENSG00000167487|KLHL26,1549,1517,1092,1285
ENSG00000127526|SLC35E1,9305,9984,7293,8919
ENSG00000064545|TMEM161A,2824,2664,1855,2289
ENSG00000105656|ELL,1929,1761,1212,1588
ENSG00000105676|ARMC6,4981,4511,3346,3799
ENSG00000160321|ZNF208,0,2,9,3
ENSG00000130479|MAP1S,4290,4160,2888,3708
ENSG00000213988|ZNF90,17,12,45,30
ENSG00000118620|ZNF430,657,896,743,837
ENSG00000196109|ZNF676,0,0,0,0
ENSG00000167232|ZNF91,17,28,29,32
ENSG00000197013|ZNF429,180,211,105,197
ENSG00000105664|COMP,0,0,0,6
ENSG00000186529|CYP4F3,72,69,51,59
ENSG00000197372|ZNF675,562,761,681,812
ENSG00000196172|ZNF681,12,16,10,22
ENSG00000213973|ZNF99,0,0,0,0
ENSG00000130311|DDA1,4954,4748,3521,4441
ENSG00000213996|TM6SF2,135,195,122,162
ENSG00000064607|SUGP2,10346,10420,8643,9683
ENSG00000213999|MEF2B,97,62,34,88
ENSG00000196705|ZNF431,1649,1851,1816,1941
ENSG00000269307,2,0,0,1
ENSG00000197360|ZNF98,0,0,0,7
ENSG00000182141|ZNF708,628,644,585,811
ENSG00000053501|USE1,1058,968,618,790
ENSG00000213967|ZNF726,15,26,14,21
ENSG00000089639|GMIP,1642,1629,1221,1448
ENSG00000183850|ZNF730,0,0,0,0
ENSG00000081665|ZNF506,249,277,303,333
ENSG00000187664|HAPLN4,5,259,0,278
ENSG00000269067|ZNF728,0,0,0,0
ENSG00000153879|CEBPG,14283,15668,11948,15108
ENSG00000131944|FAAP24,2135,2070,1610,1844
ENSG00000283201,0,0,0,0
ENSG00000121297|TSHZ3,21,15,28,10
ENSG00000130304|SLC27A1,910,689,512,546
ENSG00000126249|PDCD2L,3879,3487,2541,3102
ENSG00000124302|CHST8,8,15,0,5
ENSG00000268696|ZNF723,0,0,0,0
ENSG00000089335|ZNF302,833,1018,734,943
ENSG00000105672|ETV2,240,180,136,96
ENSG00000245848|CEBPA,413,368,184,330
ENSG00000161249|DMKN,20935,19570,14863,17629
ENSG00000198597|ZNF536,0,0,4,0
ENSG00000064547|LPAR2,1215,1240,915,1197
ENSG00000197863|ZNF790,1348,1761,1285,1484
ENSG00000142279|WTIP,773,679,696,804
ENSG00000249861|LGALS16,0,0,0,0
ENSG00000187994|RINL,1345,1153,970,1308
ENSG00000076650|GPATCH1,3112,3493,2627,3002
ENSG00000142539,2,0,0,0
ENSG00000130881|LRP3,4027,3419,2413,3021
ENSG00000196357|ZNF565,634,604,445,565
ENSG00000161558|TMEM143,520,512,331,441
ENSG00000269404|SPIB,22,17,19,22
ENSG00000086967|MYBPC2,11,0,18,19
ENSG00000083807|SLC27A5,270,208,143,204
ENSG00000006659|LGALS14,720,757,561,666
ENSG00000273777|CEACAM20,0,0,0,0
ENSG00000105186|ANKRD27,9088,10535,7590,9449
ENSG00000237440|ZNF737,0,14,10,3
ENSG00000239961|LILRA4,50,0,32,37
ENSG00000167614|TTYH1,349,336,229,259
ENSG00000142530|FAM71E1,307,208,167,220
ENSG00000105205|CLC,10,23,32,28
ENSG00000216588|IGSF23,79,58,44,47
ENSG00000267041|ZNF850,3558,3985,3726,4793
ENSG00000068903|SIRT2,7478,6888,5295,6374
ENSG00000119574|ZBTB45,1386,1104,652,914
ENSG00000118162|KPTN,915,880,719,882
ENSG00000204920|ZNF155,1145,1303,919,1155
ENSG00000130726|TRIM28,62539,57732,40134,50472
ENSG00000104825|NFKBIB,6154,5653,4361,5259
ENSG00000179709|NLRP8,0,0,0,3
ENSG00000167637|ZNF283,1110,1225,1067,1293
ENSG00000171487|NLRP5,0,0,0,0
ENSG00000007129|CEACAM21,0,0,0,0
ENSG00000126243|LRFN3,2968,2887,2037,2582
ENSG00000073008|PVR,11859,12599,8918,11122
ENSG00000267110,0,0,0,0
ENSG00000176222|ZNF404,344,321,341,380
ENSG00000178150|ZNF114,13,4,0,23
ENSG00000269547,0,0,0,0
ENSG00000105352|CEACAM4,0,0,0,0
ENSG00000171570|RAB4B-EGLN2,5,0,0,2
ENSG00000105176|URI1,67677,75983,56454,69135
ENSG00000105204|DYRK1B,21647,19468,12701,16114
ENSG00000124444|ZNF576,1179,936,734,971
ENSG00000159882|ZNF230,611,718,566,675
ENSG00000007306|CEACAM7,0,0,0,0
ENSG00000105374|NKG7,6,0,0,2
ENSG00000226763|SRRM5,102,137,86,113
ENSG00000124459|ZNF45,2496,3132,2670,3394
ENSG00000131116|ZNF428,704,456,415,467
ENSG00000186567|CEACAM19,948,891,600,782
ENSG00000130724|CHMP2A,9151,8150,5224,6526
ENSG00000159885|ZNF222,381,442,373,402
ENSG00000105388|CEACAM5,0,0,0,0
ENSG00000131941|RHPN2,17924,19362,13784,17482
ENSG00000269858|EGLN2,5386,4776,3352,4370
ENSG00000105767|CADM4,2056,1900,1730,2112
ENSG00000268797,0,0,0,0
ENSG00000267881,0,0,0,0
ENSG00000105738|SIPA1L3,45636,51094,32823,39029
ENSG00000105202|FBL,90246,79576,58015,71696
ENSG00000267022,0,0,0,0
ENSG00000131398|KCNC3,2110,2011,1306,1656
ENSG00000105048|TNNT1,10102,9216,6783,8138
ENSG00000130725|UBE2M,8714,8288,5612,6973
ENSG00000086548|CEACAM6,0,0,0,0
ENSG00000168813|ZNF507,8254,11991,8931,10782
ENSG00000011422|PLAUR,1121,1174,700,825
ENSG00000251247|ZNF345,1235,1247,1014,1114
ENSG00000178386|ZNF223,733,781,548,763
ENSG00000179873|NLRP11,13,24,35,27
ENSG00000186026|ZNF284,1590,1410,1413,1497
ENSG00000170956|CEACAM3,0,0,0,0
ENSG00000178904|DPY19L3,6551,8073,6695,7915
ENSG00000160505|NLRP4,0,0,0,0
ENSG00000121410|A1BG,127,83,59,89
ENSG00000124449|IRGC,0,0,0,6
ENSG00000213892|CEACAM16,0,0,2,4
ENSG00000105771|SMG9,2373,1960,1464,1815
ENSG00000105198|LGALS13,0,0,0,0
ENSG00000255974|CYP2A6,3,0,0,31
ENSG00000099326|MZF1,1816,1693,1215,1380
ENSG00000104823|ECH1,20540,18506,12643,16590
ENSG00000269533,34,27,46,34
ENSG00000173572|NLRP13,0,0,0,0
ENSG00000069399|BCL3,1436,1205,915,997
ENSG00000248385|TARM1,0,0,1,0
ENSG00000268533,91,32,17,79
ENSG00000189114|BLOC1S3,596,610,455,566
ENSG00000273111|LYPD4,0,0,0,0
ENSG00000173809|TDRD12,34,38,20,33
ENSG00000249115|HAUS5,8173,7948,6720,8041
ENSG00000174586|ZNF497,502,548,398,0
ENSG00000266953,0,0,0,0
ENSG00000161298|ZNF382,832,830,814,867
ENSG00000105697|HAMP,9,8,4,8
ENSG00000186230|ZNF749,1147,1497,1184,1440
ENSG00000126267|COX6B1,43945,40427,26793,33017
ENSG00000130758|MAP3K10,18700,17037,12163,14367
ENSG00000242019|KIR3DL3,0,0,0,0
ENSG00000142025|DMRTC2,0,0,0,0
ENSG00000188293|IGFL1,25,29,8,18
ENSG00000161281|COX7A1,15,27,14,19
ENSG00000152475|ZNF837,462,375,294,322
ENSG00000243772|KIR2DL3,0,0,0,0
ENSG00000197619|ZNF615,297,343,359,413
ENSG00000256294|ZNF225,727,814,605,805
ENSG00000174521|TTC9B,246,222,135,210
ENSG00000268163,9,5,15,6
ENSG00000124299|PEPD,11351,10638,7778,9744
ENSG00000152467|ZSCAN1,0,4,0,0
ENSG00000125498|KIR2DL1,0,0,0,0
ENSG00000263002|ZNF234,1544,1861,1299,1646
ENSG00000198453|ZNF568,1016,1108,920,1102
ENSG00000142556|ZNF614,475,666,476,629
ENSG00000171574|ZNF584,1767,1792,1403,1753
ENSG00000256087|ZNF432,538,672,440,483
ENSG00000197408|CYP2B6,0,0,0,0
ENSG00000134830|C5AR2,4,6,0,4
ENSG00000181894|ZNF329,1738,1848,1378,1833
ENSG00000105219|CCNP,403,274,220,309
ENSG00000105372|RPS19,50912,42980,28441,37114
ENSG00000234465|PINLYP,98,98,102,79
ENSG00000105369|CD79A,16,10,0,3
ENSG00000197808|ZNF461,2431,2425,2088,2667
ENSG00000189013|KIR2DL4,0,0,0,0
ENSG00000105220|GPI,82253,78243,54743,68404
ENSG00000104879|CKM,6,0,0,10
ENSG00000131849|ZNF132,211,230,194,214
ENSG00000083845|RPS5,63798,56477,38847,49004
ENSG00000105379|ETFB,3398,3089,2255,2713
ENSG00000142273|CBLC,1967,1683,1124,1390
ENSG00000134815|DHX34,3843,3626,2633,3354
ENSG00000105398|SULT2A1,0,0,0,0
ENSG00000269403,0,0,0,0
ENSG00000167633|KIR3DL1,0,0,0,0
ENSG00000181392|SYNE4,154,153,135,150
ENSG00000105668|UPK1A,133,144,116,102
ENSG00000126261|UBA2,61591,73688,57523,70968
ENSG00000197838|CYP2A13,0,0,0,0
ENSG00000188334|BSPH1,0,0,0,0
ENSG00000197050|ZNF420,4011,4690,3910,4893
ENSG00000249471|ZNF324B,1265,1375,1066,1282
ENSG00000169393|ELSPBP1,0,0,0,0
ENSG00000160318|CLDND2,9,12,14,0
ENSG00000204611|ZNF616,1184,1295,953,1204
ENSG00000196263|ZNF471,585,698,630,752
ENSG00000011485|PPP5C,7746,7595,5480,6705
ENSG00000275395|FCGBP,288,212,233,427
ENSG00000104783|KCNN4,38,56,49,36
ENSG00000268083,8,159,79,82
ENSG00000240403|KIR3DL2,0,0,0,0
ENSG00000099337|KCNK6,8030,7579,7408,8915
ENSG00000131115|ZNF227,2417,2921,2182,2668
ENSG00000186431|FCAR,0,0,0,0
ENSG00000197561|ELANE,2,0,0,0
ENSG00000197446|CYP2F1,0,15,0,8
ENSG00000159871|LYPD5,30,45,14,23
ENSG00000083812|ZNF324,2150,2118,1734,2055
ENSG00000262874|C19orf84,0,3,0,3
ENSG00000105507|CABP5,0,0,0,0
ENSG00000105419|MEIS3,2096,1885,1725,2036
ENSG00000196867|ZFP28,947,1338,1062,1276
ENSG00000188508|KRTDAP,26,20,10,21
ENSG00000177558|FAM187B,0,3,0,0
ENSG00000142512|SIGLEC10,0,0,0,6
ENSG00000189430|NCR1,0,0,0,0
ENSG00000197016|ZNF470,1763,2444,1856,2403
ENSG00000083828|ZNF586,1747,1752,1417,1667
ENSG00000105679|GAPDHS,8,4,5,13
ENSG00000159917|ZNF235,901,1093,804,913
ENSG00000187244|BCAM,51524,47017,28398,37454
ENSG00000204941|PSG5,0,0,0,0
ENSG00000011590|ZBTB32,29,40,34,31
ENSG00000105695|MAG,0,0,5,0
ENSG00000131864|USP29,0,0,2,0
ENSG00000118160|SLC8A2,82,80,87,51
ENSG00000171606|ZNF274,3169,3097,2399,2769
ENSG00000083838|ZNF446,1692,1530,1017,1361
ENSG00000105173|CCNE1,15719,16220,13829,16582
ENSG00000126266|FFAR1,0,0,6,3
ENSG00000105568|PPP2R1A,15639,15121,9775,12393
ENSG00000141946|ZIM3,0,0,0,0
ENSG00000167634|NLRP7,0,0,0,0
ENSG00000243137|PSG4,0,0,0,0
ENSG00000269190|FBXO17,1912,1813,1606,1998
ENSG00000099338|CATSPERG,936,748,618,729
ENSG00000021488|SLC7A9,26,19,12,0
ENSG00000167751|KLK2,0,0,0,0
ENSG00000258873|DUXA,0,0,0,0
ENSG00000105499|PLA2G4C,21,21,26,32
ENSG00000196214|ZNF766,1469,1555,1090,1528
ENSG00000083844|ZNF264,2856,3543,2829,3654
ENSG00000167749|KLK4,2,0,0,0
ENSG00000183668|PSG9,0,0,0,0
ENSG00000221826|PSG3,0,0,0,0
ENSG00000105402|NAPA,6031,5656,4069,4904
ENSG00000268975|MIA-RAB4B,22,0,0,41
ENSG00000105383|CD33,17,17,17,36
ENSG00000198464|ZNF480,1288,1660,1354,1527
ENSG00000261857|MIA,0,0,0,0
ENSG00000161243|FBXO27,511,534,464,516
ENSG00000275183|LENG9,830,862,552,701
ENSG00000131400|NAPSA,31,37,47,31
ENSG00000124467|PSG8,0,0,0,0
ENSG00000121289|CEP89,6824,7604,5037,5770
ENSG00000126251|GPR42,0,0,0,0
ENSG00000105146|AURKC,39,19,22,13
ENSG00000268182|SMIM17,10,31,17,13
ENSG00000118156|ZNF541,62,66,26,56
ENSG00000177380|PPFIA3,730,736,539,728
ENSG00000267173,0,0,0,0
ENSG00000127903|ZNF835,0,0,0,0
ENSG00000166359|WDR88,340,389,271,306
ENSG00000198046|ZNF667,1853,2095,1691,2056
ENSG00000179168|GGN,221,194,138,165
ENSG00000204524|ZNF805,1884,2007,1538,1915
ENSG00000090013|BLVRB,927,792,706,746
ENSG00000167754|KLK5,49,40,25,36
ENSG00000167554|ZNF610,59,51,66,61
ENSG00000105404|RABAC1,2008,1743,1193,1436
ENSG00000022556|NLRP2,3,8,0,6
ENSG00000130528|HRC,0,6,0,0
ENSG00000204936|CD177,0,0,0,0
ENSG00000283515,0,3,0,0
ENSG00000167578|RAB4B,429,358,211,358
ENSG00000285505,0,0,0,0
ENSG00000130751|NPAS1,115,110,60,82
ENSG00000105063|PPP6R1,11004,10318,7687,8915
ENSG00000167755|KLK6,26,18,8,14
ENSG00000167617|CDC42EP5,352,290,241,289
ENSG00000188766|SPRED3,938,980,670,732
ENSG00000130748|TMEM160,1294,1187,748,980
ENSG00000221923|ZNF880,0,8,11,7
ENSG00000105677|TMEM147,12070,10844,7388,9278
ENSG00000189001|SBSN,67,61,33,23
ENSG00000105698|USF2,24221,22583,15787,19150
ENSG00000269699|ZIM2,0,0,0,0
ENSG00000124466|LYPD3,173,58,63,156
ENSG00000088053|GP6,5,4,4,11
ENSG00000130749|ZC3H4,7839,8965,6362,7714
ENSG00000105675|ATP4A,32,25,17,28
ENSG00000090372|STRN4,12977,12523,8639,11079
ENSG00000197714|ZNF460,376,578,530,804
ENSG00000169035|KLK7,5,8,0,3
ENSG00000105486|LIG1,6614,6493,5337,6468
ENSG00000221878|PSG7,0,0,0,0
ENSG00000278129|ZNF8,2827,3146,2472,3060
ENSG00000133265|HSPBP1,5055,4590,3198,4122
ENSG00000130244|FAM98C,1839,1407,1071,1333
ENSG00000130529|TRPM4,1156,1158,802,963
ENSG00000167618|LAIR2,0,0,0,0
ENSG00000176531|PHLDB3,569,688,498,572
ENSG00000181666|ZNF875,13607,12756,9761,11969
ENSG00000125740|FOSB,2011,2714,1401,2158
ENSG00000178229|ZNF543,829,1001,797,1164
ENSG00000187116|LILRA5,0,1,0,0
ENSG00000283758|PMIS2,0,0,0,0
ENSG00000105755|ETHE1,853,740,453,629
ENSG00000185453|ZSWIM9,1198,1241,969,1093
ENSG00000129455|KLK8,53,55,33,35
ENSG00000278318|ZNF229,1238,1481,1194,1503
ENSG00000269741,0,2,0,0
ENSG00000160439|RDH13,724,578,521,522
ENSG00000167555|ZNF528,208,237,234,323
ENSG00000125744|RTN2,383,286,151,267
ENSG00000176472|ZNF575,78,107,89,60
ENSG00000213022|KLK9,0,0,0,0
ENSG00000169021|UQCRFS1,6672,6451,4196,5164
ENSG00000243130|PSG11,0,0,0,0
ENSG00000063127|SLC6A16,130,140,77,109
ENSG00000142396|ERVK3-1,6772,6198,5532,6689
ENSG00000181027|FKRP,1564,1479,998,1528
ENSG00000242221|PSG2,0,0,0,0
ENSG00000160469|BRSK1,2246,2011,1727,1993
ENSG00000131037|EPS8L1,4615,3990,2413,3091
ENSG00000256060|TRAPPC2B,669,523,437,556
ENSG00000258405|ZNF578,5,2,2,7
ENSG00000129451|KLK10,26,34,9,16
ENSG00000104859|CLASRP,5447,4445,3319,3883
ENSG00000268133,0,0,0,0
ENSG00000197405|C5AR1,1540,335,243,310
ENSG00000105281|SLC1A5,27573,25869,17102,21745
ENSG00000125503|PPP1R12C,4877,4420,3339,4068
ENSG00000125753|VASP,6421,6114,4172,5354
ENSG00000105479|ODAD1,21,17,14,18
ENSG00000170684|ZNF296,64,42,69,63
ENSG00000167613|LAIR1,3,4,9,1
ENSG00000171777|RASGRP4,24,21,28,25
ENSG00000177464|GPR4,3,8,0,0
ENSG00000104894|CD37,122,191,157,107
ENSG00000161652|IZUMO2,0,0,0,0
ENSG00000130876|SLC7A10,83,91,55,78
ENSG00000268361,1,0,0,0
ENSG00000142227|EMP3,17,26,25,29
ENSG00000254901|BORCS8,1968,1842,1267,1640
ENSG00000142252|GEMIN7,1605,1396,966,1065
ENSG00000182318|ZSCAN22,1515,1401,988,1448
ENSG00000062822|POLD1,5278,4914,4476,5163
ENSG00000142230|SAE1,15284,15773,11394,13478
ENSG00000196218|RYR1,6197,6030,4210,5477
ENSG00000167757|KLK11,0,0,0,0
ENSG00000188785|ZNF548,2360,2743,2015,2445
ENSG00000012124|CD22,0,2,3,6
ENSG00000239998|LILRA2,0,0,0,0
ENSG00000129991|TNNI3,1299,1302,971,1201
ENSG00000105321|CCDC9,1473,1367,1106,1267
ENSG00000007047|MARK4,5078,4587,3432,4331
ENSG00000167759|KLK13,0,6,8,3
ENSG00000104812|GYS1,6788,6842,4629,5713
ENSG00000104901|DKKL1,62,60,18,45
ENSG00000104974|LILRA1,0,0,0,0
ENSG00000104856|RELB,1354,1344,1355,1779
ENSG00000129990|SYT5,498,490,338,426
ENSG00000257704|INAFM1,340,338,186,204
ENSG00000104866|PPP1R37,3669,3568,2236,2695
ENSG00000086544|ITPKC,2737,2547,1664,1996
ENSG00000142544|CTU1,946,703,499,642
ENSG00000153896|ZNF599,1361,1118,940,1037
ENSG00000080031|PTPRH,25,38,10,26
ENSG00000186326|RGS9BP,68,85,81,77
ENSG00000188493|C19orf54,799,761,473,656
ENSG00000105640|RPL18A,72117,61795,41542,54309
ENSG00000105171|POP4,41333,40245,28382,33455
ENSG00000105409|ATP1A3,929,757,566,582
ENSG00000197841|ZNF181,1232,1714,1103,1456
ENSG00000185897|FFAR3,0,0,0,0
ENSG00000186818|LILRB4,0,0,0,0
ENSG00000105223|PLD3,214652,194342,131906,171914
ENSG00000181035|SLC25A42,1807,1648,1245,1481
ENSG00000131408|NR1H2,4375,4076,2730,3345
ENSG00000077312|SNRPA,9318,8685,6321,8172
ENSG00000105483|CARD8,1613,1990,1519,1823
ENSG00000105221|AKT2,156118,153069,115841,141175
ENSG00000187135|VSTM2B,0,0,0,0
ENSG00000104946|TBC1D17,4680,4031,2911,3228
ENSG00000126254|RBM42,20382,18594,12353,15017
ENSG00000105185|PDCD5,16618,15567,11343,13336
ENSG00000180089|TMEM86B,199,99,125,130
ENSG00000198300|PEG3,0,0,0,2
ENSG00000105737|GRIK5,102,94,81,89
ENSG00000183760|ACP7,217,212,268,366
ENSG00000130669|PAK4,61929,58042,38589,47685
ENSG00000188505|NCCRP1,222,175,190,256
ENSG00000197110|IFNL3,0,0,0,0
ENSG00000182393|IFNL1,19,6,0,8
ENSG00000130755|GMFG,165,134,136,160
ENSG00000179134|SAMD4B,184038,194676,143385,175340
ENSG00000006712|PAF1,111681,110567,85226,99857
ENSG00000063322|MED29,124483,124176,92109,114155
ENSG00000128016|ZFP36,60938,54123,36497,48967
ENSG00000090924|PLEKHG2,106184,113197,84984,98092
ENSG00000105193|RPS16,889860,779613,546524,692758
ENSG00000196235|SUPT5H,253465,241999,177627,214691
ENSG00000105197|TIMM50,124617,112878,82048,101053
ENSG00000090932|DLL3,4893,4283,3335,4594
ENSG00000186838|SELENOV,1665,1385,1269,1649
ENSG00000176401|EID2B,2766,2526,1866,2501
ENSG00000176396|EID2,22779,22516,15249,18686
ENSG00000169515|CCDC8,421,446,342,387
ENSG00000182013|PNMA8A,3730,4143,3276,4284
ENSG00000204851|PNMA8B,3,0,0,0
ENSG00000160014|CALM3,18424,17394,13077,15875
ENSG00000160013|PTGIR,0,0,0,0
ENSG00000167414|GNG8,0,0,0,0
ENSG00000197380|DACT3,265,238,211,274
ENSG00000128011|LRFN1,20392,20088,16051,19249
ENSG00000130545|CRB3,1625,1794,1052,1405
ENSG00000205744|DENND1C,1801,1869,1365,1670
ENSG00000104833|TUBB4A,2868,2767,2081,2582
ENSG00000125657|TNFSF9,363,313,365,446
ENSG00000125726|CD70,106,122,138,160
ENSG00000125730|C3,88619,90239,64203,81390
ENSG00000125734|GPR108,5573,4731,3193,4188
ENSG00000125733|TRIP10,9241,8411,6375,7751
ENSG00000125731|SH2D3A,3664,3065,2076,2541
ENSG00000125735|TNFSF14,723,490,434,498
ENSG00000125755|SYMPK,11299,11057,7773,9250
ENSG00000170608|FOXA3,61,92,77,85
ENSG00000170604|IRF2BP1,4971,4266,2991,3649
ENSG00000176182|MYPOP,977,842,577,742
ENSG00000188425|NANOS2,0,0,0,5
ENSG00000104983|CCDC61,294,300,196,241
ENSG00000008438|PGLYRP1,0,0,5,0
ENSG00000204869|IGFL4,24,6,21,11
ENSG00000204866|IGFL2,131,110,96,62
ENSG00000188624|IGFL3,0,4,0,0
ENSG00000177045|SIX5,1570,1330,970,1077
ENSG00000268434,3,7,3,0
ENSG00000185800|DMWD,4613,4313,3172,3812
ENSG00000104941|RSPH6A,0,0,9,8
ENSG00000130818|ZNF426,410,554,424,579
ENSG00000171469|ZNF561,3618,4270,2967,3954
ENSG00000171466|ZNF562,6333,7182,6064,7395
ENSG00000196605|ZNF846,342,425,310,434
ENSG00000127452|FBXL12,3078,2725,2217,2516
ENSG00000063169|BICRA,2253,2323,1358,1748
ENSG00000024422|EHD2,4709,4539,3174,3759
ENSG00000105373|NOP53,16833,15436,10481,12980
ENSG00000178980|SELENOW,3418,2982,2245,2899
ENSG00000178928|TPRX1,0,0,0,0
ENSG00000105392|CRX,0,0,0,4
ENSG00000178935|ZNF552,1522,1477,1118,1310
ENSG00000268750,14,36,41,45
ENSG00000269343|ZNF587B,5097,5425,4107,5187
ENSG00000204514|ZNF814,1779,1396,1185,1237
ENSG00000198466|ZNF587,7718,8596,6727,7842
ENSG00000269476,14,0,0,0
ENSG00000173480|ZNF417,1871,2558,2154,2475
ENSG00000152454|ZNF256,818,875,673,969
ENSG00000177025|C19orf18,0,0,23,13
ENSG00000104951|IL4I1,341,297,265,281
ENSG00000269179,0,0,0,0
ENSG00000161640|SIGLEC11,0,0,8,0
ENSG00000105053|VRK3,2375,2103,1642,1813
ENSG00000142528|ZNF473,2431,2864,2150,2760
ENSG00000204653|ASPDH,17,24,10,8
ENSG00000131409|LRRC4B,35,24,21,22
ENSG00000213023|SYT3,39,27,25,46
ENSG00000235034|C19orf81,3,0,0,0
ENSG00000105472|CLEC11A,33,15,17,9
ENSG00000142511|GPR32,0,3,3,0
ENSG00000142513|ACP4,15,16,17,8
ENSG00000167748|KLK1,28,13,29,25
ENSG00000174562|KLK15,0,0,0,0
ENSG00000142515|KLK3,0,0,0,0
ENSG00000179846|NKPD1,86,71,64,67
ENSG00000142065|ZFP14,2019,2185,1706,2214
ENSG00000181007|ZFP82,7,8,5,16
ENSG00000254004|ZNF260,8867,12129,10400,13054
ENSG00000186020|ZNF529,6384,6444,5738,6805
ENSG00000130164|LDLR,8598,9483,5947,7680
ENSG00000161888|SPC24,2250,8568,6098,7241
ENSG00000160396|HIPK4,160,88,92,187
ENSG00000197019|SERTAD1,7163,6106,5529,6985
ENSG00000167565|SERTAD3,18631,16722,11103,14214
ENSG00000170848|PSG6,0,0,0,0
ENSG00000099840|IZUMO4,72,43,51,36
ENSG00000179751|SYCN,0,0,3,0
ENSG00000105370|LIM2,0,0,0,0
ENSG00000187912|CLEC17A,0,0,3,0
ENSG00000074219|TEAD2,8884,8720,6509,7645
ENSG00000167646|DNAAF3,566,492,247,328
ENSG00000065000|AP3D1,20590,21203,14607,17681
ENSG00000161677|JOSD2,974,884,599,643
ENSG00000237452|MEIOSIN,20,10,8,5
ENSG00000173976|RAX2,0,0,6,3
ENSG00000196081|ZNF724,504,826,701,810
ENSG00000012061|ERCC1,5514,5336,3345,3891
ENSG00000123143|PKN1,9773,8839,6740,8785
ENSG00000198521|ZNF43,17,4,13,29
ENSG00000042753|AP2S1,10010,8772,6045,7805
ENSG00000076928|ARHGEF1,7871,7154,5694,7002
ENSG00000105085|MED26,1389,1413,996,1150
ENSG00000127445|PIN1,5061,4680,3106,3922
ENSG00000073050|XRCC1,5806,5398,3856,4548
ENSG00000105327|BBC3,465,414,324,357
ENSG00000127528|KLF2,744,815,427,561
ENSG00000213024|NUP62,10174,10235,7720,9138
ENSG00000104835|SARS2,6182,5534,3542,4291
ENSG00000065268|WDR18,7174,6581,4383,5305
ENSG00000125741|OPA3,2994,3232,2188,2740
ENSG00000126934|MAP2K2,12578,11593,8445,10662
ENSG00000269058|CALR3,23,14,10,9
ENSG00000183709|IFNL2,10,8,0,0
ENSG00000152433|ZNF547,518,449,365,489
ENSG00000174886|NDUFA11,6963,6139,4103,5022
ENSG00000184162|NR2C2AP,448,435,276,341
ENSG00000142453|CARM1,7626,6661,4777,5578
ENSG00000161671|EMC10,16345,15295,10664,13487
ENSG00000105227|PRX,5420,5776,4491,5520
ENSG00000182264|IZUMO1,8,14,21,12
ENSG00000105550|FGF21,5,3,9,7
ENSG00000105552|BCAT2,5847,5447,4003,4964
ENSG00000087076|HSD17B14,315,327,260,384
ENSG00000105559|PLEKHA4,3034,2821,2152,2756
ENSG00000087074|PPP1R15A,4751,5103,3624,4637
ENSG00000104804|TULP2,102,82,41,89
ENSG00000104805|NUCB1,19882,17919,13012,15743
ENSG00000104808|DHDH,104,89,72,122
ENSG00000087088|BAX,2503,2247,1829,2069
ENSG00000087086|FTL,37029,33353,25036,31231
ENSG00000267360,40,11,82,78
ENSG00000196967|ZNF585A,4581,5615,4544,5225
ENSG00000245680|ZNF585B,5606,6514,5194,6799
ENSG00000180884|ZNF792,861,1019,907,1252
ENSG00000285526,0,0,0,0
ENSG00000153902|LGI4,20,48,28,27
ENSG00000221946|FXYD7,310,192,186,131
ENSG00000089327|FXYD5,5109,4528,3956,4798
ENSG00000179115|FARSA,12695,11326,7950,9791
ENSG00000179262|RAD23A,11221,10620,7011,9240
ENSG00000179271|GADD45GIP1,6854,5738,4322,4940
ENSG00000180061|TMEM150B,0,6,0,7
ENSG00000133247|KMT5C,1141,998,916,1136
ENSG00000160471|COX6B2,9,19,15,12
ENSG00000267706,2,0,0,0
ENSG00000180043|FAM71E2,0,2,0,0
ENSG00000095752|IL11,116,78,49,56
ENSG00000160472|TMEM190,0,12,0,10
ENSG00000233493|TMEM238,178,174,118,123
ENSG00000108107|RPL28,72311,63590,43744,55510
ENSG00000108106|UBE2S,27379,24688,13508,16904
ENSG00000063241|ISOC2,4294,3841,2300,2788
ENSG00000197483|ZNF628,1251,1091,739,950
ENSG00000090971|NAT14,1927,1585,1094,1423
ENSG00000179954|SSC5D,371,278,176,242
ENSG00000187550|SBK2,7,6,10,32
ENSG00000231274|SBK3,37,23,12,17
ENSG00000218891|ZNF579,2333,2258,1446,2051
ENSG00000179943|FIZ1,2086,2129,1473,1969
ENSG00000171443|ZNF524,579,488,274,332
ENSG00000179922|ZNF784,586,505,324,408
ENSG00000213015|ZNF580,1245,1066,560,834
ENSG00000171425|ZNF581,1421,1405,835,1123
ENSG00000173581|CCDC106,2552,2144,1570,2054
ENSG00000063245|EPN1,21348,19163,13999,16748
ENSG00000185792|NLRP9,12,0,5,9
ENSG00000223638|RFPL4A,11,11,5,6
ENSG00000229292|RFPL4AL1,10,3,4,0
ENSG00000063244|U2AF2,26354,23783,17763,21732
ENSG00000115286|NDUFS7,3148,2576,1899,2309
ENSG00000130005|GAMT,2159,1986,1201,1759
ENSG00000071626|DAZAP1,19431,18503,13573,15987
ENSG00000119559|C19orf25,3253,2816,2330,2746
ENSG00000115257|PCSK4,175,185,101,173
ENSG00000185761|ADAMTSL5,734,708,621,754
ENSG00000071655|MBD3,11771,10954,7562,9820
ENSG00000115266|APC2,497,598,326,425
ENSG00000160007|ARHGAP35,20202,25889,16570,19551
ENSG00000013275|PSMC4,104716,95828,66407,85163
ENSG00000187187|ZNF546,4269,1802,3272,4004
ENSG00000128000|ZNF780B,13483,18482,14521,18319
ENSG00000196110|ZNF699,633,903,613,941
ENSG00000188629|ZNF177,142,105,74,85
ENSG00000198028|ZNF560,6,0,0,0
ENSG00000267710|EDDM13,6,8,7,25
ENSG00000198440|ZNF583,542,782,532,762
ENSG00000080573|COL5A3,0,15,22,15
ENSG00000080511|RDH8,0,0,0,0
ENSG00000130813|SHFL,1208,1128,926,1156
ENSG00000243207|PPAN-P2RY11,826,1024,552,471
ENSG00000130810|PPAN,7959,7051,5232,6206
ENSG00000244165|P2RY11,442,313,271,334
ENSG00000130811|EIF3G,30827,27575,18447,22504
ENSG00000267534|S1PR2,1984,1921,1353,1728
ENSG00000105364|MRPL4,8210,7111,4855,5781
ENSG00000090339|ICAM1,1620,1566,1659,1901
ENSG00000105371|ICAM4,3,1,2,2
ENSG00000105376|ICAM5,211,174,159,188
ENSG00000220201|ZGLP1,200,103,109,126
ENSG00000167807,859,885,490,949
ENSG00000267673|FDX2,1809,1489,1254,1218
ENSG00000267303,334,11,1471,862
ENSG00000161847|RAVER1,16815,15693,9991,13287
ENSG00000076662|ICAM3,763,1048,471,812
ENSG00000198482|ZNF808,453,566,466,596
ENSG00000213020|ZNF611,249,351,286,230
ENSG00000189190|ZNF600,431,377,280,425
ENSG00000198538|ZNF28,1023,1255,1126,1286
ENSG00000268107,0,164,90,0
ENSG00000152439|ZNF773,1518,1611,1204,1673
ENSG00000121406|ZNF549,1723,2004,1538,1855
ENSG00000251369|ZNF550,2070,2312,1941,2417
ENSG00000083817|ZNF416,876,950,741,848
ENSG00000171649|ZIK1,133,126,120,156
ENSG00000213762|ZNF134,4525,4904,3692,4551
ENSG00000121417|ZNF211,1767,2050,1537,1856
ENSG00000189164|ZNF527,2405,2744,2448,3120
ENSG00000196437|ZNF569,3169,4668,3864,4961
ENSG00000188227|ZNF793,262,373,384,443
ENSG00000171817|ZNF540,206,267,205,310
ENSG00000180479|ZNF571,1569,1811,1539,1719
ENSG00000196381|ZNF781,18,19,3,13
ENSG00000267552,1,0,0,0
ENSG00000198182|ZNF607,3322,3984,3140,3709
ENSG00000171804|WDR87,30,37,28,26
ENSG00000167600|CYP2S1,528,491,400,452
ENSG00000167601|AXL,87,95,69,133
ENSG00000105323|HNRNPUL1,30693,32157,21547,26142
ENSG00000142039|CCDC97,5698,5394,3691,4532
ENSG00000255730,0,0,4,3
ENSG00000142046|TMEM91,178,135,124,125
ENSG00000123810|B9D2,204,175,112,125
ENSG00000077348|EXOSC5,2592,2231,1702,2070
ENSG00000248098|BCKDHA,5086,4635,3254,4316
ENSG00000177191|B3GNT8,27,15,12,26
ENSG00000204978|ERICH4,0,0,0,0
ENSG00000105366|SIGLEC8,0,0,0,0
ENSG00000213822|CEACAM18,0,0,0,0
ENSG00000254521|SIGLEC12,0,0,0,0
ENSG00000105492|SIGLEC6,0,0,0,0
ENSG00000105497|ZNF175,1127,1396,1077,1209
ENSG00000105501|SIGLEC5,0,0,0,0
ENSG00000254415|SIGLEC14,0,0,0,0
ENSG00000105509|HAS1,13,2,9,7
ENSG00000171049|FPR2,0,0,6,0
ENSG00000187474|FPR3,0,0,0,0
ENSG00000104967|NOVA2,1570,1692,1374,1746
ENSG00000096996|IL12RB1,0,0,0,6
ENSG00000099308|MAST3,1274,1353,1105,1340
ENSG00000268173,72,25,152,525
ENSG00000105647|PIK3R2,14875,14756,10285,12398
ENSG00000216490|IFI30,2606,2324,2040,2494
ENSG00000254858|MPV17L2,2010,1870,1262,1665
ENSG00000105649|RAB3A,641,587,408,435
ENSG00000285188,35,31,45,58
ENSG00000105650|PDE4C,12,0,0,0
ENSG00000284797,0,0,2,0
ENSG00000130518|IQCN,489,393,341,287
ENSG00000130522|JUND,7930,8600,6035,7559
ENSG00000130520|LSM4,12318,10869,8392,9670
ENSG00000130517|PGPEP1,3431,3325,2492,3338
ENSG00000130513|GDF15,218,164,138,214
ENSG00000175489|LRRC25,0,6,0,0
ENSG00000130511|SSBP4,3561,3098,2291,2724
ENSG00000105655|ISYNA1,5155,4489,3303,3738
ENSG00000010361|FUZ,2283,2081,1462,1850
ENSG00000104960|PTOV1,11368,10078,6417,7808
ENSG00000039650|PNKP,3054,2802,1817,2419
ENSG00000104973|MED25,4570,4732,3257,4019
ENSG00000178078|STAP2,3733,3363,2565,3185
ENSG00000204673|AKT1S1,10328,9116,6423,7803
ENSG00000131126|TEX101,0,0,0,0
ENSG00000176293|ZNF135,55,52,40,30
ENSG00000159905|ZNF221,225,427,276,393
ENSG00000130733|YIPF2,4720,4654,2777,3762
ENSG00000105341|DMAC2,4554,4116,2875,3630
ENSG00000266964|FXYD1,40,64,22,55
ENSG00000196961|AP2A1,8747,7931,5744,7090
ENSG00000267508|ZNF285,8,17,11,7
ENSG00000198258|UBL5,16541,14352,9988,12537
ENSG00000129951|PLPPR3,1520,1316,736,895
ENSG00000072958|AP1M1,4235,4176,2825,3378
ENSG00000115268|RPS15,35782,31572,21349,26551
ENSG00000205138|SDHAF1,3240,2742,2235,2771
ENSG00000121413|ZSCAN18,3540,3355,2335,2891
ENSG00000007255|TRAPPC6A,1373,1252,921,1102
ENSG00000248099|INSL3,37,46,10,26
ENSG00000105136|ZNF419,1859,1946,1394,1715
ENSG00000127666|TICAM1,2270,2115,1765,2094
ENSG00000168661|ZNF30,1440,1644,1199,1488
ENSG00000166398|GARRE1,5417,6516,4888,6134
ENSG00000174917|MICOS13,3764,3042,1943,2409
ENSG00000105639|JAK3,409,377,296,309
ENSG00000131845|ZNF304,2156,2486,1914,2363
ENSG00000213096|ZNF254,1035,1287,1086,1174
ENSG00000167562|ZNF701,453,544,456,438
ENSG00000196724|ZNF418,652,656,538,680
ENSG00000171051|FPR1,0,0,0,0
ENSG00000197951|ZNF71,2016,2127,1411,1768
ENSG00000171827|ZNF570,3504,3985,3494,4176
ENSG00000272333|KMT2B,21735,22669,15654,18384
ENSG00000126246|IGFLR1,480,403,371,473
ENSG00000267120,212,43,89,66
ENSG00000161265|U2AF1L4,1449,1374,914,1194
ENSG00000205155|PSENEN,11839,10843,7108,9028
ENSG00000188223,276,691,465,0
ENSG00000267796|LIN37,1879,1417,1225,1775
ENSG00000004776|HSPB6,42,31,22,41
ENSG00000167595|PROSER3,5615,5550,4283,4954
ENSG00000004777|ARHGAP33,944,912,675,820
ENSG00000250799|PRODH2,0,0,0,0
ENSG00000008441|NFIX,3811,4344,3379,4002
ENSG00000104903|LYL1,89,75,106,120
ENSG00000169136|ATF5,3213,2958,2477,2788
ENSG00000090661|CERS4,3982,3455,1861,2608
ENSG00000167775|CD320,3427,3174,2177,2619
ENSG00000167774,274,33,65,16
ENSG00000267855|NDUFA7,1799,2072,1158,1537
ENSG00000233927|RPS28,16964,13999,8969,12027
ENSG00000186994|KANK3,6,20,3,10
ENSG00000167772|ANGPTL4,92,103,86,101
ENSG00000185236|RAB11B,8310,7464,4928,6435
ENSG00000099783|HNRNPM,36996,38785,27390,33813
ENSG00000133246|PRAM1,11,53,4,20
ENSG00000133250|ZNF414,1032,903,545,719
ENSG00000105467|SYNGR4,7,0,7,24
ENSG00000105438|KDELR1,14983,14219,10089,12460
ENSG00000105447|GRWD1,6945,6153,4553,5752
ENSG00000182324|KCNJ14,325,262,226,225
ENSG00000268465,0,0,0,0
ENSG00000105443|CYTH2,6765,6108,4788,5592
ENSG00000088002|SULT2B1,98,90,56,84
ENSG00000177202|SPACA4,6,4,3,6
ENSG00000063177|RPL18,43383,37848,25904,33047
ENSG00000063176|SPHK2,1524,1339,806,1006
ENSG00000105516|DBP,1155,1005,631,835
ENSG00000063180|CA11,1074,942,690,883
ENSG00000176920|FUT2,85,94,65,99
ENSG00000176909|MAMSTR,50,25,26,23
ENSG00000105518|TMEM205,3603,3255,1840,2592
ENSG00000183401|CCDC159,211,179,167,170
ENSG00000105520|PLPPR2,4113,3786,3077,3544
ENSG00000173928|SWSAP1,337,265,194,238
ENSG00000187266|EPOR,1317,1253,938,1029
ENSG00000205517|RGL3,2495,2164,1782,1972
ENSG00000198003|ODAD3,184,141,105,122
ENSG00000196361|ELAVL3,39,23,63,31
ENSG00000267477,0,0,0,0
ENSG00000161914|ZNF653,300,329,240,211
ENSG00000130159|ECSIT,3051,2918,1875,2276
ENSG00000130176|CNN1,15,30,38,10
ENSG00000130165|ELOF1,5793,5484,3830,5102
ENSG00000102575|ACP5,41,17,17,21
ENSG00000161609|KASH5,111,71,55,61
ENSG00000142538|PTH2,0,0,0,0
ENSG00000104888|SLC17A7,345,405,309,438
ENSG00000104872|PIH1D1,6658,6147,4382,5218
ENSG00000161618|ALDH16A1,3312,2963,2237,2688
ENSG00000269469,0,0,0,0
ENSG00000090554|FLT3LG,104,93,92,119
ENSG00000142534|RPS11,72510,66401,43463,55930
ENSG00000104870|FCGRT,3530,3280,2211,2999
ENSG00000142552|RCN3,153,176,118,159
ENSG00000142546|NOSIP,6172,5083,3798,4540
ENSG00000126460|PRRG2,454,483,374,353
ENSG00000126464|PRR12,7985,7813,5824,7315
ENSG00000126458|RRAS,1488,1394,904,1271
ENSG00000126461|SCAF1,15321,14594,10037,12677
ENSG00000126456|IRF3,4309,3849,3019,3243
ENSG00000224420|ADM5,467,399,186,224
ENSG00000169169|CPT1C,3765,3196,2512,3244
ENSG00000126467|TSKS,3,6,8,12
ENSG00000167625|ZNF526,1242,1329,915,1182
ENSG00000105722|ERF,8024,7689,5215,6051
ENSG00000167619|TMEM145,12,7,0,3
ENSG00000008382|MPND,842,866,525,690
ENSG00000141985|SH3GL1,11896,10731,6821,9005
ENSG00000167670|CHAF1A,6663,6715,6529,7693
ENSG00000167671|UBXN6,13296,12306,7974,10212
ENSG00000167674|HDGFL2,10000,9929,7405,8966
ENSG00000167676|PLIN4,527,459,320,340
ENSG00000214456|PLIN5,490,472,369,466
ENSG00000267385,73,68,76,102
ENSG00000171236|LRG1,278,271,188,327
ENSG00000185361|TNFAIP8L1,1301,1412,601,706
ENSG00000269526|ERVV-1,0,0,0,0
ENSG00000268964|ERVV-2,0,0,0,0
ENSG00000183207|RUVBL2,21758,20160,14127,16368
ENSG00000104826|LHB,29,19,14,7
ENSG00000268655,20,26,21,16
ENSG00000267335,0,0,0,0
ENSG00000189052|CGB5,9,11,12,4
ENSG00000283663,3,45,0,0
ENSG00000225950|NTF4,85,59,76,71
ENSG00000104852|SNRNP70,19568,19327,13992,16834
ENSG00000104863|LIN7B,135,126,99,114
ENSG00000221916|C19orf73,27,15,17,31
ENSG00000213799|ZNF845,1137,1461,1094,1368
ENSG00000203326|ZNF525,985,1229,1182,1347
ENSG00000196417|ZNF765,1025,1345,954,1186
ENSG00000198346|ZNF813,571,841,708,928
ENSG00000204595|DPRX,6,0,0,18
ENSG00000130270|ATP8B3,85,41,48,65
ENSG00000079313|REXO1,4263,4109,2812,3677
ENSG00000129911|KLF16,3989,3575,2750,3222
ENSG00000129968|ABHD17A,6128,5140,3640,4341
ENSG00000227500|SCAMP4,7841,7057,4839,5886
ENSG00000213638|ADAT3,227,171,149,172
ENSG00000133275|CSNK1G2,9243,8746,6482,7429
ENSG00000268480|NFILZ,0,0,0,0
ENSG00000181786|ACTL9,0,0,0,0
ENSG00000181733|OR2Z1,0,0,0,0
ENSG00000130332|LSM7,3449,2921,2087,2600
ENSG00000178297|TMPRSS9,158,168,125,158
ENSG00000099800|TIMM13,4981,4115,2666,3267
ENSG00000176619|LMNB2,30911,31520,22235,26471
ENSG00000099860|GADD45B,3597,2966,2572,3258
ENSG00000142409|ZNF787,5915,5386,3534,4579
ENSG00000167685|ZNF444,2853,2467,1779,1935
ENSG00000197487|GALP,0,0,0,0
ENSG00000197213|ZSCAN5B,13,13,12,0
ENSG00000099797|TECR,9271,8582,5937,7799
ENSG00000099795|NDUFB7,6254,5311,3518,4350
ENSG00000105429|MEGF8,6835,7376,5056,6069
ENSG00000105427|CNFN,120,57,41,95
ENSG00000079435|LIPE,249,238,133,119
ENSG00000189377|CXCL17,15,16,9,11
ENSG00000079385|CEACAM1,768,910,623,675
ENSG00000124469|CEACAM8,2,0,0,0
ENSG00000132002|DNAJB1,15876,15777,11016,13411
ENSG00000076826|CAMSAP3,3155,3091,2250,2979
ENSG00000076924|XAB2,6457,6126,3853,5157
ENSG00000229833|PET100,2216,2052,1557,1795
ENSG00000268400,67,2,0,8
ENSG00000174788|PCP2,13,25,7,14
ENSG00000076944|STXBP2,5642,5245,3483,4534
ENSG00000104918|RETN,0,0,0,0
ENSG00000183019|MCEMP1,0,0,0,8
ENSG00000269711,0,0,0,0
ENSG00000181029|TRAPPC5,1942,1750,1012,1298
ENSG00000104921|FCER2,0,0,0,0
ENSG00000142459|EVI5L,2108,2065,1512,1779
ENSG00000183248|PRR36,3723,3526,2276,2814
ENSG00000171017|LRRC8E,1388,1410,659,1313
ENSG00000076984|MAP2K7,5545,5157,3808,4551
ENSG00000104976|SNAPC2,1366,1127,752,870
ENSG00000178531|CTXN1,6403,5749,2953,3957
ENSG00000104980|TIMM44,5198,4836,3855,4371
ENSG00000005206|SPPL2B,4325,3737,2957,3629
ENSG00000196268|ZNF493,380,502,360,484
ENSG00000269237,0,0,0,0
ENSG00000090659|CD209,0,0,0,0
ENSG00000104883|PEX11G,169,183,96,127
ENSG00000198723|TEX45,49,55,17,48
ENSG00000267952,65,0,47,24
ENSG00000198816|ZNF358,4087,3565,2434,3198
ENSG00000090674|MCOLN1,3010,2857,2085,2426
ENSG00000268614,0,0,0,0
ENSG00000032444|PNPLA6,3066,3064,2377,2639
ENSG00000182566|CLEC4G,0,0,0,0
ENSG00000104938|CLEC4M,0,0,0,0
ENSG00000011304|PTBP1,63577,61931,41447,49810
ENSG00000142541|RPL13A,141891,128552,88121,113696
ENSG00000249709|ZNF564,250,309,97,339
ENSG00000269693,431,694,598,442
ENSG00000188033|ZNF490,953,815,706,1014
ENSG00000173875|ZNF791,3669,3953,2992,3816
ENSG00000269242,542,429,390,437
ENSG00000104774|MAN2B1,5268,5145,3335,4567
ENSG00000269590,4,1,0,0
ENSG00000123154|WDR83,691,478,454,503
ENSG00000285589,6387,5953,3641,4651
ENSG00000105583|WDR83OS,2878,2261,1751,2380
ENSG00000095059|DHPS,1489,1231,1004,1254
ENSG00000283980|GNG14,6,4,4,2
ENSG00000132004|FBXW9,2091,1880,1025,1322
ENSG00000123144|TRIR,12480,11836,9071,11493
ENSG00000198356|GET3,4962,4495,3080,3695
ENSG00000039987|BEST2,23,9,0,14
ENSG00000171223|JUNB,11763,10294,7554,9368
ENSG00000167815|PRDX2,3435,2891,2126,2709
ENSG00000104889|RNASEH2A,3009,2847,2205,2750
ENSG00000105613|MAST1,1532,1187,1074,1352
ENSG00000105612|DNASE2,3033,2878,2059,2570
ENSG00000105610|KLF1,27,22,13,15
ENSG00000095066|HOOK2,4536,3814,2760,3122
ENSG00000074181|NOTCH3,26839,28215,17146,21240
ENSG00000105131|EPHX3,206,187,135,183
ENSG00000160460|SPTBN4,84,33,39,224
ENSG00000160410|SHKBP1,2468,2353,1742,1902
ENSG00000090006|LTBP4,1903,1614,1288,1594
ENSG00000105245|NUMBL,3069,3080,2460,3008
ENSG00000123815|COQ8B,3186,2787,1918,2251
ENSG00000130816|DNMT1,30464,33428,27158,33479
ENSG00000130313|PGLS,3315,3039,2135,2710
ENSG00000130309|COLGALT1,6723,7022,5594,6665
ENSG00000142444|TIMM29,1378,1182,776,1054
ENSG00000104964|TLE5,30215,27737,17998,22518
ENSG00000126259|KIRREL2,43,76,60,80
ENSG00000105290|APLP1,3945,3996,3412,3995
ENSG00000167604|NFKBID,2328,2064,1948,2292
ENSG00000126264|HCST,94,90,68,79
ENSG00000011600|TYROBP,0,3,3,0
ENSG00000132003|ZSWIM4,782,857,587,751
ENSG00000132016|BRME1,386,387,261,387
ENSG00000132017|DCAF15,3035,2823,2065,2390
ENSG00000132005|RFX1,1449,1415,991,1195
ENSG00000171136|RLN3,0,4,0,0
ENSG00000104998|IL27RA,895,908,974,1182
ENSG00000187867|PALM3,757,672,467,548
ENSG00000141854|MISP3,70,46,22,55
ENSG00000188032|C19orf67,0,4,0,2
ENSG00000141858|SAMD1,4196,3726,2577,3269
ENSG00000072062|PRKACA,7897,7663,5707,6974
ENSG00000105011|ASF1B,3132,3053,2530,3360
ENSG00000072071|ADGRL1,9585,9914,7319,8536
ENSG00000005007|UPF1,18876,18936,13264,16379
ENSG00000130283|GDF1,170,25,93,43
ENSG00000105669|COPE,13736,12010,8238,10031
ENSG00000268193,4,12,6,4
ENSG00000105671|DDX49,10607,9687,6572,8228
ENSG00000051128|HOMER3,5943,5747,3694,4467
ENSG00000105329|TGFB1,1897,1555,1621,1936
ENSG00000130175|PRKCSH,51613,47621,33117,42565
ENSG00000141933|TPGS1,538,585,276,433
ENSG00000099804|CDC34,5342,5059,3772,4624
ENSG00000197540|GZMM,9,6,0,0
ENSG00000176490|DIRAS1,397,378,54,446
ENSG00000267001,6,14,4,8
ENSG00000141873|SLC39A3,2163,1870,1306,1690
ENSG00000104969|SGTA,9205,8299,6132,7572
ENSG00000172009|THOP1,5934,5394,4338,5196
ENSG00000172006|ZNF554,767,778,500,708
ENSG00000186300|ZNF555,370,490,324,509
ENSG00000172000|ZNF556,353,309,379,422
ENSG00000079999|KEAP1,9545,8980,6701,8194
ENSG00000180739|S1PR5,799,812,640,722
ENSG00000130734|ATG4D,4571,4189,2488,3355
ENSG00000129347|KRI1,9511,9058,6418,7611
ENSG00000129355|CDKN2D,1259,1041,815,1006
ENSG00000129354|AP1M2,12160,11649,8094,9919
ENSG00000129353|SLC44A2,23811,23904,16173,19794
ENSG00000129351|ILF3,49049,52684,37908,45240
ENSG00000213339|QTRT1,2687,2490,1749,1992
ENSG00000099203|TMED1,2990,2563,1864,2173
ENSG00000214212|C19orf38,17,31,11,12
ENSG00000130844|ZNF331,23733,26402,21367,26648
ENSG00000105723|GSK3A,9765,8701,6284,7993
ENSG00000268643,9,15,11,9
ENSG00000105732|ZNF574,1883,2028,1419,1726
ENSG00000028277|POU2F2,68,98,101,84
ENSG00000160570|DEDD2,2246,2084,1443,1802
ENSG00000288671,0,0,0,1
ENSG00000010310|GIPR,17,16,15,29
ENSG00000011478|QPCTL,1038,865,599,755
ENSG00000177051|FBXO46,2909,2654,1977,2505
ENSG00000288669,0,0,0,0
ENSG00000167680|SEMA6B,1392,1409,1074,1354
ENSG00000161681|SHANK1,0,0,0,0
ENSG00000197961|ZNF121,13993,14242,13146,15990
ENSG00000185869|ZNF829,705,788,801,968
ENSG00000197256|KANK2,8964,10358,6486,8353
ENSG00000197128|ZNF772,1192,1775,1267,1491
ENSG00000231924|PSG1,0,0,0,0
ENSG00000261221|ZNF865,3643,3378,2135,2718
ENSG00000130167|TSPAN16,4,0,6,8
ENSG00000185198|PRSS57,0,14,28,12
ENSG00000182310|SPACA6,312,281,194,220
ENSG00000167483|NIBAN3,15,16,16,19
ENSG00000186272|ZNF17,1647,1712,1361,1625
ENSG00000196589|MBD3L2B,0,0,0,1
ENSG00000129437|KLK14,17,17,13,7
ENSG00000126262|FFAR2,2,0,0,0
ENSG00000213921|LEUTX,4,3,0,0
ENSG00000196684|HSH2D,112,79,81,101
ENSG00000283632|EXOC3L2,10,3,8,8
ENSG00000126457|PRMT1,25748,23770,16430,20089
ENSG00000079462|PAFAH1B3,2403,2106,1327,1829
ENSG00000161270|NPHS1,32,8,17,24
ENSG00000167635|ZNF146,35267,47207,35333,43035
ENSG00000062370|ZNF112,853,1124,938,1034
ENSG00000105287|PRKD2,5459,5434,3773,4630
ENSG00000188269|OR7A5,0,0,0,0
ENSG00000130312|MRPL34,2863,2627,1715,2216
ENSG00000214046|SMIM7,3767,3466,2532,3315
ENSG00000128626|MRPS12,9910,8497,5567,6923
ENSG00000267631|CGB1,4,4,2,3
ENSG00000104818|CGB2,5,16,12,22
ENSG00000167615|LENG8,25707,22357,19167,21840
ENSG00000142233|NTN5,28,28,17,11
ENSG00000124440|HIF3A,1546,1601,919,1278
ENSG00000167733|HSD11B1L,596,531,411,428
ENSG00000104814|MAP4K1,753,779,640,826
ENSG00000178982|EIF3K,54050,49599,32737,40706
ENSG00000182472|CAPN12,232,177,192,207
ENSG00000178934|LGALS7B,11,18,9,11
ENSG00000171747|LGALS4,35,53,41,78
ENSG00000130402|ACTN4,111746,111119,73269,89527
ENSG00000105357|MYH14,6919,7527,4762,5729
ENSG00000071564|TCF3,23905,23230,16022,19464
ENSG00000125746|EML2,1308,1167,928,1062
ENSG00000011451|WIZ,7979,7658,5628,6889
ENSG00000185988|PLK5,17,0,11,13
ENSG00000160953|PWWP3A,4501,4533,3271,4002
ENSG00000115255|REEP6,504,420,285,377
ENSG00000141867|BRD4,13237,14080,9980,12395
ENSG00000160877|NACC1,18615,19086,12684,15332
ENSG00000104915|STX10,2355,2074,1503,1729
ENSG00000160888|IER2,18350,16456,9851,13623
ENSG00000141837|CACNA1A,24,31,27,5
ENSG00000179218|CALR,126471,121758,85763,104027
ENSG00000269720|CCDC194,0,0,0,6
ENSG00000130303|BST2,74,61,56,62
ENSG00000141971|MVB12A,2621,2258,1597,1864
ENSG00000188051|TMEM221,418,401,250,378
ENSG00000269035,2,0,0,0
ENSG00000171773|NXNL1,6,10,10,4
ENSG00000105538|RASIP1,117,96,50,102
ENSG00000156413|FUT6,10,18,19,11
ENSG00000171124|FUT3,127,128,95,114
ENSG00000130383|FUT5,38,32,18,32
ENSG00000099866|MADCAM1,52,37,31,26
ENSG00000172270|BSG,48431,43553,30016,38277
ENSG00000105464|GRIN2D,581,474,540,578
ENSG00000105523|FAM83E,50,42,43,13
ENSG00000006638|TBXA2R,61,66,41,38
ENSG00000105298|CACTIN,3971,3623,2647,3275
ENSG00000186111|PIP5K1C,5407,5415,3738,4424
ENSG00000105127|AKAP8,3038,3214,2380,2828
ENSG00000089351|GRAMD1A,17635,16598,11607,14145
ENSG00000087903|RFX2,1586,1609,1203,1419
ENSG00000130382|MLLT1,14319,14253,10384,12470
ENSG00000167769|ACER1,0,0,0,6
ENSG00000125656|CLPP,3715,3542,2235,2890
ENSG00000125652|ALKBH7,2121,1907,1098,1470
ENSG00000125650|PSPN,246,272,153,247
ENSG00000125651|GTF2F1,14610,14600,10555,12212
ENSG00000181240|SLC25A41,81,84,33,37
ENSG00000125648|SLC25A23,13302,12449,7789,10696
ENSG00000088247|KHSRP,38477,39471,29888,37144
ENSG00000142449|FBN3,2887,3105,2159,2387
ENSG00000011243|AKAP8L,9472,7845,5698,6659
ENSG00000104957|CCDC130,2128,1986,1541,1836
ENSG00000037757|MRI1,3200,2675,2326,2520
ENSG00000104979|C19orf53,12279,10920,7389,9417
ENSG00000132024|CC2D1A,5214,4761,3066,4160
ENSG00000131142|CCL25,6,13,6,8
ENSG00000130377|ACSBG2,46,82,79,69
ENSG00000167642|SPINT2,225379,208369,134762,175231
ENSG00000167641|PPP1R14A,3292,3085,2354,2867
ENSG00000267748,61,126,38,425
ENSG00000167645|YIF1B,26376,22836,15399,19520
ENSG00000167644|C19orf33,11242,9331,5824,6558
ENSG00000174951|FUT1,1211,1069,735,902
ENSG00000104907|TRMT1,3599,3004,2143,2627
ENSG00000239382|ALKBH6,2897,2402,1877,2079
ENSG00000105270|CLIP3,11062,11158,6664,7950
ENSG00000161277|THAP8,1191,1201,839,896
ENSG00000105261|OVOL3,9,12,8,0
ENSG00000105258|POLR2I,7396,6761,4111,5760
ENSG00000105254|TBCB,12265,11475,7487,9069
ENSG00000126247|CAPNS1,49282,44529,27933,35945
ENSG00000167766|ZNF83,695,781,586,689
ENSG00000269825,0,11,11,6
ENSG00000204604|ZNF468,753,1137,876,1068
ENSG00000075702|WDR62,5465,5356,4318,5227
ENSG00000170909|OSCAR,9,13,14,4
ENSG00000170906|NDUFA3,2737,1957,1437,1884
ENSG00000105618|PRPF31,18751,17243,12707,15489
ENSG00000088038|CNOT3,20391,20708,13986,17120
ENSG00000105617|LENG1,1104,867,563,815
ENSG00000167608|TMC4,10117,8616,4807,6052
ENSG00000125505|MBOAT7,16830,15492,11197,13791
ENSG00000170892|TSEN34,4968,4404,3376,4197
ENSG00000170889|RPS9,28041,24767,17442,23303
ENSG00000244482|LILRA6,58,53,41,44
ENSG00000105609|LILRB5,19,10,7,9
ENSG00000131042|LILRB2,0,0,2,0
ENSG00000104880|ARHGEF18,4878,4830,3451,4186
ENSG00000198077|CYP2A7,0,0,0,34
ENSG00000099785|MARCHF2,819,730,429,562
ENSG00000189144|ZNF573,999,1697,1355,1889
ENSG00000257103|LSM14A,20555,23566,16518,20400
ENSG00000099875|MKNK2,29444,28107,18826,23229
ENSG00000105699|LSR,42053,38638,26111,33671
ENSG00000132026|RTBDN,130,141,114,143
ENSG00000105707|HPN,668,620,473,567
ENSG00000126453|BCL2L12,2424,2044,1665,2087
ENSG00000188368|PRR19,343,314,239,298
ENSG00000261341,6,4,3,13
ENSG00000142002|DPP9,8940,8547,6240,7844
ENSG00000188321|ZNF559,3204,3901,2646,3260
ENSG00000125743|SNRPD2,19522,17759,12042,15654
ENSG00000171942|OR10H2,0,0,0,0
ENSG00000260001|TGFBR3L,70,45,28,34
ENSG00000168995|SIGLEC7,0,0,0,0
ENSG00000129450|SIGLEC9,0,0,0,0
ENSG00000261949|GFY,16,16,9,4
ENSG00000099341|PSMD8,100559,92999,65722,80686
ENSG00000204532|ZSCAN5C,17,12,13,11
ENSG00000179284|DAND5,34,61,14,10
ENSG00000172519|OR10H5,0,0,0,0
ENSG00000171936|OR10H3,0,0,0,0
ENSG00000237521|OR7E24,0,0,0,0
ENSG00000094661|OR1I1,0,0,0,0
ENSG00000180448|ARHGAP45,1759,1496,1053,1343
ENSG00000104824|HNRNPL,37357,37975,25373,31335
ENSG00000186723|OR10H1,7,0,0,8
ENSG00000127515|OR7A10,0,0,0,0
ENSG00000160113|NR2F6,20393,17911,10029,13389
ENSG00000105619|TFPT,1061,1032,697,943
ENSG00000181781|ODF3L2,35,29,19,40
ENSG00000130202|NECTIN2,8662,8170,5932,7306
ENSG00000130204|TOMM40,13941,12791,8878,11072
ENSG00000130203|APOE,12845,11786,8379,10570
ENSG00000130208|APOC1,73,57,69,92
ENSG00000267467|APOC4,0,0,0,0
ENSG00000224916|APOC4-APOC2,0,0,0,0
ENSG00000234906|APOC2,0,0,0,0
ENSG00000104853|CLPTM1,19243,18211,11744,15225
ENSG00000197857|ZNF44,693,567,684,784
ENSG00000188868|ZNF563,46,24,42,28
ENSG00000198342|ZNF442,48,45,66,92
ENSG00000196466|ZNF799,205,258,312,333
ENSG00000268870,0,2,0,1
ENSG00000180855|ZNF443,313,358,315,452
ENSG00000269755,3,7,0,0
ENSG00000242852|ZNF709,317,314,226,353
ENSG00000196826,0,0,0,0
ENSG00000105607|GCDH,2861,2508,1790,2152
ENSG00000161860|SYCE2,105,90,47,66
ENSG00000142405|NLRP12,11,9,13,14
ENSG00000179820|MYADM,40433,41872,32467,41989
ENSG00000126583|PRKCG,398,340,362,442
ENSG00000105605|CACNG7,20,31,18,13
ENSG00000142408|CACNG8,103,101,124,90
ENSG00000130433|CACNG6,9,0,9,6
ENSG00000189068|VSTM1,14,4,6,11
ENSG00000105643|ARRDC2,462,508,469,513
ENSG00000230522|MBD3L2,0,0,0,1
ENSG00000237247|MBD3L5,0,0,0,1
ENSG00000105325|FZR1,3994,3874,2744,3059
ENSG00000161091|MFSD12,2655,2323,1753,2121
ENSG00000064961|HMG20B,11010,9404,6509,8058
ENSG00000179855|GIPC3,246,258,233,248
ENSG00000007080|CCDC124,5525,4988,3348,4197
ENSG00000105642|KCNN1,352,288,230,266
ENSG00000183397|C19orf71,67,63,56,63
ENSG00000105701|FKBP8,16999,15462,10587,12648
ENSG00000105700|KXD1,5909,5129,3752,4372
ENSG00000221983|UBA52,34982,31886,21023,27243
ENSG00000006016|CRLF1,227,212,131,171
ENSG00000006015|REX1BD,1121,941,597,645
ENSG00000105696|TMEM59L,752,680,517,724
ENSG00000186017|ZNF566,2897,3068,2599,3133
ENSG00000198429|ZNF69,10,16,0,10
ENSG00000196757|ZNF700,1562,1483,1515,1881
ENSG00000267179,0,0,0,3
ENSG00000197054|ZNF763,18,15,7,16
ENSG00000286098,0,0,0,0
ENSG00000197647|ZNF433,527,479,465,491
ENSG00000257355,0,0,0,0
ENSG00000257446|ZNF878,16,11,34,40
ENSG00000223547|ZNF844,217,207,254,339
ENSG00000286132,7,0,0,5
ENSG00000132010|ZNF20,532,693,396,593
ENSG00000213297|ZNF625-ZNF20,6,14,172,48
ENSG00000257591|ZNF625,310,375,155,501
ENSG00000166704|ZNF606,1153,1298,920,1062
ENSG00000104892|KLC3,850,821,667,776
ENSG00000104881|PPP1R13L,3806,3464,2473,3190
ENSG00000117877|POLR1G,1766,1588,1423,1917
ENSG00000104884|ERCC2,3499,3371,2194,2791
ENSG00000183647|ZNF530,1797,1627,1693,1853
ENSG00000161551|ZNF577,25,35,27,51
ENSG00000198093|ZNF649,34,44,37,52
ENSG00000176024|ZNF613,440,458,325,391
ENSG00000256683|ZNF350,377,473,359,363
ENSG00000079805|DNM2,11435,11557,7996,10158
ENSG00000170929|OR1M1,26,11,0,14
ENSG00000161807|OR7G1,5,5,2,2
ENSG00000170920|OR7G3,8,5,0,2
ENSG00000130803|ZNF317,13557,15266,11092,13688
ENSG00000188000|OR7D2,7,3,0,9
ENSG00000174667|OR7D4,6,15,0,11
ENSG00000170923|OR7G2,34,16,24,17
ENSG00000079432|CIC,10209,10385,6377,7892
ENSG00000166289|PLEKHF1,10148,9013,5526,6743
ENSG00000185385|OR7A17,0,0,0,0
ENSG00000104936|DMPK,3342,2690,2097,2539
ENSG00000188039|NWD1,149,90,56,46
ENSG00000127511|SIN3B,7228,6973,4780,5889
ENSG00000127533|F2RL3,5,0,0,0
ENSG00000160111|CPAMD8,199,238,148,195
ENSG00000131351|HAUS8,1412,1429,1187,1462
ENSG00000099625|CBARP,726,542,502,579
ENSG00000099624|ATP5F1D,6859,5503,3556,4287
ENSG00000167470|MIDN,15240,14645,8145,9908
ENSG00000105711|SCN1B,340,298,232,301
ENSG00000187902|SHISA7,16,57,20,27
ENSG00000167384|ZNF180,1281,1586,1332,1391
ENSG00000277531|PNMA8C,18,38,19,17
ENSG00000089356|FXYD3,300,220,152,216
ENSG00000105088|OLFM2,2823,2756,2051,2400
ENSG00000132000|PODNL1,43,52,42,46
ENSG00000187556|NANOS3,12,13,7,10
ENSG00000142549|IGLON5,0,0,0,8
ENSG00000283567|C19orf85,3,3,0,4
ENSG00000129946|SHC2,220,191,165,185
ENSG00000213965|NUDT19,3012,3281,2670,3466
ENSG00000284491|THSD8,0,13,1,0
ENSG00000181588|MEX3D,5121,4760,3733,4239
ENSG00000186806|VSIG10L,95,113,89,86
ENSG00000011332|DPF1,3956,3556,3628,4343
ENSG00000213889|PPM1N,140,152,122,187
ENSG00000223802|CERS1,809,855,606,773
ENSG00000268041|ERFL,25,38,28,21
ENSG00000213030|CGB8,9,8,15,15
ENSG00000205076|LGALS7,7,9,3,7
ENSG00000170954|ZNF415,8,0,7,4
ENSG00000104848|KCNA7,17,28,9,27
ENSG00000130477|UNC13A,80,131,79,73
ENSG00000262484|CCER2,62,47,41,41
ENSG00000171903|CYP4F11,387,482,385,461
ENSG00000178201|VN1R1,163,185,140,149
ENSG00000130812|ANGPTL6,70,44,44,56
ENSG00000142235|LMTK3,1632,1666,1173,1521
ENSG00000205718|MBD3L4,0,0,0,0
ENSG00000104827|CGB3,4,6,5,7
ENSG00000105556|MIER2,2295,1953,1668,1928
ENSG00000174652|ZNF266,5086,5527,4670,5952
ENSG00000269855|RNF225,10,11,11,18
ENSG00000127616|SMARCA4,26311,26889,19505,23006
ENSG00000205209|SCGB2B2,63,101,42,61
ENSG00000131943|C19orf12,26176,26422,18046,22197
ENSG00000167378|IRGQ,2984,3124,2180,2920
ENSG00000172687|ZNF738,710,865,805,859
ENSG00000196337|CGB7,78,76,57,71
ENSG00000105143|SLC1A6,0,0,0,0
ENSG00000099331|MYO9B,7525,8502,6445,7585
ENSG00000268500|SIGLEC5,0,0,0,0
ENSG00000131848|ZSCAN5A,1199,1251,797,1052
ENSG00000153885|KCTD15,7373,7118,5591,6620
ENSG00000189042|ZNF567,2877,3364,2651,3583
ENSG00000018869|ZNF582,157,158,92,131
ENSG00000171291|ZNF439,0,4,13,8
ENSG00000104972|LILRB1,0,0,0,0
ENSG00000120784|ZFP30,1981,2385,2225,2682
ENSG00000270011|ZNF559-ZNF177,435,527,460,455
ENSG00000160392|C19orf47,20938,20526,16772,20777
ENSG00000204577|LILRB3,56,66,43,49
ENSG00000167380|ZNF226,1550,1495,1240,1543
ENSG00000197608|ZNF841,840,1107,854,1103
ENSG00000186474|KLK12,0,0,0,0
ENSG00000198131|ZNF544,93,85,78,119
ENSG00000159915|ZNF233,153,207,192,186
ENSG00000198633|ZNF534,0,0,0,0
ENSG00000196267|ZNF836,233,300,283,321
ENSG00000105576|TNPO2,8475,8702,6871,8191
ENSG00000167491|GATAD2A,12168,13119,9859,11806
ENSG00000182986|ZNF320,615,701,610,665
ENSG00000179213|SIGLECL1,0,0,0,0
ENSG00000160336|ZNF761,1224,1563,1055,1423
ENSG00000171119|NRTN,178,151,108,136
ENSG00000188283|ZNF383,3199,3268,2661,3168
ENSG00000267680|ZNF224,1846,1897,1607,1774
ENSG00000204519|ZNF551,2799,3424,2685,3307
ENSG00000269026,0,0,2,1
ENSG00000179909|ZNF154,163,220,154,214
ENSG00000083814|ZNF671,145,84,103,119
ENSG00000152443|ZNF776,3447,3872,2829,3456
ENSG00000180532|ZSCAN4,0,0,3,0
ENSG00000197782|ZNF780A,10496,14434,11292,14979
ENSG00000213793|ZNF888,385,411,394,500
ENSG00000221874|ZNF816-ZNF321P,1,0,0,0
ENSG00000180257|ZNF816,320,369,255,395
ENSG00000197937|ZNF347,141,185,167,213
ENSG00000197497|ZNF665,0,0,0,0
ENSG00000197928|ZNF677,25,34,53,57
ENSG00000196131|VN1R2,0,0,0,0
ENSG00000228567|VN1R4,0,0,0,0
ENSG00000170949|ZNF160,1917,2335,1869,2143
ENSG00000233803|TSPY4,0,0,0,0
ENSG00000169789|PRY,0,0,0,0
ENSG00000129862|VCY1B,0,0,0,0
ENSG00000114374|USP9Y,0,0,0,0
ENSG00000169807|PRY2,0,0,0,0
ENSG00000198692|EIF1AY,0,0,0,0
ENSG00000183753|BPY2,0,0,0,0
ENSG00000092377|TBL1Y,0,0,0,0
ENSG00000242389|RBMY1E,0,0,0,0
ENSG00000238074|TSPY9P,0,0,0,0
ENSG00000205944|DAZ2,0,0,0,0
ENSG00000236424|TSPY10,0,0,0,0
ENSG00000169763|PRYP3,0,0,0,0
ENSG00000234414|RBMY1A1,0,0,0,0
ENSG00000258992|TSPY1,0,0,0,0
ENSG00000099715|PCDH11Y,21,37,18,34
ENSG00000226941|RBMY1J,0,0,0,0
ENSG00000280969|RPS4Y2,0,0,0,0
ENSG00000242875|RBMY1B,0,0,0,0
ENSG00000172288|CDY1,0,0,0,0
ENSG00000244395|RBMY1D,0,0,0,0
ENSG00000165246|NLGN4Y,23,23,10,11
ENSG00000183795|BPY2B,0,0,0,0
ENSG00000168757|TSPY2,0,0,0,0
ENSG00000169953|HSFY2,0,0,0,0
ENSG00000012817|KDM5D,0,0,0,0
ENSG00000172468|HSFY1,0,0,0,0
ENSG00000176679|TGIF2LY,0,0,0,0
ENSG00000228927|TSPY3,0,0,0,0
ENSG00000169800|RBMY1F,0,0,0,0
ENSG00000182415|CDY2A,0,0,0,0
ENSG00000229549|TSPY8,0,0,0,0
ENSG00000172352|CDY1B,0,0,0,0
ENSG00000099721|AMELY,0,0,0,0
ENSG00000185894|BPY2C,0,0,0,0
ENSG00000205916|DAZ4,0,0,0,0
ENSG00000129873|CDY2B,0,0,0,0
ENSG00000188120|DAZ1,0,0,0,0
ENSG00000187191|DAZ3,0,0,0,0
ENSG00000184895|SRY,0,0,0,0
ENSG00000129824|RPS4Y1,0,0,0,0
ENSG00000067646|ZFY,0,0,0,0
ENSG00000067048|DDX3Y,0,0,0,0
ENSG00000183878|UTY,0,0,0,0
ENSG00000154620|TMSB4Y,0,0,0,0
ENSG00000129864|VCY,0,0,0,0
ENSG00000198445|CCT8L2,0,0,0,0
ENSG00000198062|POTEH,5,17,10,15
ENSG00000093072|ADA2,0,0,0,0
ENSG00000278558|TMEM191B,71,76,31,73
ENSG00000215568|GAB4,0,0,0,0
ENSG00000241973|PI4KA,17999,19358,14714,18004
ENSG00000183307|TMEM121B,34,21,17,11
ENSG00000133475|GGT2,13,22,14,10
ENSG00000177663|IL17RA,2245,2481,1900,2007
ENSG00000286102|FAM246A,0,0,2,0
ENSG00000274252|GGTLC3,10,16,5,10
ENSG00000070371|CLTCL1,3711,3752,2648,3416
ENSG00000286175|FAM246B,0,0,0,0
ENSG00000275793|RIMBP3,28,10,15,22
ENSG00000099917|MED15,18122,16796,10910,13564
ENSG00000100121|GGTLC2,30,11,11,23
ENSG00000254709|IGLL5,0,0,0,0
ENSG00000099953|MMP11,370,341,244,319
ENSG00000169548|ZNF280A,18,36,35,39
ENSG00000184792|OSBP2,13820,14707,7280,9102
ENSG00000185686|PRAME,14082,14451,10184,12451
ENSG00000275004|ZNF280B,1528,1885,1553,1746
ENSG00000128218|VPREB3,109,77,40,41
ENSG00000100077|GRK3,8638,11590,6605,8213
ENSG00000100325|ASCC2,13682,12740,9563,11563
ENSG00000184571|PIWIL3,0,0,3,0
ENSG00000185666|SYN3,37,25,20,29
ENSG00000221963|APOL6,351,528,508,595
ENSG00000099985|OSM,3,0,0,8
ENSG00000185721|DRG1,9838,9582,6850,8949
ENSG00000128283|CDC42EP1,1129,1009,1074,1356
ENSG00000100101,0,0,0,0
ENSG00000100219|XBP1,23076,22846,13432,17934
ENSG00000176635|HORMAD2,49,30,40,46
ENSG00000100225|FBXO7,12981,13260,9847,12350
ENSG00000100365|NCF4,0,0,0,0
ENSG00000187792|ZNF70,2080,2601,2052,2762
ENSG00000198089|SFI1,3144,2770,2077,2550
ENSG00000100346|CACNA1I,71,82,49,89
ENSG00000128322|IGLL1,0,0,0,0
ENSG00000100354|TNRC6B,7868,10679,7892,8948
ENSG00000100302|RASD2,278,245,115,136
ENSG00000100100|PIK3IP1,715,728,475,602
ENSG00000128313|APOL5,0,0,0,0
ENSG00000100036|SLC35E4,1438,1496,618,766
ENSG00000175329|ISX,0,0,0,0
ENSG00000184381|PLA2G6,1031,891,595,734
ENSG00000100294|MCAT,1560,1361,966,1355
ENSG00000182541|LIMK2,18912,19540,13312,15638
ENSG00000100170|SLC5A1,192,199,144,233
ENSG00000185022|MAFF,754,745,549,697
ENSG00000176177|ENTHD1,0,0,0,0
ENSG00000169184|MN1,3339,4070,2419,3000
ENSG00000283900|TPTEP2-CSNK1E,254,151,185,41
ENSG00000100353|EIF3D,26745,25410,18253,22942
ENSG00000128342|LIF,2068,2035,1299,1992
ENSG00000100055|CYTH4,0,0,0,0
ENSG00000273899|NOL12,1033,938,661,839
ENSG00000285404,0,0,0,0
ENSG00000100242|SUN2,6911,6329,3293,3869
ENSG00000077942|FBLN1,5881,5613,4543,5909
ENSG00000100079|LGALS2,10,17,9,0
ENSG00000100307|CBX7,991,843,731,770
ENSG00000100344|PNPLA3,270,353,371,364
ENSG00000189269|DRICH1,0,0,0,0
ENSG00000186976|EFCAB6,241,289,197,311
ENSG00000166897|ELFN2,2432,2761,2587,3044
ENSG00000054611|TBC1D22A,3386,3138,2019,2558
ENSG00000205856|C22orf42,11,3,0,0
ENSG00000225528,0,0,0,0
ENSG00000100426|ZBED4,5637,6769,4913,6174
ENSG00000056487|PHF21B,0,12,3,7
ENSG00000205643|CDPF1,526,538,300,435
ENSG00000100373|UPK3A,0,0,0,0
ENSG00000100316|RPL3,182999,167561,112450,144057
ENSG00000100368|CSF2RB,0,0,0,0
ENSG00000100253|MIOX,5,0,0,4
ENSG00000075218|GTSE1,6687,7031,3788,4382
ENSG00000184708|EIF4ENIF1,5152,5253,4087,5018
ENSG00000100053|CRYBB3,7,20,7,0
ENSG00000128311|TST,1384,1200,902,1085
ENSG00000128335|APOL2,2847,2839,2202,2825
ENSG00000100380|ST13,25997,28238,20922,25976
ENSG00000241360|PDXP,1483,1489,1326,1543
ENSG00000248405|PRR5-ARHGAP8,140,214,150,165
ENSG00000188064|WNT7B,1854,1726,1235,1373
ENSG00000100347|SAMM50,7640,7424,5345,6945
ENSG00000285304,148,152,156,212
ENSG00000075234|TTC38,1293,1256,967,1238
ENSG00000100201|DDX17,32507,38932,28318,33524
ENSG00000100372|SLC25A17,4150,3837,3181,3897
ENSG00000100348|TXN2,6314,5122,3902,4993
ENSG00000100106|TRIOBP,6035,6351,4513,5543
ENSG00000128274|A4GALT,182,178,127,132
ENSG00000100304|TTLL12,6625,6329,4648,5635
ENSG00000128165|ADM2,445,421,454,648
ENSG00000183172|SMDT1,363,405,207,299
ENSG00000186654|PRR5,644,604,358,642
ENSG00000100150|DEPDC5,3157,3390,2602,2955
ENSG00000198355|PIM3,6366,5291,3545,4452
ENSG00000093000|NUP50,9114,12044,9372,11582
ENSG00000205593|DENND6B,375,277,232,234
ENSG00000130638|ATXN10,12102,12794,8534,11271
ENSG00000100376|FAM118A,1856,1548,1430,1783
ENSG00000100399|CHADL,65,32,25,31
ENSG00000100425|BRD1,5121,5878,4277,5001
ENSG00000077935|SMC1B,40,20,28,30
ENSG00000138942|RNF185,10090,10824,6975,8543
ENSG00000100065|CARD10,1265,1299,1163,1295
ENSG00000241878|PISD,3950,3553,2803,3252
ENSG00000100422|CERK,4845,5257,3828,4589
ENSG00000100239|PPP6R2,5284,5484,3899,4902
ENSG00000183530|PRR14L,14655,20538,14333,17047
ENSG00000188636|RTL6,7354,7670,5064,6503
ENSG00000133477|FAM83F,1205,1289,810,1047
ENSG00000100362|PVALB,0,0,0,0
ENSG00000182858|ALG12,2051,2049,1195,1562
ENSG00000186951|PPARA,2093,2576,2085,2588
ENSG00000100321|SYNGR1,1918,1666,1357,1728
ENSG00000100095|SEZ6L,3,8,0,0
ENSG00000100360|IFT27,1477,1158,1009,1129
ENSG00000242247|ARFGAP3,2637,2559,1934,2318
ENSG00000249222|ATP5MGL,15,3,5,3
ENSG00000100311|PDGFB,1736,1681,1354,1692
ENSG00000186732|MPPED1,0,0,0,0
ENSG00000159873|CCDC117,6982,8702,6386,8558
ENSG00000138964|PARVG,48,76,81,59
ENSG00000198792|TMEM184B,8963,8812,6055,7523
ENSG00000100290|BIK,64,57,70,76
ENSG00000100320|RBFOX2,6500,8262,6075,6904
ENSG00000100271|TTLL1,836,802,509,623
ENSG00000128408|RIBC2,80,62,78,60
ENSG00000100083|GGA1,6002,5495,3657,4306
ENSG00000100097|LGALS1,2221,2020,1049,1259
ENSG00000100154|TTC28,10256,12442,6760,8206
ENSG00000198125|MB,54,38,12,55
ENSG00000130943|PKDREJ,28,45,27,61
ENSG00000100124|ANKRD54,3090,2795,2009,2493
ENSG00000100300|TSPO,634,467,343,407
ENSG00000185133|INPP5J,1248,1199,902,1158
ENSG00000244752|CRYBB2,19,0,0,0
ENSG00000180957|PITPNB,17386,19356,16468,20338
ENSG00000213923|CSNK1E,13591,12687,9983,12304
ENSG00000100393|EP300,15496,21695,15311,17949
ENSG00000172404|DNAJB7,11,11,24,16
ENSG00000100387|RBX1,3419,3127,2191,2862
ENSG00000100196|KDELR3,725,678,709,1001
ENSG00000100078|PLA2G3,6,4,5,6
ENSG00000100341|PNPLA5,58,45,46,49
ENSG00000100227|POLDIP3,8268,7942,5627,6811
ENSG00000100351|GRAP2,32,18,15,12
ENSG00000100105|PATZ1,10589,10014,6874,8787
ENSG00000138944|SHISAL1,1970,2368,1272,1547
ENSG00000196236|XPNPEP3,3816,4146,3015,3637
ENSG00000183579|ZNRF3,7492,8231,5761,7509
ENSG00000100243|CYB5R3,14555,13896,9539,11467
ENSG00000100266|PACSIN2,5736,5962,4543,5385
ENSG00000274600|RIMBP3B,12,11,17,19
ENSG00000100241|SBF1,13054,12398,8843,10608
ENSG00000169635|HIC2,4163,4299,3418,4004
ENSG00000130540|SULT4A1,295,190,226,251
ENSG00000159307|SCUBE1,11,18,14,22
ENSG00000183569|SERHL2,281,280,201,191
ENSG00000100395|L3MBTL2,4156,3982,2898,3822
ENSG00000100060|MFNG,33,11,35,33
ENSG00000100379|KCTD17,1215,1098,756,968
ENSG00000128253|RFPL2,71,58,40,84
ENSG00000128276|RFPL3,0,0,3,0
ENSG00000100220|RTCB,17736,16302,11891,14936
ENSG00000128245|YWHAH,16734,18014,13936,16767
ENSG00000128203|ASPHD2,917,888,743,865
ENSG00000100104|SRRD,5295,5423,4016,4954
ENSG00000100109|TFIP11,9233,9003,6415,8021
ENSG00000128294|TPST2,1702,1545,1261,1477
ENSG00000100122|CRYBB1,12,7,0,6
ENSG00000196431|CRYBA4,0,4,0,0
ENSG00000100385|IL2RB,0,6,0,6
ENSG00000133466|C1QTNF6,1037,871,722,899
ENSG00000278195|SSTR3,38,12,21,44
ENSG00000128340|RAC2,1208,1165,977,1299
ENSG00000187045|TMPRSS6,23,19,8,14
ENSG00000100014|SPECC1L,18782,22869,16584,20641
ENSG00000258555|SPECC1L-ADORA2A,554,48,330,334
ENSG00000128271|ADORA2A,19,276,21,14
ENSG00000100024|UPB1,10,16,0,19
ENSG00000100028|SNRPD3,36381,36480,28013,34990
ENSG00000286070,61,140,120,254
ENSG00000178026|LRRC75B,463,268,302,356
ENSG00000100031|GGT1,232,121,62,55
ENSG00000219438|TAFA5,271,225,75,100
ENSG00000100345|MYH9,98594,111374,72749,84245
ENSG00000100030|MAPK1,20396,24965,18123,23111
ENSG00000099956|SMARCB1,9309,8617,6058,7473
ENSG00000185651|UBE2L3,23749,23927,17614,20856
ENSG00000100342|APOL1,234,274,228,325
ENSG00000100330|MTMR3,10109,10890,7163,9245
ENSG00000198832|SELENOM,2275,1907,1357,1539
ENSG00000133454|MYO18B,13,7,12,12
ENSG00000169314|C22orf15,29,16,17,16
ENSG00000250479|CHCHD10,4363,3785,2149,2827
ENSG00000284431,92,47,569,90
ENSG00000100359|SGSM3,2586,2232,1380,2126
ENSG00000133422|MORC2,12958,13961,9091,11038
ENSG00000253352|TUG1,51939,69584,49933,61547
ENSG00000100099|HPS4,7090,7313,4949,6160
ENSG00000183628|DGCR6,369,330,292,334
ENSG00000283809,10,0,6,13
ENSG00000184983|NDUFA6,1283,1162,858,1098
ENSG00000235568|NFAM1,8,11,22,14
ENSG00000189306|RRP7A,6537,6055,4899,5580
ENSG00000168135|KCNJ4,31,15,20,51
ENSG00000100246|DNAL4,2254,2117,1374,1752
ENSG00000221890|NPTXR,4876,4649,3927,4540
ENSG00000183741|CBX6,16337,16799,12372,15204
ENSG00000128383|APOBEC3A,10,12,4,20
ENSG00000179750|APOBEC3B,212,243,171,217
ENSG00000244509|APOBEC3C,4249,4135,3187,3691
ENSG00000284554,0,0,0,54
ENSG00000128394|APOBEC3F,1124,1266,860,1172
ENSG00000239713|APOBEC3G,45,14,10,32
ENSG00000100324|TAB1,3312,3173,2054,2520
ENSG00000128268|MGAT3,4518,4481,3437,4275
ENSG00000100335|MIEF1,10863,12732,9159,11505
ENSG00000285025,1,1,1,1
ENSG00000187051|RPS19BP1,5859,5130,3335,4326
ENSG00000182902|SLC25A18,169,107,93,122
ENSG00000131100|ATP6V1E1,12977,12588,9173,11122
ENSG00000099968|BCL2L13,19006,20472,14348,17874
ENSG00000243156|MICAL3,15196,17386,10767,14574
ENSG00000251322|SHANK3,1238,1013,967,1173
ENSG00000100312|ACR,16,8,6,13
ENSG00000100416|TRMU,3627,3332,2220,2782
ENSG00000075240|GRAMD4,2677,2604,1898,2381
ENSG00000075275|CELSR1,34344,40187,19926,24623
ENSG00000100092|SH3BP1,1291,1253,1375,1493
ENSG00000100401|RANGAP1,16456,15415,11229,12734
ENSG00000015475|BID,11143,11438,8488,10596
ENSG00000069998|HDHD5,4033,3558,2493,3161
ENSG00000100234|TIMP3,9930,11230,9274,10404
ENSG00000184164|CRELD2,2913,2598,1782,2133
ENSG00000188677|PARVB,1467,1614,1094,1492
ENSG00000130538|OR11H1,2,3,6,2
ENSG00000100403|ZC3H7B,13629,14281,11602,13419
ENSG00000167074|TEF,2394,2185,1654,1845
ENSG00000183864|TOB2,10074,9879,8015,9987
ENSG00000100410|PHF5A,3965,3740,2911,3513
ENSG00000100413|POLR3H,6481,6182,4248,5293
ENSG00000172346|CSDC2,37,6,25,27
ENSG00000100417|PMM1,1000,951,807,915
ENSG00000100418|DESI1,6349,6445,4934,5892
ENSG00000196419|XRCC6,43549,43645,30944,38402
ENSG00000100138|SNU13,13491,12255,9299,11733
ENSG00000100209|HSCB,1887,1814,1170,1548
ENSG00000183765|CHEK2,4575,4465,3984,4930
ENSG00000093010|COMT,12801,11226,7397,9557
ENSG00000099889|ARVCF,2200,1971,1518,1812
ENSG00000183597|TANGO2,2242,2314,1452,1811
ENSG00000099899|TRMT2A,7269,7143,5135,6438
ENSG00000099901|RANBP1,26499,26061,20147,24839
ENSG00000099904|ZDHHC8,4816,4203,3349,3923
ENSG00000234409|CCDC188,140,157,108,157
ENSG00000100084|HIRA,11016,11965,8296,10101
ENSG00000128191|DGCR8,5812,5739,4704,5536
ENSG00000070010|UFD1,10670,10708,8613,9534
ENSG00000093009|CDC45,6221,6368,5455,6580
ENSG00000184702|SEPTIN5,1197,1139,989,1159
ENSG00000284874,277,159,113,76
ENSG00000203618|GP1BB,0,61,51,66
ENSG00000185838|GNB1L,1297,1111,628,734
ENSG00000215012|RTL10,7634,8187,5864,6716
ENSG00000040608|RTN4R,1432,1304,1122,1493
ENSG00000128185|DGCR6L,4497,4169,3170,4022
ENSG00000079974|RABL2B,3891,3713,2511,2955
ENSG00000184470|TXNRD2,5384,5026,3601,4225
ENSG00000073146|MOV10L1,95,70,68,61
ENSG00000073150|PANX2,2476,2404,1810,2438
ENSG00000170638|TRABD,4100,3915,2779,3288
ENSG00000073169|SELENOO,1589,1341,911,1140
ENSG00000128159|TUBGCP6,3952,3704,2805,3061
ENSG00000100429|HDAC10,1248,1139,895,1136
ENSG00000188130|MAPK12,836,689,563,732
ENSG00000185386|MAPK11,405,320,220,324
ENSG00000242259|C22orf39,3489,3256,2360,3389
ENSG00000167077|MEI1,18,8,28,18
ENSG00000198911|SREBF2,25687,27406,19094,24116
ENSG00000159958|TNFRSF13C,342,329,360,384
ENSG00000100162|CENPM,769,731,542,788
ENSG00000205704|LINC00634,57,22,55,40
ENSG00000100167|SEPTIN3,1958,2078,2157,2787
ENSG00000183066|WBP2NL,97,85,85,81
ENSG00000198951|NAGA,2991,2971,2056,2927
ENSG00000177096|PHETA2,1,10,5,10
ENSG00000100147|CCDC134,2497,2833,2345,2916
ENSG00000100281|HMGXB4,4853,6000,4400,5379
ENSG00000100297|MCM5,8320,8127,5718,7636
ENSG00000100292|HMOX1,392,313,359,400
ENSG00000100364|KIAA0930,2680,2470,2058,2355
ENSG00000167037|SGSM1,76,73,50,71
ENSG00000100350|FOXRED2,6433,6752,5768,7131
ENSG00000138867|GUCD1,19225,18287,14363,16557
ENSG00000166862|CACNG2,50,60,35,37
ENSG00000100191|SLC5A4,272,385,309,387
ENSG00000133424|LARGE1,56,74,52,68
ENSG00000183963|SMTN,4015,3700,2310,2625
ENSG00000167065|DUSP18,1447,1706,834,1053
ENSG00000241484|ARHGAP8,4370,3970,2781,3285
ENSG00000100298|APOBEC3H,9,8,3,3
ENSG00000185264|TEX33,0,0,0,0
ENSG00000128309|MPST,2373,2037,1537,1826
ENSG00000128346|C22orf23,307,270,220,321
ENSG00000100142|POLR2F,4984,4102,3102,3894
ENSG00000100146|SOX10,15,0,0,5
ENSG00000100151|PICK1,2381,2292,1561,2023
ENSG00000100156|SLC16A8,148,163,145,144
ENSG00000128298|BAIAP2L2,625,457,466,464
ENSG00000196588|MRTFA,4225,4056,3000,3462
ENSG00000161179|YDJC,3893,3399,2265,2714
ENSG00000161180|CCDC116,21,19,15,38
ENSG00000128228|SDF2L1,2090,1814,1108,1513
ENSG00000100023|PPIL2,14191,14347,10014,12568
ENSG00000100027|YPEL1,1173,1303,936,1211
ENSG00000161133|USP41,113,91,87,40
ENSG00000185252|ZNF74,6148,6022,4589,5369
ENSG00000244486|SCARF2,2226,1994,1867,2065
ENSG00000277971,71,90,68,64
ENSG00000099910|KLHL22,2132,2234,1634,2057
ENSG00000133433|GSTT2B,65,55,52,51
ENSG00000099974|DDTL,855,839,538,732
ENSG00000285762,0,0,0,0
ENSG00000276950|GSTT4,164,169,133,172
ENSG00000099991|CABIN1,10872,11036,7672,8943
ENSG00000183762|KREMEN1,3419,3715,2752,3367
ENSG00000186998|EMID1,2657,2378,1489,2183
ENSG00000100263|RHBDD3,4425,3689,2899,3439
ENSG00000182944|EWSR1,49503,48277,33907,41691
ENSG00000185340|GAS2L1,5704,4944,3440,4400
ENSG00000100276|RASL10A,58,86,61,56
ENSG00000128250|RFPL1,0,0,0,0
ENSG00000100285|NEFH,161,134,107,140
ENSG00000100296|THOC5,23543,24306,17526,21970
ENSG00000184117|NIPSNAP1,31156,30605,20358,24904
ENSG00000186575|NF2,32637,34060,23917,26626
ENSG00000100314|CABP7,43,69,69,97
ENSG00000100319|ZMAT5,1891,1677,1178,1358
ENSG00000184076|UQCR10,7885,7125,4648,5974
ENSG00000239282|CASTOR1,695,768,272,370
ENSG00000248751,185,5,184,174
ENSG00000099992|TBC1D10A,3368,3026,2025,2579
ENSG00000099995|SF3A1,26824,27574,19273,24932
ENSG00000099999|RNF215,2493,2326,1695,1895
ENSG00000100003|SEC14L2,551,585,549,620
ENSG00000249590,0,0,0,0
ENSG00000242114|MTFP1,2758,2407,1853,2228
ENSG00000100012|SEC14L3,6,0,0,0
ENSG00000133488|SEC14L4,0,0,0,2
ENSG00000214491|SEC14L6,538,482,368,449
ENSG00000128242|GAL3ST1,536,406,424,527
ENSG00000100029|PES1,24276,22201,16202,18824
ENSG00000185339|TCN2,960,1022,618,842
ENSG00000099958|DERL3,36,30,25,34
ENSG00000133460|SLC2A11,2735,2418,2011,2163
ENSG00000251357,13,0,0,94
ENSG00000240972|MIF,15390,12854,8132,10142
ENSG00000099994|SUSD2,2760,2746,1515,1876
ENSG00000100284|TOM1,1623,1607,1117,1293
ENSG00000100206|DMC1,22,15,31,20
ENSG00000100211|CBY1,2113,2114,1352,1723
ENSG00000100216|TOMM22,14627,14029,9609,12317
ENSG00000100226|GTPBP1,5064,5165,3814,4922
ENSG00000100197|CYP2D6,12,3,1,3
ENSG00000188263|IL17REL,8,18,18,21
ENSG00000138892|TTLL8,0,0,0,0
ENSG00000100427|MLC1,11,18,0,9
ENSG00000196576|PLXNB2,55814,55883,32391,40939
ENSG00000070413|DGCR2,13873,13534,9184,11383
ENSG00000100056|ESS2,3544,3290,2356,2895
ENSG00000206203|TSSK2,0,0,0,0
ENSG00000063515|GSC2,6,4,0,7
ENSG00000100075|SLC25A1,18750,16373,11054,13939
ENSG00000184979|USP18,1644,1597,1203,1677
ENSG00000183785|TUBA8,346,226,265,302
ENSG00000184058|TBX1,96,72,92,83
ENSG00000239900|ADSL,11117,11062,7455,10117
ENSG00000100218|RSPH14,44,64,70,61
ENSG00000128266|GNAZ,265,302,251,357
ENSG00000186716|BCR,19959,20614,13534,16875
ENSG00000288683,0,62,0,86
ENSG00000100116|GCAT,1153,888,997,1129
ENSG00000128310|GALR3,6,0,6,4
ENSG00000100129|EIF3L,40641,38516,26726,34788
ENSG00000100139|MICALL1,5963,6049,4306,5756
ENSG00000100412|ACO2,15460,14633,9709,12661
ENSG00000100280|AP1B1,27892,26572,18852,24207
ENSG00000185608|MRPL40,4785,4799,3224,3913
ENSG00000100033|PRODH,43,40,40,41
ENSG00000099998|GGT5,162,145,56,84
ENSG00000243811|APOBEC3D,64,67,59,23
ENSG00000215193|PEX26,16467,17918,12846,16283
ENSG00000099937|SERPIND1,0,0,11,0
ENSG00000099940|SNAP29,6561,7032,5777,6798
ENSG00000099942|CRKL,22740,26142,19342,24012
ENSG00000099949|LZTR1,5292,5072,3876,4560
ENSG00000184436|THAP7,3193,2956,1914,2218
ENSG00000099957|P2RX6,11,22,16,10
ENSG00000099960|SLC7A4,2,0,0,0
ENSG00000187905|LRRC74B,11,15,15,15
ENSG00000128272|ATF4,36650,36038,25632,31135
ENSG00000100207|TCF20,1690,2184,1624,1823
ENSG00000128284|APOL3,54,112,76,75
ENSG00000100336|APOL4,10,4,7,14
ENSG00000099954|CECR2,40,75,76,86
ENSG00000183773|AIFM3,89,77,107,99
ENSG00000184459|BPIFC,0,0,0,0
ENSG00000100258|LMF2,2846,2515,1789,2248
ENSG00000025770|NCAPH2,5099,4482,3592,4532
ENSG00000284194|SCO2,60,65,44,95
ENSG00000025708|TYMP,75,55,28,27
ENSG00000130487|KLHDC7B,10,18,0,17
ENSG00000217442|SYCE3,0,11,3,3
ENSG00000205560|CPT1B,690,414,370,482
ENSG00000254413|CHKB-CPT1B,1137,1124,694,770
ENSG00000100288|CHKB,1528,1341,1038,1265
ENSG00000008735|MAPK8IP2,152,133,63,155
ENSG00000100299|ARSA,776,625,478,515
ENSG00000206140|TMEM191C,85,49,56,63
ENSG00000100228|RAB36,2377,2077,1478,1878
ENSG00000189060|H1-0,68151,70851,28910,37064
ENSG00000184113|CLDN5,26,15,28,12
ENSG00000184949|FAM227A,861,827,741,829
ENSG00000159496|RGL4,21,18,8,7
ENSG00000099977|DDT,1930,1617,1197,1492
ENSG00000183246|RIMBP3C,11,10,11,19
ENSG00000100249|C22orf31,0,0,0,0
ENSG00000206069|TMEM211,35,28,14,26
ENSG00000100034|PPM1F,6268,6285,4431,5233
ENSG00000100038|TOP3B,4206,3693,2850,3667
ENSG00000169575|VPREB1,0,0,0,0
ENSG00000187860|CCDC157,826,759,550,650
ENSG00000128285|MCHR1,0,6,0,0
ENSG00000197077|KIAA1671,15448,21142,11434,14545
ENSG00000177989|ODF3B,50,51,38,34
ENSG00000234965|SHISA8,6,0,0,3
ENSG00000172967|XKR3,0,0,0,0
ENSG00000100221|JOSD1,7418,7638,6271,7637
ENSG00000277117,706,855,658,768
ENSG00000154646|TMPRSS15,777,956,649,775
ENSG00000278961|SMIM34B,182,202,178,183
ENSG00000280071|GATD3B,6871,6256,4701,5957
ENSG00000277277|FAM243B,38,47,46,60
ENSG00000154639|CXADR,26389,34228,25944,32312
ENSG00000275993|SIK1B,3276,3429,2133,2907
ENSG00000156253|RWDD2B,8165,8015,6110,7388
ENSG00000186925|KRTAP19-6,0,0,0,0
ENSG00000156265|MAP3K7CL,534,435,366,409
ENSG00000184032|KRTAP20-2,0,0,0,0
ENSG00000186965|KRTAP19-2,0,0,0,0
ENSG00000183640|KRTAP8-1,0,0,0,0
ENSG00000142207|URB1,23993,27352,20708,25493
ENSG00000274559,232,221,92,121
ENSG00000232263|KRTAP25-1,0,0,0,0
ENSG00000187026|KRTAP21-2,0,0,0,0
ENSG00000154721|JAM2,129,134,178,156
ENSG00000156256|USP16,10409,11938,8950,11064
ENSG00000275464,8097,8657,6233,7836
ENSG00000156282|CLDN17,0,0,0,0
ENSG00000166265|CYYR1,51,103,41,76
ENSG00000159147|DONSON,6134,6741,5944,7359
ENSG00000186971|KRTAP13-4,0,0,0,0
ENSG00000243927|MRPS6,22256,21672,15217,18365
ENSG00000188694|KRTAP24-1,0,2,0,0
ENSG00000186930|KRTAP6-2,0,0,0,0
ENSG00000244624|KRTAP20-1,0,0,0,0
ENSG00000187005|KRTAP21-1,0,0,0,0
ENSG00000206105|KRTAP20-4,0,0,0,0
ENSG00000159131|GART,33724,38050,29823,36654
ENSG00000198743|SLC5A3,21184,36837,27522,34970
ENSG00000186970|KRTAP15-1,0,0,0,0
ENSG00000231068|KRTAP21-3,0,0,0,0
ENSG00000159259|CHAF1B,5379,6027,5233,6526
ENSG00000156304|SCAF4,15406,17672,13046,16145
ENSG00000186967|KRTAP19-4,0,0,0,0
ENSG00000186977|KRTAP19-5,0,0,0,0
ENSG00000276612,2,45,4,7
ENSG00000156261|CCT8,67802,71000,53973,66694
ENSG00000154654|NCAM2,1116,1628,1159,1425
ENSG00000240432|KRTAP13-3,0,0,0,0
ENSG00000197683|KRTAP26-1,0,0,0,0
ENSG00000198390|KRTAP13-1,0,0,0,0
ENSG00000198862|LTN1,13135,19449,15150,19109
ENSG00000142192|APP,125227,142762,98584,121605
ENSG00000171189|GRIK1,24,35,23,21
ENSG00000206102|KRTAP19-8,0,0,0,0
ENSG00000206106|KRTAP22-2,0,0,0,0
ENSG00000142188|TMEM50B,2736,2350,1758,1926
ENSG00000184351|KRTAP19-1,0,0,0,0
ENSG00000275895|U2AF1L5,14490,14252,11203,12866
ENSG00000182591|KRTAP11-1,0,0,0,0
ENSG00000212938|KRTAP6-3,0,0,0,0
ENSG00000156284|CLDN8,62,30,27,37
ENSG00000222018|FAM243A,25,28,30,37
ENSG00000244025|KRTAP19-3,0,0,0,0
ENSG00000280433,4258,4249,3284,3682
ENSG00000273590|SMIM11B,1106,1078,846,977
ENSG00000142149|HUNK,6857,7866,4425,5346
ENSG00000154642|C21orf91,10262,13940,10701,12965
ENSG00000159256|MORC3,4305,5887,4790,5810
ENSG00000159086|PAXBP1,11355,13777,10708,12516
ENSG00000205929|C21orf62,14,34,15,19
ENSG00000205726|ITSN1,24355,33309,20360,24656
ENSG00000159261|CLDN14,5,0,0,10
ENSG00000157542|KCNJ6,150,113,72,92
ENSG00000241837|ATP5PO,31755,28568,19652,24752
ENSG00000206107|KRTAP27-1,0,0,0,0
ENSG00000154645|CHODL,1532,1696,874,1088
ENSG00000182362|YBEY,2735,2562,1782,2158
ENSG00000157538|VPS26C,9930,10576,7935,9764
ENSG00000279493,5,5,2,4
ENSG00000160307|S100B,3,0,0,0
ENSG00000160294|MCM3AP,23712,26300,19377,22730
ENSG00000156273|BACH1,7266,10509,8504,10926
ENSG00000206104|KRTAP20-3,0,0,0,0
ENSG00000286224,1,1,2,1
ENSG00000186924|KRTAP22-1,0,0,0,0
ENSG00000160310|PRMT2,12551,12597,9636,11489
ENSG00000182816|KRTAP13-2,0,0,0,0
ENSG00000182670|TTC3,40154,59461,47285,59980
ENSG00000157557|ETS2,8675,9129,7035,8993
ENSG00000160305|DIP2A,6509,8337,6365,7534
ENSG00000184724|KRTAP6-1,0,0,0,0
ENSG00000142173|COL6A2,432,407,364,438
ENSG00000274749|KRTAP7-1,0,0,0,0
ENSG00000160299|PCNT,14276,17638,13254,16523
ENSG00000157551|KCNJ15,504,519,309,358
ENSG00000205758|CRYZL1,3076,2926,2059,2501
ENSG00000156239|N6AMT1,3062,3507,2464,2911
ENSG00000180530|NRIP1,10042,16319,10665,13364
ENSG00000159140|SON,67235,85671,65820,81939
ENSG00000249209,24,16,12,0
ENSG00000157554|ERG,2092,2459,1819,2052
ENSG00000154736|ADAMTS5,488,743,741,800
ENSG00000274276|CBSL,7550,7349,5758,7019
ENSG00000157617|C2CD2,1706,2147,1802,2217
ENSG00000173276|ZBTB21,2045,2865,3056,3744
ENSG00000159228|CBR1,10457,10086,7348,8560
ENSG00000159231|CBR3,136,102,99,140
ENSG00000159216|RUNX1,9692,12837,9031,11108
ENSG00000166979|EVA1C,241,178,143,145
ENSG00000159079|CFAP298,13415,13882,9188,11359
ENSG00000265590|CFAP298-TCP10L,2655,1759,1814,2297
ENSG00000242220|TCP10L,50,7,43,4
ENSG00000142168|SOD1,31766,29055,23084,27893
ENSG00000243627|SMIM34A,57,118,60,67
ENSG00000154640|BTG3,8618,9628,7431,9074
ENSG00000184900|SUMO3,32952,33957,24728,30759
ENSG00000154719|MRPL39,5936,5961,4235,5517
ENSG00000155307|SAMSN1,18,19,31,22
ENSG00000160298|C21orf58,2985,2722,2171,2312
ENSG00000205670|SMIM11A,1252,1282,1039,1123
ENSG00000159263|SIM2,1303,1469,1048,1328
ENSG00000183145|RIPPLY3,75,101,62,99
ENSG00000160208|RRP1B,14872,17857,13826,17043
ENSG00000160209|PDXK,17268,16833,12613,15956
ENSG00000160213|CSTB,9842,8995,6919,8698
ENSG00000160214|RRP1,7816,7150,5119,6114
ENSG00000160216|AGPAT3,10036,10865,8370,10467
ENSG00000288593,0,0,0,0
ENSG00000160218|TRAPPC10,11479,14587,10859,13380
ENSG00000241945|PWP2,6781,7164,5110,6489
ENSG00000157540|DYRK1A,13037,17138,11913,14534
ENSG00000141956|PRDM15,6319,7200,5270,5998
ENSG00000160199|PKNOX1,3822,4031,2537,3112
ENSG00000160200|CBS,8491,8257,6380,7678
ENSG00000160202|CRYAA,0,0,0,0
ENSG00000160201|U2AF1,13140,12930,10230,11817
ENSG00000185917|SETD4,3379,3150,2510,2957
ENSG00000159128|IFNGR2,3788,3762,2777,3554
ENSG00000177692|DNAJC28,151,241,195,186
ENSG00000173638|SLC19A1,5514,5099,3926,4511
ENSG00000182871|COL18A1,92852,87976,52250,64384
ENSG00000183844|FAM3B,5,0,0,0
ENSG00000154734|ADAMTS1,8707,10997,6854,8637
ENSG00000159055|MIS18A,6457,6100,4670,5717
ENSG00000170262|MRAP,0,8,0,5
ENSG00000160193|WDR4,2492,2759,1850,2223
ENSG00000160194|NDUFV3,10857,10986,7945,9042
ENSG00000233056|ERVH48-1,26,25,25,39
ENSG00000154727|GABPA,7034,9062,6704,8250
ENSG00000159212|CLIC6,45,46,32,75
ENSG00000185808|PIGP,2566,2318,1765,2281
ENSG00000159197|KCNE2,17,21,4,12
ENSG00000186980|KRTAP23-1,0,0,0,0
ENSG00000274391|TPTE,372,319,315,244
ENSG00000159082|SYNJ1,3531,4715,3351,4385
ENSG00000188992|LIPI,43,35,38,44
ENSG00000185272|RBM11,361,319,279,293
ENSG00000155304|HSPA13,9218,12802,10368,12881
ENSG00000183527|PSMG1,7556,7444,5684,7470
ENSG00000185658|BRWD1,8734,14040,10639,13424
ENSG00000205581|HMGN1,85641,86824,64264,77116
ENSG00000182093|GET1,4209,4113,3137,3824
ENSG00000285815|GET1-SH3BGR,0,108,0,58
ENSG00000183067|IGSF5,11,5,5,0
ENSG00000183036|PCP4,0,0,0,0
ENSG00000171587|DSCAM,0,0,0,3
ENSG00000182240|BACE2,13,13,8,0
ENSG00000183421|RIPK4,20138,21410,11700,15211
ENSG00000160179|ABCG1,258,369,173,163
ENSG00000160181|TFF2,0,0,0,0
ENSG00000160182|TFF1,0,0,0,0
ENSG00000160183|TMPRSS3,739,624,475,658
ENSG00000160185|UBASH3A,0,0,0,0
ENSG00000160188|RSPH1,874,924,544,616
ENSG00000160190|SLC37A1,9320,9313,5213,6630
ENSG00000160191|PDE9A,11832,11585,6632,7960
ENSG00000142178|SIK1,2018,2421,1515,2158
ENSG00000160207|HSF2BP,404,444,241,435
ENSG00000234289|H2BS1,261,245,103,135
ENSG00000160221|GATD3A,7999,7629,5572,7086
ENSG00000160223|ICOSLG,1635,1580,1278,1515
ENSG00000142182|DNMT3L,5,5,10,4
ENSG00000160224|AIRE,0,6,0,0
ENSG00000141959|PFKL,20479,19439,14180,17223
ENSG00000160226|CFAP410,2754,2510,1934,2184
ENSG00000160233|LRRC3,778,842,744,773
ENSG00000175894|TSPEAR,73,69,46,55
ENSG00000215455|KRTAP10-1,0,0,0,0
ENSG00000205445|KRTAP10-2,0,0,0,0
ENSG00000212935|KRTAP10-3,0,0,0,0
ENSG00000215454|KRTAP10-4,0,0,0,0
ENSG00000241123|KRTAP10-5,0,0,0,0
ENSG00000188155|KRTAP10-6,3,0,0,0
ENSG00000272804|KRTAP10-7,0,0,0,0
ENSG00000187766|KRTAP10-8,0,0,0,0
ENSG00000221837|KRTAP10-9,0,0,0,0
ENSG00000221859|KRTAP10-10,0,0,0,0
ENSG00000243489|KRTAP10-11,0,0,0,0
ENSG00000212933|KRTAP12-4,0,0,0,0
ENSG00000205439|KRTAP12-3,0,0,0,0
ENSG00000221864|KRTAP12-2,0,0,0,0
ENSG00000187175|KRTAP12-1,0,0,0,0
ENSG00000189169|KRTAP10-12,0,0,0,0
ENSG00000184787|UBE2G2,42299,43856,33869,40242
ENSG00000160255|ITGB2,50,32,16,48
ENSG00000183255|PTTG1IP,50677,51995,36722,45589
ENSG00000160256|FAM207A,4933,5008,3431,4298
ENSG00000186866|POFUT2,10495,10187,7252,8689
ENSG00000183570|PCBP3,6,15,4,3
ENSG00000184012|TMPRSS2,209,206,171,164
ENSG00000157601|MX1,1021,907,878,1066
ENSG00000183486|MX2,1501,1597,1255,1497
ENSG00000157578|LCA5L,482,531,387,532
ENSG00000154723|ATP5PF,25609,23291,16123,20216
ENSG00000160284|SPATC1L,1255,951,707,902
ENSG00000160285|LSS,8658,8658,6504,7993
ENSG00000160282|FTCD,29,36,49,29
ENSG00000159267|HLCS,8114,9444,6424,7578
ENSG00000197381|ADARB1,2570,2716,2360,2671
ENSG00000244362|KRTAP19-7,0,0,0,0
ENSG00000183778|B3GALT5,22,12,20,12
ENSG00000180509|KCNE1,1335,1391,740,828
ENSG00000142156|COL6A1,725,643,461,570
ENSG00000205927|OLIG2,0,0,0,0
ENSG00000184221|OLIG1,0,0,0,0
ENSG00000159110|IFNAR2,4744,5221,3620,4445
ENSG00000249624,20,95,3,859
ENSG00000243646|IL10RB,9901,10041,5766,6758
ENSG00000142166|IFNAR1,16990,19793,14525,18643
ENSG00000160180|TFF3,0,0,3,4
ENSG00000142185|TRPM2,3933,3848,2958,3496
ENSG00000185437|SH3BGR,977,824,690,682
ENSG00000166351|POTED,0,0,0,0
ENSG00000177398|UMODL1,0,6,0,6
ENSG00000276289|KCNE1B,2075,2101,1133,1320
ENSG00000288711,0,0,1,2
ENSG00000159200|RCAN1,4448,5437,3538,4207
ENSG00000142197|DOP1B,1328,1519,1240,1648
ENSG00000155313|USP25,26742,35028,22844,28080
ENSG00000276076|CRYAA2,22,14,15,16
ENSG00000156299|TIAM1,4098,5331,4092,5041
ENSG00000198888|MT-ND1,1001361,908092,636137,795411
ENSG00000198763|MT-ND2,813875,769656,555111,678764
ENSG00000198804|MT-CO1,2812238,2706934,1855470,2379474
ENSG00000198712|MT-CO2,1014444,881044,650578,784964
ENSG00000228253|MT-ATP8,285686,278351,213530,243607
ENSG00000198899|MT-ATP6,1082513,1021607,740937,878923
ENSG00000198938|MT-CO3,1237947,1173967,822608,981538
ENSG00000198840|MT-ND3,155344,135981,98896,124050
ENSG00000212907|MT-ND4L,281770,265702,199188,219779
ENSG00000198886|MT-ND4,2052931,1868368,1360681,1519970
ENSG00000198786|MT-ND5,820891,790901,562068,713479
ENSG00000198695|MT-ND6,280599,251665,184744,216750
ENSG00000198727|MT-CYB,978533,941707,668254,775516
